0 0.305556 0.141049 0.199346 0.097649
0 0.301471 0.236890 0.197712 0.126582
0 0.309641 0.331826 0.217320 0.121157
0 0.294118 0.415009 0.189542 0.106691
0 0.706699 0.200723 0.204248 0.115732
0 0.688725 0.299277 0.174837 0.153707
0 0.576797 0.368897 0.101307 0.155515
0 0.691176 0.398734 0.228758 0.128391
0 0.355392 0.632911 0.227124 0.130199
0 0.190359 0.721519 0.191176 0.148282
0 0.160131 0.811935 0.199346 0.119349
0 0.343137 0.735081 0.212418 0.124774
0 0.343954 0.820072 0.223856 0.128391
0 0.483660 0.789331 0.104575 0.186257
0 0.754902 0.612116 0.199346 0.139241
0 0.767157 0.714286 0.200980 0.162749
0 0.768791 0.808318 0.217320 0.122966
0 0.892157 0.777577 0.091503 0.141049
