0 0.422500 0.228750 0.223333 0.375000
0 0.506667 0.351875 0.116667 0.271250
0 0.294167 0.783125 0.266667 0.278750
0 0.541250 0.820625 0.197500 0.228750
0 0.209167 0.476875 0.200000 0.171250
0 0.149583 0.620625 0.205833 0.233750
0 0.550417 0.667500 0.204167 0.185000
0 0.388333 0.495625 0.200000 0.208750
0 0.639167 0.221875 0.215000 0.206250
0 0.651667 0.351875 0.190000 0.171250
0 0.801667 0.509375 0.176667 0.118750
0 0.829583 0.608125 0.279167 0.108750
0 0.785833 0.722500 0.250000 0.187500
0 0.787083 0.819375 0.339167 0.143750
0 0.791250 0.400625 0.164167 0.193750
