0 0.10980902115503949 0.530864194587425 0.17691662145990955 0.5349249556453716 0.18559876832112832 0.7201614545670955 0.12135106436863688 0.7217050685040709
0 0.029079854488372817 0.8479938242170546 0.04668481597755726 1 0 0.9995598875487729 0 0.84828331921321
0 0.029079854488372817 0.8456790094022397 0.005010638223204548 0.6321741175792767 0.0006695846643916277 0.6321741175792767 0.001537803324872818 0.8390214942671237
0 0.1775173544883728 0.5401234538466843 0.2776292309474596 0.5395558681184149 0.2863113380650855 0.726335980977114 0.18386233100016605 0.7247923670401387
0 0.2758927936264973 0.5395558681184149 0.3774736019027321 0.5395558681184149 0.3826828741220261 0.7186177699680032 0.28717957659736315 0.7217050685040709
0 0.3786892294883728 0.5354938242170546 0.47818625113387514 0.5364685695823473 0.4799226487112444 0.7170741560310279 0.38441935118658144 0.7217050685040709
0 0.11762152115503949 0.7229938242170546 0.21424976552724587 0.7232486824410463 0.22640470754320344 0.8930488300066651 0.13090141001854036 0.8930488300066651
0 0.21598616310461527 0.7232486824410463 0.3132259376938336 0.7201614545670956 0.3227762436001441 0.8899615314705978 0.22380007143355637 0.8930488300066654
0 0.3129340211550395 0.7160493797726102 0.4122021098604213 0.7201614545670955 0.4156749845023461 0.8899615314705978 0.32103984602277486 0.8899615314705978
0 0.4112413128217061 0.7160493797726102 0.47818625113387514 0.7155305420940524 0.4790544101789668 0.8853306189975544 0.415674984502346 0.8868743035966469
0 0.13064235448837283 0.8919753056985361 0.18993980200814473 0.8930488300066651 0.19601731275971657 1 0.13697888102651917 0.9980162029496809
0 0.19639756282170615 0.8919753056985361 0.2906524114956948 0.8930488300066655 0.29759812103595124 1 0.2038312210886577 1
0 0.2921006878217061 0.8896604908837212 0.3852875102316731 0.8899615314705978 0.39136502098324494 1 0.29586168371498894 0.9995598875487731
0 0.3851996461550395 0.8896604908837212 0.47644977406931965 0.8853306189975544 0.48165904628861383 1 0.388760384873598 0.9995598875487729
0 0.5342881878217062 0.6373456760689065 0.5372246431234795 0.45156853113059636 0.6032087843969334 0.45156853113059636 0.6006041482872864 0.6352613454532278
0 0.6006041482872864 0.6506977674714491 0.6040769434420252 0.45928667147759056 0.704789592673168 0.4546557590045473 0.699580320453874 0.6476104689353815
0 0.6987120819215965 0.646066854998406 0.7047895926731681 0.4561994436036394 0.8098431961041417 0.45002484653150426 0.7994246516655534 0.6383486439892953
0 0.8005642294883728 0.6408178982911287 0.8107114346364194 0.45002484653150415 0.912292242912654 0.44385032012148556 0.9001373008966964 0.6337177315162522
0 0.5354882455461102 0.6460668549984061 0.6327279406481426 0.6506977674714491 0.6301233045384954 0.8143233179649327 0.5354882455461102 0.8143233179649327
0 0.6325954794883728 0.6535493797726102 0.7325723513470078 0.6522413814084247 0.7273630791277139 0.811236019428865 0.630991543070773 0.8127797040279572
0 0.7348090211550394 0.6500771575503879 0.8315485235135955 0.6445231703993138 0.8211299790750074 0.8050614930188464 0.727363079127714 0.8066051069558219
0 0.8311631878217062 0.6419753056985361 0.8975326647870492 0.6352613454532278 0.8827730071742589 0.7957996680727603 0.8219982176072852 0.8050614930188464
0 0.5336371461550394 0.8167438242170546 0.5953948760679921 0.8235851429110191 0.5953948760679922 0.9733179559853734 0.5294107347945384 0.96868704351233
0 0.5971312736453617 0.8158669319019084 0.6908981735926553 0.8143233179649328 0.688293537483008 0.9764053251835574 0.5945266375357144 0.9764053251835574
0 0.6898871461550394 0.8109567871800175 0.7855333120722264 0.8050614930188464 0.7820604374303018 0.971774412710514 0.6856889013733609 0.9764053251835574
0 0.7836371461550394 0.8040123427355731 0.881904848129167 0.7973432820097358 0.8697498266260235 0.957881675291385 0.7803240398529324 0.9655998156383792
0 0.9561631878217062 0.9290123427355731 0.988694928624696 0.67539594377364 1 0.6784832423097075 0.9991134730632841 0.9347271129261695