0 0.12586805555555552 0.37191358024691357 0.13541666666666666 0.220679012345679 0.24999999999999997 0.2268518518518518 0.24305555555555552 0.37654320987654316
0 0.125 0.3734567901234567 0.13454861111111113 0.2237654320987654 0 0.21913580246913578 1.4802973661668754e-17 0.368827160493827
0 0.1241319444444444 0.37191358024691357 0.2421875 0.37191358024691357 0.234375 0.5462962962962963 0.1111111111111111 0.5509259259259259
0 0.12586805555555552 0.37345679012345673 0.11197916666666666 0.5432098765432098 0 0.5416666666666666 0 0.3657407407407408
0 0.11111111111111108 0.5447530864197531 0.10677083333333333 0.6867283950617283 0 0.683641975308642 0 0.5416666666666667
0 0.11197916666666664 0.5432098765432098 0.23177083333333334 0.5478395061728396 0.2274305555555555 0.6697530864197531 0.10503472222222224 0.6790123456790124
0 0.7664930555555555 0.3364197530864197 0.7586805555555555 0.18672839506172836 0.8428819444444444 0.1805555555555555 0.853298611111111 0.3395061728395061
0 0.8541666666666665 0.3395061728395061 0.8428819444444443 0.18209876543209877 0.9288194444444444 0.17438271604938274 0.9401041666666665 0.3333333333333333
0 0.9418402777777776 0.33487654320987653 0.9296875 0.1712962962962963 1 0.17438271604938269 1 0.33796296296296297
0 0.7769097222222222 0.4891975308641975 0.767361111111111 0.3333333333333333 0.853298611111111 0.3333333333333334 0.865451388888889 0.4922839506172839
0 0.8645833333333335 0.49228395061728414 0.8541666666666666 0.3333333333333334 0.9409722222222224 0.3364197530864198 0.954861111111111 0.49537037037037035
0 0.9565972222222221 0.49691358024691357 0.9409722222222224 0.33333333333333337 1 0.3348765432098766 1 0.49537037037037035
0 0.7769097222222221 0.49537037037037024 0.8663194444444444 0.49691358024691357 0.8758680555555556 0.66820987654321 0.7873263888888888 0.6712962962962962
0 0.8671874999999999 0.49537037037037024 0.9557291666666667 0.49537037037037035 0.9704861111111112 0.6728395061728395 0.8750000000000001 0.6712962962962962
0 0.9539930555555557 0.4922839506172839 1 0.49537037037037035 0.9973958333333335 0.6712962962962963 0.9696180555555557 0.6712962962962963
0 0.2964037790723192 0.3502091289999418 0.30006308498679224 0.31551348773678967 0.3116508870492903 0.2678069809999555 0.3683701287236229 0.2678069809999555 0.36715036008546525 0.3567145617367828
0 0.36593059144730755 0.35563032294730934 0.3695898973617806 0.2613015482631144 0.4354574038222961 0.2656385034210084 0.43972659405584796 0.3241873980525777 0.4391167097367691 0.3599672781052033
0 0.43972659405584785 0.35671456173678284 0.43972659405584796 0.3165977265262631 0.44765509020387295 0.266722742210482 0.5074237534735998 0.2699754585789025 0.5080336377926787 0.3545460841578358
0 0.5080336377926787 0.35020912899994183 0.5080336377926787 0.266722742210482 0.5702418383387209 0.2613015482631144 0.5732912599341152 0.3534618453683623
0 0.573901144253194 0.3512933677894153 0.5702418383387209 0.258048831894694 0.6318401545656844 0.2634700258420615 0.6446477252663402 0.32418739805257774 0.6470872625426556 0.34695641263152127
0 0.29030493588153067 0.44887485884203066 0.29335435747692495 0.41201073999993143 0.3055520438585018 0.3545460841578358 0.36471082280914996 0.35996727810520324 0.3634910541709922 0.44995909763150405
0 0.3628811698519134 0.4499590976315041 0.36471082280914985 0.36105151689467674 0.4293585606315075 0.3610515168946768 0.4360672881413749 0.41526345636835205 0.43484751950321715 0.44887485884203066
0 0.43484751950321715 0.45212757521045116 0.4366771724604537 0.4098422624209845 0.44826497452295183 0.35996727810520324 0.4976656043683383 0.36105151689467674 0.5055941005163633 0.41634769515782544 0.5062039848354422 0.4553802915788717
0 0.5074237534735999 0.4532118139999247 0.5080336377926787 0.4098422624209844 0.5196214398551767 0.3588830393157298 0.573901144253194 0.35996727810520324 0.5775604501676671 0.4532118139999246
0 0.5775604501676671 0.4521275752104511 0.5757307972104305 0.3567145617367828 0.6428180723091036 0.35671456173678284 0.6483070311808132 0.4467063812630836
0 0.29030493588153067 0.5497090662630665 0.2939642417960037 0.5041710371051794 0.3055520438585018 0.4521275752104511 0.3634910541709922 0.45104333642097766 0.3628811698519134 0.5583829765788546
0 0.3628811698519133 0.5562144989999075 0.3647108228091499 0.45104333642097766 0.435457403822296 0.45538029157887167 0.43545740382229603 0.552961782631487
0 0.4360672881413749 0.552961782631487 0.4360672881413749 0.4542960527893981 0.5062039848354422 0.45754876915781867 0.5098632907499152 0.5193503801578083 0.510473175068994 0.557298737789381
0 0.511083059388073 0.5562144989999075 0.5116929437071517 0.5117607086314939 0.5190115555360979 0.45538029157887167 0.5714616069768788 0.45754876915781867 0.5806098717630613 0.5139291862104408 0.5812197560821403 0.552961782631487
0 0.5824395247202979 0.5518775438420136 0.5824395247202979 0.5030867983157058 0.5885383679110864 0.4521275752104511 0.6434279566281825 0.4532118139999248 0.6501366841380498 0.5095922310525468 0.6519663370952863 0.5540460214209605
0 0.2854258613288999 0.6559644676314699 0.284815977009821 0.6169318712104237 0.2982334320295557 0.5540460214209606 0.3580020952992825 0.5605514541578015 0.3616614012137557 0.6212688263683177 0.36105151689467685 0.6635541391577846
0 0.36288116985191343 0.6603014227893639 0.3622712855328345 0.6147633936314767 0.37446897191441136 0.557298737789381 0.42691902335519216 0.5572987377893811 0.43545740382229603 0.6136791548420032 0.43484751950321715 0.6592171839998905
0 0.43850682541769026 0.6559644676314699 0.43789694109861144 0.6115106772630563 0.4476550902038729 0.5616356929472751 0.5049842161972845 0.5627199317367485 0.5129127123453094 0.6223530651577912 0.5110830593880729 0.662469900368311
0 0.5135225966643884 0.6603014227893638 0.5116929437071518 0.6147633936314767 0.522670861450571 0.5529617826314869 0.5763406815295095 0.5551302602104339 0.5891482522301652 0.6136791548420031 0.5885383679110864 0.6581329452104168
0 0.5885383679110864 0.6581329452104169 0.590368020868323 0.6082579608946356 0.5934174424637171 0.555130260210434 0.6501366841380497 0.5572987377893811 0.6598948332433113 0.6136791548420033 0.6617244862005478 0.651627512473576
0 0.28481597700982114 0.7567986750525058 0.28481597700982103 0.7210187949998801 0.2976235477104769 0.6613856615788374 0.3531230207466518 0.6657226167367314 0.3647108228091499 0.7177660786314596 0.36349105417099214 0.7611356302103996
0 0.3616614012137557 0.7589671526314528 0.3647108228091499 0.7145133622630391 0.37385908759533254 0.6635541391577844 0.42874867631242874 0.6657226167367314 0.43728705677953256 0.7112606458946186 0.43545740382229603 0.7643883465788203
0 0.43545740382229603 0.7611356302103996 0.4360672881413749 0.7123448846840922 0.451314396118346 0.6603014227893639 0.5037644475591267 0.6603014227893639 0.5159621339407037 0.7177660786314595 0.5153522496216248 0.7719780181051348
0 0.514742365302546 0.7643883465788203 0.5153522496216248 0.7145133622630391 0.5293795889604384 0.6613856615788373 0.5842691776775344 0.6613856615788374 0.5940273267827959 0.7080079295261981 0.5970767483781902 0.7600513914209263
0 0.5970767483781902 0.7535459586840852 0.5940273267827959 0.6603014227893639 0.6556256430097595 0.6581329452104169 0.6678233293913363 0.7177660786314596 0.6702628666676517 0.7502932423156646