0 0.045138888888888874 0.30092592592592593 0.0564236111111111 0.12654320987654322 0 0.125 0 0.2962962962962963
0 0.04427083333333333 0.30092592592592593 0.057291666666666664 0.12345679012345682 0.14930555555555552 0.12500000000000006 0.1397569444444444 0.29938271604938277
0 0.13975694444444445 0.2962962962962962 0.1484375 0.12499999999999994 0.21354166666666666 0.12654320987654316 0.203125 0.30092592592592593
0 0.01041666666666666 0.2962962962962963 0.1076388888888889 0.2962962962962963 0.09635416666666667 0.48148148148148145 0 0.4830246913580248 1.4802973661668754e-17 0.4012345679012347
0 0.109375 0.2978395061728395 0.20659722222222218 0.29629629629629634 0.19618055555555555 0.48302469135802467 0.0954861111111111 0.4830246913580248
0 0.008680555555555544 0.6867283950617283 0.024305555555555542 0.4799382716049383 0.12673611111111108 0.48148148148148157 0.11458333333333331 0.6805555555555557
0 0.1145833333333333 0.6790123456790123 0.12847222222222227 0.48148148148148145 0.1961805555555556 0.4799382716049382 0.18402777777777776 0.6728395061728395
0 0.024305555555555542 0.48302469135802467 0.009548611111111108 0.6882716049382714 0 0.6882716049382716 0 0.4799382716049383
0 0.2890625 0.6836419753086419 0.29513888888888895 0.5046296296296298 0.3854166666666667 0.507716049382716 0.3810763888888889 0.6898148148148148
0 0.3810763888888889 0.6882716049382716 0.38628472222222215 0.5092592592592593 0.4730902777777778 0.5108024691358024 0.4722222222222222 0.6851851851851852
0 0.4730902777777778 0.6867283950617283 0.47309027777777773 0.507716049382716 0.5633680555555557 0.5092592592592593 0.5642361111111112 0.6820987654320987
0 0.564236111111111 0.6805555555555556 0.5633680555555555 0.5061728395061728 0.650173611111111 0.5046296296296297 0.654513888888889 0.6774691358024691
0 0.3003472222222222 0.5046296296296297 0.30642361111111105 0.3456790123456791 0.39236111111111105 0.3472222222222222 0.38715277777777773 0.5108024691358024
0 0.38715277777777773 0.5123456790123456 0.392361111111111 0.34876543209876537 0.4756944444444445 0.3472222222222223 0.4748263888888888 0.5123456790123456
0 0.4748263888888889 0.5108024691358025 0.4748263888888889 0.34413580246913583 0.5633680555555556 0.3425925925925926 0.5642361111111112 0.5092592592592593
0 0.5633680555555555 0.5108024691358024 0.5633680555555556 0.34567901234567905 0.6467013888888891 0.3425925925925926 0.650173611111111 0.5061728395061726
0 0.30902777777777773 0.3472222222222222 0.3151041666666667 0.20061728395061726 0.3949652777777778 0.20061728395061731 0.39236111111111105 0.3503086419753087
0 0.3914930555555555 0.34876543209876537 0.39409722222222227 0.19907407407407401 0.4774305555555555 0.19444444444444445 0.4756944444444445 0.34876543209876537
0 0.4756944444444445 0.34567901234567905 0.4774305555555556 0.19290123456790123 0.5633680555555556 0.19135802469135804 0.5642361111111112 0.3425925925925926
0 0.5642361111111112 0.3395061728395061 0.5651041666666665 0.1959876543209876 0.6414930555555556 0.19598765432098766 0.646701388888889 0.3425925925925926
0 0.7056361571742247 0.6581329452104169 0.7684542420393458 0.6581329452104169 0.7727234322728977 0.7589671526314528 0.7068559258123824 0.7611356302103998
0 0.7660147047630306 0.6559644676314699 0.8245635993945998 0.6570487064209434 0.8288327896281517 0.7535459586840851 0.772113547953819 0.7557144362630323
0 0.8233438307564421 0.6570487064209435 0.8757938821972228 0.6570487064209435 0.8806729567498536 0.7546301974735589 0.8270031366709152 0.7546301974735589
0 0.6537959900525229 0.6537959900525229 0.7044163885360673 0.6570487064209434 0.7062460414933036 0.7611356302103996 0.6775814784965978 0.7611356302103998 0.673312288263046 0.6841546761577809 0.6537959900525229 0.6798177209998869
0 0.8184647562038113 0.5562144989999076 0.8739642292399863 0.5594672153683281 0.875183997878144 0.6592171839998905 0.8227339464373633 0.6548802288419964
0 0.7599158615722421 0.5540460214209605 0.8172449875656536 0.5551302602104339 0.823343830756442 0.65596446763147 0.7654048204439517 0.6592171839998905
0 0.6989274296643575 0.552961782631487 0.760525745891321 0.5540460214209605 0.7660147047630305 0.6592171839998905 0.704416388536067 0.6559644676314699
0 0.6922187021544902 0.5562144989999076 0.6970977767071209 0.6537959900525229 0.6550157586906806 0.65596446763147 0.6513564527762076 0.5518775438420136
0 0.6507465684571286 0.4586330079472921 0.7123448846840922 0.4586330079472921 0.716614074917644 0.5540460214209605 0.6519663370952863 0.5529617826314871
0 0.7123448846840922 0.4586330079472921 0.7867507716117114 0.4597172467367657 0.7928496148024997 0.5540460214209605 0.7147844219604075 0.5518775438420136
0 0.7867507716117114 0.4586330079472921 0.8574973526248574 0.45971724673676573 0.8660357330919614 0.5594672153683281 0.7940693834406574 0.555130260210434