0 0.01280381282170615 0.5169753056985361 0.21338152699496815 0.5256631306992855 0.20383122108865767 0.670765031300597 0.0006695846643916277 0.6676777327645294 0.0006695846643916277 0.6476104689353815
0 0.21137152115503946 0.5285493797726102 0.4122021098604213 0.5287503585732367 0.41220210986042133 0.6738523298366644 0.20209478376769532 0.6769395577106158
0 0.21164512941759886 0.5287503585732367 0.22119543532390937 0.3929102829180116 0.4165431435474377 0.3959975814540791 0.41307034839269896 0.5287503585732367
0 0.01085068782170615 0.5192901205133509 0.02584772710038091 0.3882793704449685 0.21859079921426228 0.3944538968549871 0.2116451294175988 0.5302940431723285
0 0.023220479488372817 0.3873456760689064 0.0362662715389691 0.25243925945868506 0.22553650875451872 0.26015743513673745 0.22032723653522454 0.3929102829180116
0 0.2194590377465399 0.3882793704449685 0.22553650875451872 0.2617010844047712 0.4182796206119931 0.2617010844047712 0.4148067459700684 0.39445389685498705
0 0.03624131282170615 0.255401231624462 0.048421253298519616 0.12894827195455547 0.22987758218512816 0.1289482719545554 0.22466830996583403 0.2617010844047712
0 0.22374131282170615 0.261188268661499 0.23161397976249753 0.12586097341848781 0.41654314354743777 0.13049188589153096 0.4139385074377906 0.258613821199762
0 0.04470485448837282 0.13040123162446202 0.05536696283877608 0.02089363580653059 0.23508685440442223 0.010088161592410584 0.2298775821851282 0.13357918442759847
0 0.22699652115503946 0.12692900940223978 0.23508685440442226 0.010088161592410584 0.41654314354743766 0.013175442462949018 0.4156749845023459 0.13203553515956473
0 0.4516058961550395 0.3317901205133509 0.45387628761477405 0.1366664476326078 0.6327279406481426 0.12431735948151228 0.6362008152900672 0.32344659582236523
0 0.6306423544883728 0.12345678718001757 0.721285568376142 0.12431735948151228 0.7290994767050832 0.32499020975934056 0.6353325767577895 0.32344659582236523
0 0.7250433961550394 0.3202160464392768 0.7195491707987727 0.12123006094544474 0.8107114346364193 0.11659914847240169 0.8228663766523768 0.3234465958223653
0 0.4503038128217061 0.32947530569853606 0.5424339153427735 0.32807750829540827 0.5450385514524206 0.5503613070014766 0.44779877686320224 0.5488176930645009
0 0.5441703129201431 0.5441867805914581 0.5415656768104959 0.32499020975934056 0.6379372128674367 0.32035929728629753 0.6440147236190084 0.5457303945284334
0 0.6431464850867309 0.5457303945284335 0.6379372128674365 0.3219029465543314 0.8237346151846545 0.32344659582236523 0.8402306703748145 0.544186780591458
0 0.4509548544883728 0.5447530834763138 0.6457511211963777 0.5441867805914581 0.6544332680575965 0.781906930653631 0.4495352539277576 0.7865378431266742
0 0.6456163128217062 0.5447530834763138 0.7455955318952431 0.5410994820553904 0.7568823148661089 0.7772760181805879 0.6509603934156718 0.7772760181805879
0 0.7432725628217062 0.5401234538466843 0.8428353064844614 0.5410994820553904 0.8567266460777885 0.7772760181805878 0.7560140763338314 0.7772760181805879