0 0.07725694444444443 0.9104938271604939 0.06770833333333331 0.8101851851851853 0 0.8132716049382718 0 0.9089506172839507
0 0.07638888888888887 0.9089506172839505 0.0659722222222222 0.8117283950617284 0.11111111111111108 0.808641975308642 0.11892361111111113 0.904320987654321
0 0.11805555555555554 0.9074074074074073 0.11024305555555555 0.808641975308642 0.1553819444444444 0.8055555555555557 0.1623263888888889 0.9058641975308641
0 0.1736111111111111 0.9074074074074073 0.16666666666666666 0.8024691358024693 0.2508680555555555 0.7947530864197532 0.25607638888888895 0.9012345679012346
0 0.03559027777777776 0.9166666666666665 0.044270833333333336 1 0.0017361111111111234 1 0 0.9876543209876544 0 0.91820987654321
0 0.03559027777777776 0.9182098765432098 0.07899305555555555 0.9182098765432098 0.0859375 1 0.044270833333333336 1
0 0.07899305555555554 0.9182098765432098 0.24317545642501906 0.9008736025462403 0.24770667610995725 1 0.08458276745218057 1
0 0.13669179382897034 0.7411061529143438 0.12687415117827078 0.6283291296447697 0.2152329350345665 0.633699464086178 0.22202976456197393 0.7518468217971603
1 0.05286422965761283 0.6243013788137135 0.04606740013020545 0.5424037785822371 0.1691655349043611 0.539718611361533 0.1510406561646081 0.575968368841039 0.15330626600707725 0.6001348738273762 0.13744699710979338 0.6202736279826573
0 0.23637862689761172 0.7155970643176544 0.2288265940893813 0.5867090377238555 0.4531219684938243 0.5746257852306869 0.4538771717746473 0.7048563954348378
0 0.25223789579489553 0.8203185859251161 0.24544106626748813 0.7088841462658939 0.39497131587045015 0.7061989790451898 0.39723692571291924 0.8136056678733556
0 0.39723692571291924 0.8162908350940599 0.3942161125896272 0.7021712282141337 0.6124698607474859 0.6927731429416691 0.6094490476241938 0.8082353334319472
0 0.25223789579489553 0.8270315039768764 0.4644500177061699 0.8176334187044118 0.46520522098699296 0.9290678583636338 0.2567691154798338 0.9371233600257461
0 0.4667156275486391 0.8136056678733558 0.6079386410625476 0.8095779170422994 0.6064282345009014 0.916984605870465 0.46596042426781603 0.9250401075325777
0 0.25903472532230293 0.9384659436360984 0.4032785519595036 0.9304104419739858 0.4062993650827958 1 0.2635659450072412 1
0 0.4062993650827958 0.9304104419739859 0.6154906738707779 0.9210123567015214 0.6170010804324242 1 0.40932017820608796 1
0 0.27413879093876375 0.5880516213342075 0.27111797781547153 0.5625425327375182 0.25978992860312594 0.5638851163478703 0.2673419614113563 0.46990426362322524 0.49465814893909155 0.4430525914161837 0.5097622145555523 0.5343482769201245 0.4976789620623837 0.5343482769201245 0.49843416534320667 0.5705980343996305
0 0.49767896206238377 0.5732832016203347 0.4976789620623837 0.538376027751181 0.5105174178363753 0.5356908605304768 0.4976789620623837 0.4672190964025211 0.5792409163912721 0.465876512792169 0.5747096967063338 0.5665702835685744
0 0.4742676603568695 0.3504143223018908 0.5716888835830416 0.34907173869153874 0.5701784770213956 0.4457377586368879 0.4961685555007376 0.44573775863688797 0.5671576638981033 0.4175435028194944 0.5399703457884739 0.3678679092364677 0.4795540833226307 0.39203441422280505