0 0.30121527777777773 0.9259259259259259 0.2977430555555555 0.7731481481481483 0.3315972222222222 0.7824074074074074 0.33246527777777773 0.9290123456790125
0 0.2491319444444445 0.8996913580246912 0.24392361111111113 0.7608024691358024 0.2725694444444444 0.7484567901234568 0.28125 0.8858024691358023
0 0.04861111111111109 0.8271604938271604 0.0642361111111111 0.9969135802469137 0 1 0 0.8256172839506173
0 0.5390624999999999 0.765432098765432 0.6918402777777778 0.7669753086419753 0.6831597222222222 0.978395061728395 0.5364583333333334 0.978395061728395
0 0.6840277777777776 0.9691358024691357 0.689236111111111 0.7546296296296295 0.8706597222222222 0.7592592592592594 0.8559027777777778 0.9675925925925928
0 0.5434027777777778 0.6450617283950617 0.545138888888889 0.44598765432098775 0.703125 0.4475308641975308 0.701388888888889 0.5617283950617283 0.6640625 0.5601851851851851 0.6631944444444444 0.6404320987654321
0 0.7022569444444443 0.5632716049382716 0.7057291666666666 0.45679012345679015 0.8428819444444444 0.455246913580247 0.8376736111111112 0.6064814814814815 0.8255208333333335 0.5679012345679013
0 0.8550347222222222 0.44598765432098775 0.9210069444444445 0.4444444444444444 0.9114583333333334 0.574074074074074 0.8463541666666666 0.5740740740740741
0 0.9626736111111109 0.6296296296296295 0.9765625 0.4861111111111111 1 0.48919753086419754 0.9991319444444445 0.6296296296296297
0 0.9296874999999999 0.8719135802469135 0.9427083333333333 0.7191358024691358 1 0.719135802469136 0.9991319444444444 0.8750000000000002
0 0.9253472222222224 0.9938271604938274 0.9366319444444443 0.8765432098765431 1 0.8750000000000002 1 1
1 0.1268239548211084 0.6033188751085842 0.12381627209807819 0.5302433245045902 0.1869776092817132 0.529352159253322 0.1889827310970667 0.597971883600975
1 0.31229772274130646 0.5088553584741531 0.34488095224080073 0.5195493414893717 0.343878391333124 0.5516312905350276 0.3112951618336297 0.5382638117660042
1 0.276706810518782 0.6149040233750711 0.27520296915726683 0.573910421816733 0.32182205136423564 0.5765839175705377 0.3228246122719123 0.6193598496314122
1 0.3303438190794879 0.6202510148826803 0.3283386972641344 0.578366248073074 0.37746418174029495 0.5774750828218059 0.3779654621941334 0.6193598496314122
1 0.3804718644633252 0.6175775191288757 0.37846674264797175 0.5748015870680012 0.42959734893948576 0.5730192565654648 0.42959734893948576 0.6166863538776075
1 0.2285838869502982 0.6122305276212665 0.27470168870342854 0.6175775191288757 0.2736991277957518 0.6639181121948231 0.23159156967332842 0.6576799554359455
1 0.2887375414109029 0.6157951886263392 0.3398681477024171 0.6211421801339487 0.34036942815625537 0.6621357816922867 0.29174522413393317 0.6621357816922867
1 0.3433771108792856 0.6193598496314122 0.39300387580928464 0.6211421801339487 0.3935051562631229 0.6576799554359455 0.34588351314847743 0.6603534511897503
1 0.3930038758092846 0.6166863538776075 0.4285947880318091 0.618468684380144 0.42909606848564746 0.6630269469435549 0.39200131490160783 0.659462285938482
1 0.2386094960270656 0.6630269469435549 0.2721952864342366 0.6657004426973596 0.2721952864342366 0.7013470527480883 0.25866071418060055 0.6986735569942837 0.24763254419615638 0.6870884087277969 0.23860949602706563 0.6968912264917472
1 0.28171961505716575 0.6603534511897503 0.3283386972641344 0.6630269469435549 0.32984253862564955 0.6986735569942837 0.28171961505716575 0.7004558874968202
1 0.3298425386256495 0.6977823917430155 0.3283386972641344 0.6621357816922867 0.37796546219413335 0.659462285938482 0.37946930355564845 0.6977823917430155
1 0.3789680231018101 0.6960000612404791 0.37846674264797175 0.6585711206872139 0.4270909466702939 0.6603534511897503 0.4270909466702939 0.6977823917430155