0 0.032118055555555546 0.9552469135802468 0.02690972222222221 0.9135802469135803 0 0.9135802469135802 0 0.9552469135802469
0 0.04079861111111109 0.9521604938271604 0.04340277777777777 0.9969135802469137 0 0.9953703703703703 0.0008680555555555506 0.9552469135802469
0 0.08246527777777776 0.898148148148148 0.21701388888888887 0.9027777777777778 0.22135416666666666 1 0.09201388888888892 1
0 0.21614583333333331 0.9027777777777777 0.4123263888888889 0.9012345679012347 0.4140625 1 0.2230902777777778 1
0 0.12760416666666663 0.7731481481481481 0.2612847222222222 0.7731481481481483 0.2682291666666667 0.8827160493827162 0.13888888888888887 0.8873456790123458
0 0.18836805555555552 0.7561728395061728 0.1831597222222222 0.7037037037037038 0.24826388888888887 0.691358024691358 0.2534722222222222 0.7438271604938271
0 0.5581597222222221 0.8040123456790123 0.5581597222222222 0.6296296296296297 0.6831597222222222 0.6157407407407406 0.6788194444444444 0.7901234567901235
0 0.5451388888888888 0.8317901234567902 0.6649305555555556 0.8302469135802469 0.6597222222222222 0.9984567901234569 0.5434027777777779 1
0 0.6605902777777776 0.9891975308641975 0.6649305555555556 0.8209876543209877 0.7821180555555556 0.8132716049382717 0.771701388888889 0.9830246913580247
0 0.7430555555555556 0.7160493827160493 0.8411458333333334 0.7098765432098765 0.8324652777777778 0.8688271604938272 0.7777777777777778 0.8672839506172839 0.7821180555555556 0.8148148148148147
0 0.6814236111111109 0.6373456790123456 0.7213541666666666 0.6419753086419754 0.7170138888888891 0.7222222222222222 0.6805555555555556 0.7145061728395061
1 0.7664930555555555 0.5262345679012345 0.8211805555555556 0.5262345679012345 0.8133680555555555 0.6589506172839505 0.763888888888889 0.5848765432098765
1 0.8281249999999999 0.5339506172839505 0.8836805555555556 0.5339506172839505 0.8715277777777778 0.6975308641975307 0.837673611111111 0.6975308641975309 0.8211805555555556 0.6743827160493826
1 0.8862847222222221 0.5339506172839505 0.9409722222222224 0.5339506172839505 0.9288194444444444 0.6975308641975307 0.876736111111111 0.6944444444444444
1 0.9435763888888888 0.5339506172839505 1 0.5370370370370371 1 0.5987654320987655 0.990451388888889 0.6975308641975307 0.931423611111111 0.6929012345679012
1 0.8793402777777776 0.5246913580246914 0.8862847222222222 0.35956790123456794 0.9418402777777778 0.3580246913580248 0.931423611111111 0.529320987654321
1 0.9401041666666665 0.529320987654321 0.951388888888889 0.36574074074074076 1 0.3657407407407408 0.9982638888888888 0.5339506172839505
1 0.3315972222222222 0.316358024691358 0.4045138888888889 0.3179012345679012 0.40451388888888895 0.353395061728395 0.3298611111111111 0.3549382716049383
1 0.3307291666666667 0.3549382716049383 0.4036458333333333 0.3549382716049384 0.40451388888888895 0.390432098765432 0.3324652777777778 0.3888888888888889
1 0.3307291666666667 0.39043209876543206 0.4045138888888889 0.39043209876543206 0.40451388888888895 0.4274691358024691 0.3289930555555555 0.42901234567901236
1 0.3289930555555555 0.42901234567901236 0.4053819444444444 0.42901234567901236 0.40625000000000006 0.4629629629629629 0.33159722222222227 0.46296296296296297
1 0.3333333333333333 0.46296296296296297 0.4071180555555555 0.46296296296296297 0.40798611111111105 0.5046296296296297 0.33593750000000006 0.5
1 0.3371956571830158 0.5042271737288946 0.40937131624560114 0.5052296134380971 0.40993518858202754 0.6325394565068242 0.34283438054728027 0.6365492153436343
1 0.0771618888043507 0.5105516586671978 0.12008638323855902 0.5096432037585372 0.12161940089692364 0.538713760835673 0.07869490646271529 0.5396222157443334
1 0.0010220117722430587 0.5677843179128088 0.03372638848402083 0.5659674080954877 0.03577041202850696 0.5941295102639632 0.0035770412028506985 0.5950379651726235
1 0.034748400256263905 0.5686927728214692 0.06438674165131252 0.5686927728214694 0.06643076519579864 0.5941295102639632 0.03577041202850696 0.5950379651726235
1 0.06489774753743405 0.5668758630041483 0.09709111836309027 0.5668758630041483 0.10015715367981945 0.5941295102639632 0.0679637828541632 0.5941295102639632
1 0.12161940089692364 0.5414391255616545 0.15176874817809383 0.540530670652994 0.15381277172257993 0.5632420433695063 0.12417443032753127 0.5650589531868274
1 0.004088047088972228 0.5950379651726235 0.03577041202850695 0.5923126004466421 0.03934745323135764 0.6186577927977964 0.006643076519579853 0.6204747026151176
1 0.03730342968687154 0.5950379651726235 0.0694968005125278 0.5950379651726235 0.07358484760150001 0.6186577927977964 0.0403694650036007 0.6186577927977964
1 0.0694968005125278 0.5932210553553027 0.10117916545206254 0.5932210553553027 0.10475620665491323 0.6186577927977964 0.07307384171537848 0.6186577927977964
1 0.12366342444140974 0.5650589531868273 0.1553457893809445 0.5641504982781669 0.15841182469767368 0.5904956906293211 0.127751471530382 0.5914041455379816
1 0.0091981059501875 0.619566247706457 0.0403694650036007 0.6186577927977964 0.042924494434208336 0.6422776204229693 0.01277514715303819 0.6440945302402903
1 0.04036946500360071 0.6168408829804755 0.07460685937374308 0.617749337889136 0.07562887114598613 0.6422776204229693 0.042924494434208336 0.6422776204229693
1 0.07409585348762156 0.6168408829804755 0.1062892243132778 0.6150239731631546 0.10935525963000699 0.6404607106056485 0.07716188880435074 0.6413691655143088
1 0.12775147153038197 0.5904956906293212 0.15841182469767368 0.5886787808120002 0.1594338364699167 0.605030969167889 0.12928448918874655 0.6059394240765495
1 0.014308164811402787 0.6431860753316299 0.04496851797869447 0.6413691655143088 0.04701254152318056 0.6613551735048396 0.016352188355888878 0.6631720833221607
1 0.04445751209257293 0.6422776204229693 0.0771618888043507 0.6413691655143088 0.07818390057659379 0.6613551735048396 0.046501535637059055 0.6622636284135002
1 0.07665088291822916 0.6413691655143088 0.10986626551612849 0.6413691655143088 0.11037727140225004 0.6622636284135002 0.07920591234883684 0.6631720833221607
1 0.13081750684711116 0.60684787898521 0.1609668541282813 0.6059394240765497 0.16301087767276742 0.6241085222497594 0.13235052450547574 0.62501697715842