0 0.03906249999999999 0.32716049382716045 0.0486111111111111 0.17129629629629625 0 0.17592592592592582 0 0.324074074074074
0 0.03819444444444443 0.32716049382716045 0.02256944444444443 0.4830246913580248 0 0.48456790123456783 1.1102230246251566e-17 0.330246913580247
0 0.09027777777777776 0.25925925925925913 0.10069444444444446 0.09567901234567905 0.18402777777777773 0.09722222222222228 0.17534722222222227 0.26851851851851855
0 0.1762152777777778 0.2685185185185185 0.1883680555555556 0.08641975308641979 0.2890625 0.10185185185185187 0.28298611111111105 0.26697530864197533
0 0.28298611111111105 0.2716049382716049 0.2899305555555555 0.09413580246913579 0.3836805555555555 0.10339506172839508 0.3776041666666667 0.271604938271605
0 0.37934027777777773 0.2716049382716049 0.38107638888888895 0.1003086419753087 0.4470486111111111 0.10339506172839513 0.44184027777777773 0.2700617283950618
0 0.07465277777777776 0.44598765432098764 0.08940972222222224 0.27160493827160503 0.15277777777777773 0.2746913580246913 0.14149305555555552 0.45061728395061723
0 0.1423611111111111 0.44290123456790115 0.15364583333333334 0.2669753086419753 0.2465277777777778 0.2700617283950617 0.23611111111111113 0.4521604938271605
0 0.23871527777777776 0.4444444444444444 0.24826388888888887 0.2669753086419752 0.3472222222222222 0.2731481481481481 0.3446180555555555 0.4521604938271605
0 0.34375 0.4521604938271605 0.34809027777777773 0.27160493827160503 0.4435763888888889 0.2731481481481482 0.44184027777777773 0.45679012345679004
0 0.0720486111111111 0.45216049382716045 0.16927083333333334 0.455246913580247 0.16232638888888887 0.654320987654321 0.0529513888888889 0.6419753086419754
0 0.16927083333333337 0.4521604938271605 0.2725694444444444 0.45216049382716045 0.2664930555555555 0.6512345679012346 0.16059027777777776 0.6496913580246915
0 0.2734375 0.44907407407407396 0.375 0.45679012345679015 0.3697916666666667 0.648148148148148 0.2647569444444444 0.6496913580246914
0 0.3741319444444444 0.45679012345679004 0.43923611111111105 0.4614197530864198 0.4357638888888889 0.6435185185185185 0.3706597222222222 0.6435185185185185
0 0.5520833333333333 0.2515432098765431 0.552951388888889 0.08487654320987656 0.6440972222222222 0.08179012345679015 0.6493055555555556 0.2515432098765432
0 0.650173611111111 0.2530864197530863 0.6449652777777778 0.07870370370370376 0.7378472222222222 0.08333333333333336 0.7465277777777776 0.24537037037037038
0 0.7456597222222224 0.24537037037037032 0.7378472222222222 0.08179012345679008 0.8237847222222222 0.08333333333333338 0.8368055555555556 0.2546296296296296
0 0.8368055555555555 0.25154320987654316 0.8246527777777778 0.0833333333333333 0.9157986111111109 0.09413580246913576 0.9331597222222222 0.2654320987654321
0 0.5546875 0.2530864197530864 0.6197916666666665 0.2515432098765432 0.6241319444444444 0.43827160493827155 0.5546875 0.43518518518518506
0 0.6206597222222222 0.25154320987654316 0.6857638888888888 0.25462962962962965 0.6901041666666666 0.4382716049382715 0.623263888888889 0.43981481481481466
0 0.6848958333333333 0.24845679012345678 0.751736111111111 0.2515432098765432 0.7595486111111109 0.441358024691358 0.6892361111111109 0.4398148148148147
0 0.7499999999999999 0.25154320987654316 0.8133680555555555 0.2561728395061728 0.822048611111111 0.44290123456790126 0.7543402777777779 0.4398148148148147
0 0.8124999999999999 0.2530864197530864 0.8758680555555556 0.2561728395061728 0.888888888888889 0.43672839506172845 0.8185763888888888 0.43827160493827166
0 0.8758680555555555 0.25771604938271603 0.9375 0.26080246913580246 0.9496527777777779 0.43672839506172834 0.888888888888889 0.441358024691358
0 0.5555555555555555 0.43827160493827155 0.6553819444444444 0.43981481481481477 0.662326388888889 0.6404320987654322 0.5572916666666666 0.6419753086419754
0 0.6553819444444443 0.441358024691358 0.7586805555555556 0.4413580246913581 0.7630208333333333 0.6419753086419754 0.6597222222222221 0.6404320987654322
0 0.7586805555555555 0.44290123456790115 0.857638888888889 0.4444444444444444 0.865451388888889 0.6435185185185184 0.7630208333333335 0.6466049382716049
0 0.8585069444444443 0.44290123456790115 0.951388888888889 0.4475308641975308 0.9661458333333334 0.654320987654321 0.8671874999999999 0.6450617283950617
0 0.9600694444444443 0.10030864197530863 1 0.10339506172839504 1 0.26851851851851855 0.9730902777777778 0.271604938271605
0 0.9782986111111109 0.2716049382716049 1 0.271604938271605 0.9991319444444445 0.45061728395061723 0.9913194444444445 0.44907407407407396