0 0.022569444444444427 0.2885802469135802 0.04166666666666668 0.12037037037037036 0 0.12037037037037036 7.401486830834377e-18 0.28395061728395066
0 0.021701388888888878 0.2839506172839506 0.001736111111111107 0.46759259259259256 7.401486830834377e-18 0.28395061728395066
0 0.5251736111111112 0.3425925925925926 0.5251736111111112 0.18827160493827158 0.607638888888889 0.18827160493827153 0.6102430555555556 0.34259259259259256
0 0.6102430555555556 0.3410493827160494 0.607638888888889 0.18518518518518517 0.6918402777777778 0.18672839506172842 0.6979166666666666 0.3395061728395061
0 0.6979166666666665 0.3410493827160494 0.6927083333333335 0.18672839506172842 0.7777777777777776 0.18827160493827153 0.787326388888889 0.33950617283950607
0 0.7864583333333333 0.3395061728395061 0.7777777777777778 0.19135802469135804 0.8524305555555556 0.18981481481481488 0.8628472222222221 0.3395061728395062
0 0.5260416666666666 0.5092592592592593 0.5269097222222222 0.3395061728395062 0.6128472222222222 0.33796296296296297 0.615451388888889 0.5061728395061728
0 0.6145833333333333 0.5092592592592593 0.6128472222222222 0.33950617283950624 0.6987847222222222 0.3410493827160495 0.7057291666666666 0.5015432098765433
0 0.7057291666666665 0.5061728395061728 0.6987847222222222 0.33796296296296297 0.7855902777777776 0.3379629629629629 0.7934027777777778 0.49845679012345673
0 0.7942708333333334 0.49845679012345684 0.7847222222222222 0.3364197530864197 0.8671875 0.34104938271604934 0.8793402777777778 0.5015432098765433
0 0.5260416666666666 0.5092592592592593 0.6137152777777776 0.5108024691358024 0.6137152777777778 0.6728395061728395 0.5251736111111112 0.6682098765432098
0 0.6154513888888888 0.507716049382716 0.7022569444444444 0.5061728395061728 0.7065972222222222 0.6651234567901234 0.6128472222222222 0.6682098765432098
0 0.7057291666666665 0.6682098765432098 0.7013888888888891 0.49845679012345684 0.7925347222222222 0.4938271604938271 0.8003472222222222 0.6666666666666666
0 0.8003472222222221 0.6682098765432098 0.7899305555555556 0.4969135802469137 0.876736111111111 0.49845679012345673 0.8906250000000002 0.6635802469135802
0 0.9487847222222221 0.6558641975308641 0.9348958333333333 0.4691358024691358 1 0.4660493827160493 1 0.6558641975308642
0 0.9331597222222221 0.4675925925925926 0.9184027777777778 0.28858024691358025 1 0.28858024691358036 0.9982638888888891 0.46759259259259267
0 0.9192708333333333 0.2916666666666667 0.9036458333333335 0.1188271604938272 1 0.11265432098765434 1 0.2885802469135802
0 0.07634218786740506 0.35134847001904385 0.07990957982382585 0.3209067253242531 0.09988697477978231 0.2663652660794195 0.15125741895224182 0.26890207813731876 0.1491169837783893 0.3259803494400515 0.14697654860453682 0.3538852820769431
0 0.14697654860453685 0.3551536881058927 0.1491169837783893 0.31836991326635383 0.16124611643022002 0.2663652660794195 0.21761090934166866 0.26763367210836914 0.2168974309503845 0.3247119434111019 0.21547047416781615 0.3551536881058927
0 0.21547047416781612 0.3576905001637919 0.2154704741678161 0.3196383192953034 0.22831308521093102 0.2650968600504699 0.28396439973109544 0.26763367210836914 0.28039700777467463 0.3551536881058927
0 0.28182396455724296 0.3551536881058927 0.2839643997310954 0.31963831929530334 0.29609353238292613 0.2625600479925707 0.3496044117292382 0.2663652660794195 0.3524583252943747 0.36022731222169113
0 0.3503178901205223 0.3538852820769431 0.3503178901205223 0.31583310120845454 0.3653009363374896 0.2663652660794195 0.4123905101622441 0.2727072962241676 0.42095225085765403 0.3259803494400515 0.4216657292489382 0.35261687604799347
0 0.06349957682429018 0.44521051616131546 0.06778044717199515 0.41096355337967583 0.08704436373666745 0.3538852820769431 0.14198219986554772 0.35642209413484227 0.13413393756142197 0.4477473282192147
0 0.13413393756142197 0.44901573424816427 0.13770132951784275 0.4135003654375751 0.15125741895224182 0.3589589061927415 0.20476829829855375 0.3589589061927415 0.20548177668983791 0.413500365437575 0.20405481990726956 0.45155254630606356
0 0.20262786312470127 0.44901573424816427 0.20548177668983794 0.41096355337967583 0.2183243877329528 0.35769050016379184 0.2732622238618331 0.3589589061927415 0.27754309420953793 0.41350036543757507 0.27754309420953793 0.44901573424816427
0 0.27682961581825377 0.44901573424816427 0.2761161374269697 0.40969514735072615 0.2889587484700845 0.35642209413484227 0.33818875746869154 0.35769050016379184 0.34461006299024893 0.40208471117702843 0.34389658459896477 0.4528209523350131
0 0.34461006299024893 0.4477473282192147 0.3438965845989648 0.4071583352928269 0.3567391956420797 0.3538852820769431 0.41025007498839167 0.35642209413484227 0.41667138050994906 0.41350036543757507 0.4159579021186649 0.45408935836396286
0 0.05422435773759612 0.542877780390436 0.059218706476585226 0.5073624115798466 0.07634218786740504 0.44774732821921476 0.13056654560500117 0.44774732821921465 0.13056654560500117 0.5073624115798467 0.12771263203986455 0.5492198105351841
0 0.12771263203986455 0.5479514045062344 0.13056654560500117 0.5048255995219475 0.14554959182196853 0.4490157342481643 0.19977394955956465 0.4515525463060636 0.20048742795084878 0.5086308176087964 0.19834699277699627 0.5479514045062344
0 0.19834699277699633 0.5454145924483351 0.20048742795084878 0.5022887874640483 0.21475699577653196 0.4515525463060636 0.2689813535141281 0.45282095233501324 0.27397570225311724 0.5086308176087964 0.2725487454705489 0.549219810535184
0 0.2725487454705489 0.5466829984772847 0.273262223861833 0.5048255995219474 0.28824527007880035 0.450284140277114 0.33890223585997575 0.45408935836396286 0.34817745494666974 0.5124360356956452 0.34603701977281726 0.5466829984772849
0 0.34461006299024893 0.5454145924483351 0.34603701977281726 0.5111676296666956 0.35317180368565887 0.4553577643929123 0.407396161423255 0.45662617042186193 0.41667138050994906 0.5124360356956451 0.41667138050994906 0.5466829984772847
0 0.0420952250857654 0.6443502627064053 0.049230008998607 0.6075664878668664 0.06564001199814268 0.5492198105351841 0.1191508913444546 0.5517566225930832 0.12057784812702294 0.6139085180116144 0.1155834993880338 0.651960698880103
0 0.11558349938803382 0.6519606988801029 0.11915089134445461 0.6101032999247656 0.13627437273527446 0.5479514045062344 0.19121220886415471 0.5504882165641336 0.19263916564672304 0.6126401119826648 0.19049873047287055 0.6506922928511533
0 0.19049873047287055 0.6506922928511533 0.19263916564672304 0.6062980818379168 0.20762221186369037 0.5454145924483352 0.259706134427434 0.5466829984772849 0.2668409183402756 0.6164453300695137 0.2654139615577073 0.6481554807932542
0 0.2654139615577073 0.6481554807932541 0.26612743994899146 0.6062980818379168 0.2811104861659588 0.5441461864193856 0.3353348439035549 0.5466829984772847 0.3410426710338282 0.6075664878668664 0.3389022358599757 0.6506922928511534
0 0.3389022358599757 0.6468870747643045 0.3389022358599757 0.6062980818379168 0.3510313685118064 0.5492198105351841 0.4045422478581183 0.5479514045062344 0.4138174669448125 0.6101032999247658 0.41239051016224415 0.6494238868222039
0 0.03139304921650301 0.7458227450223746 0.03353348439035549 0.7153810003275839 0.05137044417245947 0.6468870747643045 0.10773523708390804 0.6532291049090526 0.10916219386647638 0.717917812385483 0.10630828030133975 0.7496279631092235
0 0.10702175869262391 0.7496279631092234 0.10844871547519222 0.7153810003275838 0.1262856752572962 0.6544975109380021 0.1812235113861765 0.6570343229959014 0.18621786012516559 0.7141125942986342 0.1847909033425973 0.7521647751671227
0 0.1847909033425973 0.7496279631092234 0.1847909033425973 0.7153810003275839 0.20120090634213295 0.6519606988801029 0.2561387424710132 0.6532291049090525 0.2618465696012865 0.7166494063565333 0.2611330912100024 0.7483595570802738
0 0.2611330912100024 0.7445543389934249 0.26256004799257066 0.7115757822407349 0.27611613742696967 0.6468870747643046 0.3346213655122708 0.6468870747643045 0.3374752790774073 0.7141125942986343 0.33818875746869154 0.7496279631092234
0 0.33818875746869154 0.7483595570802739 0.3374752790774073 0.7115757822407349 0.3488909333379539 0.6430818566774557 0.4052557262494025 0.6494238868222038 0.41167703177096 0.7103073762117853 0.41167703177095993 0.7470911510513242