0 0.11545138888888887 0.3086419753086419 0.1284722222222222 0.1450617283950617 0.18576388888888887 0.1450617283950617 0.1753472222222222 0.31172839506172834
0 0.17447916666666663 0.31327160493827155 0.18749999999999997 0.14043209876543203 0.28125 0.14351851851851846 0.2717013888888889 0.30401234567901225
0 0.27170138888888895 0.3055555555555556 0.2795138888888889 0.1404320987654321 0.37326388888888895 0.1481481481481481 0.3680555555555556 0.3086419753086419
0 0.3680555555555555 0.3101851851851852 0.3723958333333333 0.14197530864197536 0.46527777777777773 0.14969135802469133 0.46354166666666674 0.31635802469135804
0 0.0980902777777778 0.48148148148148145 0.11024305555555558 0.30401234567901225 0.20572916666666666 0.3101851851851852 0.19965277777777776 0.4799382716049382
0 0.1987847222222222 0.48302469135802467 0.20572916666666663 0.3040123456790123 0.3038194444444444 0.3101851851851852 0.2977430555555556 0.4876543209876544
0 0.2977430555555556 0.492283950617284 0.30468750000000006 0.308641975308642 0.4001736111111111 0.31018518518518523 0.3958333333333333 0.48456790123456783
0 0.3967013888888889 0.4876543209876544 0.3993055555555555 0.3117283950617284 0.4618055555555556 0.31327160493827155 0.4583333333333333 0.48765432098765427
0 0.0798611111111111 0.6743827160493826 0.09635416666666667 0.48302469135802467 0.16145833333333334 0.48456790123456783 0.15277777777777773 0.6805555555555556
0 0.15104166666666666 0.6790123456790121 0.16232638888888887 0.4799382716049383 0.2638888888888889 0.4876543209876544 0.25607638888888884 0.6743827160493827
0 0.25520833333333337 0.6743827160493826 0.2621527777777778 0.4876543209876544 0.3637152777777778 0.49074074074074076 0.35677083333333337 0.6790123456790123
0 0.3567708333333333 0.6743827160493826 0.3645833333333333 0.4922839506172839 0.4600694444444444 0.4938271604938271 0.4565972222222222 0.6820987654320988
1 0.49739583333333326 0.41049382716049376 0.49826388888888895 0.30401234567901225 0.552951388888889 0.3040123456790123 0.5520833333333334 0.4104938271604939
1 0.5520833333333333 0.41049382716049376 0.5538194444444445 0.3024691358024692 0.6102430555555556 0.30401234567901225 0.6128472222222222 0.41049382716049376
1 0.6128472222222221 0.41049382716049376 0.6102430555555556 0.3040123456790123 0.662326388888889 0.30709876543209885 0.6640625 0.4104938271604939
1 0.665798611111111 0.41203703703703703 0.6631944444444444 0.3101851851851852 0.7144097222222222 0.31327160493827155 0.71875 0.4182098765432099
1 0.49739583333333326 0.5246913580246914 0.49826388888888895 0.40740740740740744 0.5729166666666666 0.41203703703703703 0.5737847222222222 0.5231481481481481
1 0.5729166666666665 0.523148148148148 0.5703125 0.4120370370370369 0.6458333333333334 0.4135802469135802 0.650173611111111 0.5262345679012345
1 0.6493055555555555 0.529320987654321 0.6458333333333334 0.412037037037037 0.7213541666666665 0.4166666666666667 0.7222222222222224 0.5277777777777778
1 0.49739583333333326 0.6404320987654321 0.49913194444444453 0.5246913580246914 0.5538194444444445 0.5262345679012346 0.5555555555555556 0.6466049382716049
1 0.5555555555555556 0.6388888888888887 0.552951388888889 0.5216049382716049 0.6102430555555556 0.5262345679012346 0.6128472222222221 0.6466049382716049
1 0.6145833333333334 0.6435185185185183 0.611111111111111 0.5216049382716049 0.6692708333333334 0.5262345679012345 0.6727430555555556 0.6466049382716049
1 0.6744791666666667 0.6466049382716048 0.6701388888888888 0.5216049382716049 0.7213541666666666 0.523148148148148 0.7291666666666666 0.6419753086419753
1 0.49739583333333326 0.6404320987654321 0.5711805555555556 0.6466049382716049 0.5737847222222222 0.7561728395061728 0.4939236111111112 0.7561728395061728
1 0.5703124999999999 0.6450617283950617 0.6510416666666666 0.6496913580246914 0.6536458333333335 0.7484567901234568 0.5729166666666666 0.7530864197530863
1 0.650173611111111 0.648148148148148 0.724826388888889 0.6435185185185184 0.7309027777777776 0.7530864197530862 0.6527777777777778 0.7561728395061728