0 0.3654513888888889 0.4722222222222222 0.3654513888888888 0.2762345679012346 0.44531249999999994 0.2777777777777778 0.44704861111111105 0.478395061728395
0 0.3758680555555555 0.6682098765432098 0.37152777777777773 0.48148148148148145 0.5078124999999999 0.48302469135802467 0.5078124999999999 0.6635802469135802
0 0.3828125 0.6697530864197531 0.4548611111111111 0.6682098765432098 0.4583333333333333 0.8317901234567902 0.3880208333333333 0.8317901234567902
0 0.4565972222222222 0.6620370370370371 0.5078125 0.6651234567901233 0.5086805555555556 0.6512345679012345 0.5303819444444445 0.6512345679012345 0.53125 0.8256172839506174 0.4600694444444445 0.8271604938271605
0 0.5295138888888888 0.6064814814814815 0.6519097222222222 0.6080246913580247 0.6475694444444444 0.7746913580246915 0.5303819444444445 0.7716049382716049
0 0.7317708333333333 0.7453703703703703 0.7395833333333333 0.6080246913580246 0.8246527777777778 0.6111111111111112 0.8168402777777778 0.7453703703703703
0 0.8463541666666665 0.720679012345679 0.8515624999999999 0.589506172839506 0.9626736111111109 0.589506172839506 0.9531250000000001 0.7237654320987653
0 0.7239583333333333 0.8688271604938272 0.732638888888889 0.7438271604938272 0.8428819444444444 0.7453703703703703 0.834201388888889 0.8734567901234568
0 0.8350694444444443 0.8719135802469136 0.8428819444444443 0.7438271604938272 0.9505208333333334 0.7438271604938272 0.9409722222222224 0.8688271604938274
0 0.9487847222222221 0.8734567901234568 0.9565972222222224 0.7391975308641976 1 0.7376543209876544 0.9991319444444443 0.8688271604938272
0 0.7222222222222221 0.8719135802469136 0.8038194444444445 0.8719135802469137 0.795138888888889 0.9907407407407407 0.7178819444444443 0.9891975308641977
0 0.8072916666666665 0.8703703703703702 0.890625 0.875 0.8828125 0.992283950617284 0.8003472222222221 0.9891975308641977
0 0.892361111111111 0.8703703703703702 0.9791666666666665 0.8719135802469137 0.9661458333333335 0.992283950617284 0.8880208333333334 0.9938271604938274
0 0.9782986111111112 0.8657407407407407 1 0.8672839506172839 0.9991319444444445 0.9876543209876542 0.9678819444444444 0.9876543209876544
0 0.7465277777777776 0.48302469135802467 0.751736111111111 0.37191358024691357 0.8159722222222221 0.37345679012345684 0.814236111111111 0.4799382716049382
0 0.8159722222222221 0.4799382716049382 0.8177083333333334 0.3688271604938273 0.8828125 0.37037037037037046 0.884548611111111 0.4243827160493829 0.8706597222222222 0.42283950617283955 0.8619791666666666 0.47685185185185197
0 0.8836805555555555 0.41975308641975323 0.8854166666666666 0.36728395061728397 0.9479166666666667 0.36574074074074064 0.9453125 0.4398148148148148 0.9140625 0.4182098765432099
0 0.16145833333333331 0.7916666666666666 0.14409722222222224 0.5462962962962963 0.27517361111111105 0.5478395061728395 0.2864583333333333 0.7870370370370371