0 0.07031249999999997 0.7561728395061728 0.08767361111111113 0.9660493827160493 0 0.9675925925925926 0 0.7546296296296295
0 0.1597222222222222 0.44444444444444436 0.22395833333333331 0.44444444444444436 0.1953125 0.492283950617284 0.20138888888888887 0.5756172839506174 0.1701388888888889 0.5756172839506174
0 0.1944444444444444 0.486111111111111 0.27170138888888895 0.4876543209876544 0.2769097222222222 0.632716049382716 0.20572916666666669 0.632716049382716
0 0.2725694444444444 0.4891975308641975 0.3454861111111111 0.4891975308641975 0.34895833333333337 0.6342592592592592 0.2769097222222222 0.6342592592592593
0 0.3472222222222222 0.4891975308641975 0.421875 0.4861111111111111 0.4270833333333333 0.6280864197530864 0.3541666666666667 0.6327160493827161
0 0.07899305555555554 0.7191358024691358 0.19444444444444448 0.7175925925925923 0.20399305555555552 0.8688271604938274 0.09548611111111113 0.8734567901234566
0 0.19531249999999997 0.7191358024691358 0.31250000000000006 0.7175925925925923 0.3177083333333333 0.8672839506172838 0.203125 0.8688271604938271
0 0.3133680555555555 0.7145061728395061 0.4288194444444445 0.7160493827160493 0.42968750000000006 0.8657407407407407 0.3168402777777778 0.8672839506172838
0 0.09722222222222224 0.8765432098765433 0.17621527777777776 0.8719135802469137 0.18663194444444448 1 0.10677083333333333 1
0 0.17621527777777773 0.8703703703703703 0.2569444444444445 0.8719135802469136 0.2647569444444445 1 0.18489583333333331 1
0 0.26041666666666663 0.875 0.34027777777777773 0.8719135802469136 0.3446180555555556 1 0.2664930555555555 1
0 0.3420138888888889 0.8703703703703703 0.4227430555555555 0.8703703703703703 0.4244791666666667 1 0.34635416666666663 1
0 0.5251736111111112 0.8672839506172838 0.6145833333333334 0.8672839506172838 0.611111111111111 0.9938271604938271 0.5234375 0.9938271604938271
0 0.6145833333333333 0.8672839506172838 0.704861111111111 0.8703703703703705 0.6987847222222222 0.9984567901234569 0.6119791666666666 0.9922839506172838
0 0.7083333333333333 0.8672839506172838 0.798611111111111 0.8734567901234567 0.7934027777777779 1 0.7022569444444444 0.9953703703703706
0 0.9583333333333333 0.8487654320987653 0.9661458333333334 0.7469135802469136 1 0.7438271604938274 1 0.8487654320987656
0 0.9574652777777778 0.9521604938271604 0.9696180555555555 0.8611111111111112 1 0.8611111111111113 1 0.9552469135802469
1 0.5381944444444444 0.3950617283950617 0.5390625 0.28240740740740733 0.6362847222222222 0.28240740740740733 0.6336805555555556 0.39043209876543206
1 0.6328125 0.39043209876543217 0.6354166666666666 0.2839506172839507 0.7361111111111109 0.28240740740740744 0.7300347222222222 0.39043209876543206
1 0.5390624999999999 0.39043209876543206 0.6354166666666666 0.3919753086419753 0.6354166666666666 0.49074074074074076 0.537326388888889 0.4876543209876544
1 0.6328124999999999 0.39043209876543206 0.7335069444444445 0.39043209876543206 0.7282986111111109 0.49074074074074076 0.6328124999999999 0.492283950617284
1 0.5390624999999999 0.48765432098765427 0.6354166666666666 0.4876543209876544 0.6340830477325033 0.5940958285061293 0.5383993445836796 0.5940958285061293
1 0.6347971052186885 0.5979041350991172 0.6326549327601328 0.48873267943346116 0.7304808083675124 0.48746324390246504 0.7254824059642156 0.5902875219131413