0 0.01996527777777776 0.2762345679012346 0.03732638888888888 0.10648148148148148 0 0.10339506172839502 0 0.2762345679012346
0 0.01996527777777776 0.2746913580246913 0.0026041666666666704 0.46141975308641975 0.0008680555555555433 0.2746913580246913
0 0.07291666666666664 0.27777777777777773 0.08767361111111113 0.1111111111111111 0.13802083333333334 0.11111111111111119 0.12760416666666669 0.2777777777777778
0 0.14062499999999997 0.10802469135802466 0.24218749999999997 0.11265432098765431 0.23437499999999994 0.28240740740740733 0.12934027777777776 0.2824074074074074
0 0.2439236111111111 0.10802469135802466 0.33767361111111105 0.11574074074074069 0.33246527777777773 0.2839506172839506 0.23177083333333334 0.2839506172839507
0 0.3368055555555555 0.11265432098765428 0.4279513888888889 0.11574074074074069 0.4296875 0.287037037037037 0.3307291666666667 0.2808641975308641
0 0.06944444444444443 0.28086419753086417 0.16666666666666666 0.2824074074074074 0.15711805555555552 0.4691358024691359 0.05468750000000003 0.46450617283950624
0 0.16666666666666663 0.28086419753086417 0.265625 0.28240740740740733 0.2604166666666667 0.4753086419753086 0.15625 0.47376543209876537
0 0.26562499999999994 0.28240740740740733 0.3628472222222222 0.28549382716049376 0.359375 0.4722222222222221 0.2595486111111111 0.47376543209876537
0 0.3645833333333333 0.28240740740740733 0.4270833333333333 0.2824074074074074 0.4244791666666667 0.4675925925925925 0.35850694444444436 0.4675925925925926
0 0.052951388888888874 0.4660493827160493 0.1171875 0.4691358024691358 0.10503472222222224 0.654320987654321 0.03645833333333332 0.6558641975308641
0 0.11545138888888887 0.47067901234567894 0.21701388888888884 0.4722222222222222 0.21093749999999997 0.6635802469135802 0.10416666666666664 0.6589506172839505
0 0.3203125 0.4691358024691358 0.4192708333333333 0.4691358024691358 0.4192708333333333 0.6558641975308642 0.31684027777777773 0.6574074074074074
0 0.2126736111111111 0.662037037037037 0.21614583333333334 0.4722222222222222 0.3211805555555556 0.4722222222222221 0.3151041666666667 0.6604938271604939
0 0.5416666666666665 0.2716049382716049 0.5434027777777779 0.09567901234567908 0.6067708333333334 0.10030864197530867 0.611111111111111 0.271604938271605
0 0.6102430555555556 0.2731481481481481 0.6085069444444444 0.09413580246913579 0.703125 0.0987654320987654 0.7083333333333334 0.2777777777777778
0 0.7083333333333333 0.2731481481481481 0.703125 0.10030864197530866 0.7960069444444444 0.10030864197530867 0.8046875 0.2824074074074074
0 0.8038194444444443 0.27932098765432095 0.7977430555555555 0.09876543209876545 0.8854166666666666 0.10339506172839505 0.9019097222222221 0.2700617283950617
0 0.5425347222222221 0.2716049382716049 0.6397569444444444 0.27469135802469136 0.6458333333333334 0.45987654320987653 0.5416666666666666 0.4552469135802469
0 0.6397569444444443 0.2700617283950617 0.7378472222222224 0.27314814814814814 0.7465277777777778 0.4552469135802469 0.646701388888889 0.4583333333333332
0 0.7387152777777776 0.2746913580246913 0.834201388888889 0.27932098765432095 0.84375 0.4583333333333332 0.7447916666666666 0.4537037037037036
0 0.8368055555555556 0.2777777777777777 0.8975694444444445 0.27777777777777773 0.9088541666666667 0.45833333333333326 0.8437500000000001 0.4598765432098765
0 0.5416666666666665 0.4537037037037036 0.611111111111111 0.4537037037037036 0.6137152777777778 0.6450617283950617 0.5442708333333334 0.6466049382716049
0 0.6102430555555555 0.4552469135802469 0.7152777777777778 0.45370370370370366 0.7222222222222222 0.6496913580246915 0.6119791666666666 0.6450617283950618
0 0.7152777777777779 0.4537037037037036 0.8133680555555556 0.4583333333333332 0.826388888888889 0.6496913580246915 0.720486111111111 0.6481481481481481
0 0.8124999999999999 0.4583333333333332 0.9079861111111112 0.46141975308641975 0.9244791666666666 0.6466049382716049 0.8246527777777778 0.6450617283950618
0 0.9288194444444443 0.2561728395061728 0.9192708333333335 0.14506172839506173 1 0.1450617283950617 1 0.25462962962962965
0 0.9453125 0.36574074074074076 0.9366319444444444 0.25462962962962954 1 0.25617283950617276 1 0.3626543209876542
0 0.9513888888888891 0.4861111111111111 0.9401041666666667 0.37191358024691357 1 0.3688271604938272 0.9991319444444443 0.48456790123456783
0 0.9618055555555556 0.6111111111111109 0.9505208333333333 0.48919753086419754 1 0.486111111111111 0.9999999999999999 0.6080246913580247
0 0.9600694444444443 0.6203703703703702 1 0.611111111111111 1 0.7391975308641974 0.9713541666666666 0.7453703703703703