0 0.3315972222222222 0.9506172839506172 0.32986111111111105 0.8533950617283951 0.3793402777777778 0.8287037037037037 0.3802083333333333 0.9228395061728396
0 0.04687499999999999 0.7237654320987654 0.15364583333333334 0.7222222222222221 0.1631944444444444 0.8734567901234569 0.05989583333333335 0.8734567901234569
0 0.5147569444444444 0.6728395061728395 0.5164930555555556 0.5231481481481481 0.6909722222222222 0.5185185185185184 0.6883680555555556 0.6589506172839505
0 0.5321180555555556 0.8302469135802468 0.751736111111111 0.8240740740740743 0.743923611111111 0.9907407407407407 0.5321180555555556 0.9984567901234569
0 0.7499999999999999 0.8194444444444444 0.8993055555555556 0.8163580246913579 0.8880208333333333 0.9861111111111112 0.7447916666666666 0.9861111111111112
0 0.9227430555555555 0.845679012345679 0.9322916666666666 0.7052469135802468 1 0.7407407407407406 1 0.8425925925925926 0.9947916666666665 0.8935185185185187
1 0.2352430555555555 0.5385802469135802 0.2899305555555555 0.5385802469135802 0.29687500000000006 0.6867283950617283 0.2421875 0.6836419753086419
1 0.2960069444444444 0.5401234567901234 0.34809027777777773 0.5416666666666666 0.35416666666666674 0.6898148148148147 0.30121527777777773 0.6882716049382717
1 0.34809027777777773 0.5385802469135802 0.4053819444444445 0.5447530864197532 0.4114583333333333 0.6929012345679013 0.3567708333333333 0.6913580246913581
1 0.40625 0.5432098765432098 0.45746527777777773 0.5462962962962963 0.4609375 0.691358024691358 0.4131944444444444 0.6898148148148147
1 0.3333333333333333 0.3811728395061728 0.38715277777777773 0.38117283950617276 0.39236111111111105 0.5370370370370371 0.34027777777777773 0.5354938271604939
1 0.390625 0.3811728395061728 0.44791666666666674 0.38888888888888895 0.4505208333333333 0.5416666666666666 0.39496527777777773 0.5401234567901234
1 0.785872538192238 0.5288483119535964 0.7858725381922379 0.497275278404128 0.8315406760048618 0.5085513618146524 0.829637836929336 0.537869178682016
1 0.838517752615124 0.60890850416832 0.8391520323069659 0.5671869955493796 0.888625848270642 0.5671869955493796 0.8854544498114318 0.6089085041683199
1 0.889260127962484 0.6077808958272676 0.8905286873461679 0.5671869955493795 0.9419053423853699 0.5671869955493795 0.939368223618002 0.6077808958272676
1 0.9412710626935279 0.6066532874862152 0.944442461152738 0.5626765621851697 0.9932819974245718 0.5615489538441173 0.9901105989653619 0.6100361125093723
1 0.8531061855274901 0.6483747961051556 0.8562775839866998 0.6122913291914773 0.9025800014911659 0.60890850416832 0.9000428827237978 0.6483747961051556
1 0.901945721799324 0.649502404446208 0.9032142811830078 0.6100361125093723 0.950150978379316 0.6111637208504248 0.9482481393037898 0.6528852294693652
1 0.9482481393037898 0.6495024044462079 0.950150978379316 0.6077808958272676 0.9869392005061519 0.6111637208504248 0.9850363614306258 0.6461195794230505
1 0.8315406760048619 0.6528852294693652 0.834712074464072 0.6100361125093724 0.7858725381922379 0.5998876374399004 0.8099751664822339 0.6517576211283127
1 0.829637836929336 0.690096304724096 0.8309063963130199 0.6528852294693652 0.8803802122766959 0.6495024044462079 0.8797459325848539 0.690096304724096
1 0.879745932584854 0.6867134797009387 0.8816487716603799 0.6483747961051555 0.9304883079322139 0.6540128378104177 0.92921974854853 0.6867134797009387