0 0.10915797948837282 0.4104938242170546 0.12308750168959927 0.252439259458685 0.20904049330795177 0.2508956101906512 0.19862194886936357 0.4145212313462516
0 0.19835068782170615 0.4151234538466842 0.20904049330795177 0.2493519962536758 0.29672988250367366 0.25552652266369436 0.2880477753860478 0.42069575775627016
0 0.2868923544883728 0.41975308347631385 0.29586168371498894 0.25398290872671886 0.38789214634132024 0.25398290872671886 0.38007823801237905 0.42069575775627016
0 0.3818147150769345 0.42223937169324544 0.3878921463413203 0.25707017193172815 0.46776770669528706 0.2539829087267189 0.46776770669528694 0.42378305629233765
0 0.09530470327216647 0.5874086067858214 0.10919608260908635 0.411433932810184 0.19775371033708591 0.416064845283227 0.18646696710981306 0.5920395192588644
0 0.18646696710981303 0.5935831331958399 0.1968855115484012 0.41297754674715936 0.2889159741747325 0.416064845283227 0.2802338670571067 0.590495905321889
0 0.2797308961550395 0.5945216019948324 0.2880477753860478 0.41606484528322696 0.3800782380123791 0.4191521438192946 0.3731325682157157 0.5966704317319075
0 0.37313256821571567 0.595126817794932 0.38094647654465674 0.42069575775627005 0.46863586574037874 0.4253266702293131 0.4642948320533622 0.5997577302679752
0 0.08141332393524654 0.7741887196445204 0.0944365044834817 0.5904959053218889 0.18733516589849775 0.590495905321889 0.17257558777289309 0.7741887196445205
0 0.17431198535026252 0.7726451057075449 0.1873351658984977 0.590495905321889 0.279365668268422 0.5904959053218889 0.27241995872816555 0.7772760181805879
0 0.27155175993948083 0.7726451057075449 0.279365668268422 0.5889522207227968 0.37226432968343803 0.5935831331958399 0.3679232959964215 0.7772760181805879
0 0.3676215211550395 0.7762345649577953 0.37226432968343803 0.5935831331958399 0.4634265935210846 0.595126817794932 0.4625584344759929 0.7788196321175634
0 0.5563253344232865 0.49942126979800255 0.5554570958910088 0.3743866330258392 0.5641392427522277 0.365124808079753 0.6275186684288484 0.3682121066158206 0.7230220454406975 0.3682121066158206 0.7273630791277139 0.38519207190890087 0.7325723513470078 0.47935400596885475 0.7282313176599915 0.5025085683340701
0 0.7447272933629656 0.4963339712619351 0.7325723513470078 0.4670048824867009 0.7264948405954361 0.37901754549888234 0.7395180211436714 0.3620375095436853 0.7942153794462593 0.3620375095436854 0.8072385599944947 0.3836484579719253 0.8124478322137884 0.4592866714775904 0.8002928901978309 0.49170305878889187
0 0.8226996461550394 0.4938271575503879 0.8115796731686967 0.4700921810227687 0.8063704009494029 0.3821048440349498 0.816788945387991 0.3620375095436854 0.8671451905163766 0.36203750954368547 0.8810366095968897 0.3882793704449685 0.8845094842388144 0.4639175839506335 0.8758273373775954 0.4978776558610271
0 0.558061732000656 0.6013013442049505 0.5563253344232865 0.5210322182262425 0.5650074017973193 0.500964883734978 0.6162319649451685 0.497877655861027 0.6327279406481428 0.5302940431723286 0.6370690538223449 0.6105631691510369 0.6257822708514791 0.6429795564623383 0.5832398545648487 0.6414359425253628
0 0.6553015065898743 0.6383486439892953 0.6353325767577896 0.6136504676871045 0.6362008152900672 0.5395558681184149 0.6492239958383025 0.49942126979800255 0.7056577517182598 0.49942126979800255 0.721285568376142 0.5302940431723288 0.7238902044857892 0.6059322566779937 0.7108670239375539 0.644523170399314
0 0.7250433961550394 0.49845678718001757 0.8836412457065365 0.5040521822710458 0.8931915516128471 0.517944919690175 0.899269062364419 0.6167376955610554 0.8957961877224941 0.6383486439892953 0.7343087489243773 0.6383486439892953 0.7221538069084197 0.6198249940971229 0.7178127732214032 0.5241194461001937 0.7264948405954361 0.5040521822710459
0 0.5551215211550394 0.6419753056985361 0.7264948405954361 0.6429795564623383 0.7403862596759491 0.6846577687197262 0.7403862596759491 0.7494905433423295 0.7317041128147301 0.7803633167166555 0.5563253344232865 0.7711014917705695
0 0.7426215211550394 0.6419753056985361 0.8107114346364193 0.6445231703993138 0.8228663766523768 0.6753959437736401 0.8280756488716711 0.7355978059232002 0.8167889453879911 0.7649268946984343 0.7638279846627725 0.7633832807614586 0.7455955318952431 0.7448596308692863 0.7412544982082266 0.670765031300597
0 0.8207465211550394 0.6593364168096472 0.8289438874039484 0.6429795564623384 0.8888505179258307 0.6398922579262708 0.9027419370063435 0.6692214173636214 0.9062147321610824 0.7386851044592677 0.8931915516128471 0.7680141932345018 0.841967067952184 0.7587523682884155 0.8289438874039486 0.7402287183962434 0.8237346151846546 0.666134118827554