0 0.0755208333333333 0.6712962962962962 0.09027777777777776 0.5092592592592592 0.171875 0.5092592592592593 0.15972222222222227 0.6697530864197532
0 0.17013888888888884 0.5077160493827159 0.2595486111111111 0.5092592592592592 0.2508680555555555 0.6774691358024693 0.15885416666666669 0.66820987654321
0 0.2569444444444444 0.5061728395061728 0.34375 0.5061728395061729 0.3368055555555556 0.6820987654320988 0.2465277777777778 0.6805555555555556
0 0.3428819444444444 0.5061728395061728 0.4305555555555555 0.5046296296296297 0.4244791666666667 0.6651234567901235 0.33593750000000006 0.6774691358024693
0 0.08854166666666664 0.5061728395061728 0.1032986111111111 0.34567901234567905 0.18402777777777776 0.3472222222222222 0.17100694444444445 0.5108024691358025
0 0.17187499999999994 0.5061728395061729 0.18402777777777773 0.34413580246913583 0.26562500000000006 0.3487654320987655 0.2560763888888889 0.5092592592592593
0 0.25607638888888884 0.5108024691358024 0.2682291666666667 0.3487654320987655 0.3506944444444444 0.34722222222222227 0.3411458333333333 0.5108024691358025
0 0.3420138888888889 0.5061728395061728 0.34895833333333337 0.34413580246913583 0.4322916666666667 0.3395061728395061 0.4296875 0.5046296296296297
0 0.10329861111111108 0.3441358024691358 0.11631944444444445 0.19907407407407396 0.19444444444444445 0.20061728395061731 0.18489583333333334 0.3487654320987654
0 0.18489583333333331 0.34567901234567894 0.19704861111111108 0.20061728395061726 0.27517361111111105 0.19753086419753085 0.2664930555555555 0.3472222222222222
0 0.2664930555555555 0.34876543209876537 0.27517361111111105 0.19753086419753085 0.3550347222222222 0.1944444444444444 0.3498263888888889 0.34413580246913583
0 0.3506944444444445 0.3425925925925926 0.35416666666666663 0.191358024691358 0.4366319444444444 0.18981481481481477 0.4322916666666667 0.3410493827160493
0 0.48697916666666663 0.2916666666666667 0.4869791666666667 0.12037037037037036 0.5824652777777779 0.11265432098765428 0.5868055555555556 0.2839506172839507
0 0.5850694444444444 0.2839506172839506 0.5807291666666666 0.11419753086419754 0.6762152777777778 0.10802469135802466 0.685763888888889 0.27932098765432095
0 0.6848958333333334 0.27777777777777773 0.6770833333333334 0.10648148148148145 0.775173611111111 0.10648148148148154 0.7847222222222222 0.2777777777777778
0 0.7838541666666666 0.27469135802469125 0.7760416666666666 0.10802469135802471 0.8350694444444445 0.10648148148148151 0.8446180555555557 0.2746913580246913
0 0.48697916666666663 0.2885802469135802 0.5520833333333334 0.28858024691358025 0.552951388888889 0.47067901234567894 0.4869791666666667 0.46759259259259256
0 0.5520833333333333 0.4675925925925925 0.5503472222222222 0.2808641975308643 0.650173611111111 0.2808641975308642 0.65625 0.4614197530864197
0 0.6553819444444444 0.4614197530864198 0.6493055555555556 0.279320987654321 0.7473958333333334 0.27777777777777773 0.7586805555555556 0.45987654320987653
0 0.7578125 0.4598765432098766 0.7465277777777778 0.2746913580246914 0.845486111111111 0.2746913580246914 0.8550347222222221 0.45679012345679015
0 0.4809027777777778 0.662037037037037 0.4817708333333333 0.47067901234567894 0.584201388888889 0.4675925925925925 0.5885416666666666 0.6635802469135803
0 0.5885416666666665 0.6651234567901234 0.584201388888889 0.4675925925925925 0.689236111111111 0.46450617283950624 0.6961805555555556 0.6527777777777778
0 0.6953124999999999 0.6512345679012345 0.6875 0.4598765432098766 0.790798611111111 0.45679012345679015 0.8020833333333334 0.6589506172839505
0 0.8038194444444444 0.6558641975308641 0.7890625 0.4598765432098766 0.8541666666666667 0.4583333333333333 0.8654513888888888 0.6574074074074074
0 0.9782986111111112 0.27006172839506176 0.9652777777777778 0.09413580246913579 1 0.09722222222222222 0.9991319444444445 0.26543209876543206