0 0.08593749999999997 0.4675925925925925 0.15625 0.47067901234567905 0.16579861111111113 0.6558641975308642 0.09895833333333331 0.6558641975308641
0 0.15711805555555552 0.47067901234567894 0.2578125 0.470679012345679 0.26736111111111105 0.6527777777777777 0.1649305555555556 0.6558641975308642
0 0.25781249999999994 0.47067901234567894 0.3602430555555555 0.470679012345679 0.36371527777777773 0.6496913580246914 0.2673611111111111 0.6512345679012345
0 0.3585069444444444 0.4675925925925925 0.4600694444444444 0.4645061728395062 0.4635416666666667 0.6496913580246914 0.3628472222222222 0.6512345679012346
0 0.10069444444444443 0.6558641975308641 0.19965277777777773 0.6558641975308641 0.2118055555555555 0.8271604938271603 0.1154513888888889 0.8225308641975307
0 0.20138888888888884 0.6527777777777777 0.2977430555555555 0.6512345679012345 0.30642361111111105 0.8179012345679012 0.21006944444444448 0.8225308641975309
0 0.29861111111111105 0.6512345679012345 0.39496527777777773 0.6527777777777777 0.3993055555555555 0.8194444444444446 0.3055555555555555 0.8194444444444446
0 0.3940972222222222 0.6512345679012345 0.4600694444444444 0.6512345679012346 0.46093750000000006 0.8132716049382716 0.4001736111111111 0.8179012345679014
0 0.11545138888888887 0.8225308641975307 0.1779513888888889 0.822530864197531 0.18923611111111108 0.9799382716049384 0.13020833333333334 0.9799382716049384
0 0.17708333333333331 0.8209876543209875 0.2743055555555556 0.8209876543209875 0.2838541666666667 0.9814814814814815 0.18836805555555555 0.9799382716049384
0 0.2743055555555555 0.8179012345679012 0.3680555555555555 0.8209876543209874 0.3732638888888889 0.9799382716049384 0.28298611111111105 0.984567901234568
0 0.3680555555555555 0.8225308641975307 0.4600694444444444 0.8132716049382717 0.46527777777777773 0.970679012345679 0.37326388888888895 0.978395061728395
0 0.4878472222222222 0.8132716049382718 0.4895833333333333 0.6929012345679014 0.5581597222222222 0.6929012345679013 0.5572916666666666 0.816358024691358
0 0.5590277777777778 0.8148148148148148 0.5590277777777779 0.6913580246913581 0.631076388888889 0.6898148148148147 0.6319444444444444 0.8194444444444445
0 0.6319444444444444 0.8179012345679012 0.6319444444444444 0.6882716049382717 0.7039930555555556 0.6882716049382714 0.6987847222222222 0.8179012345679011
0 0.6996527777777778 0.8179012345679014 0.7039930555555556 0.6929012345679013 0.7760416666666666 0.6913580246913582 0.771701388888889 0.8148148148148149
0 0.7725694444444445 0.8163580246913581 0.7769097222222221 0.6898148148148148 0.8472222222222221 0.6851851851851852 0.8411458333333334 0.808641975308642
0 0.48958333333333326 0.8148148148148148 0.5972222222222222 0.8209876543209876 0.5954861111111112 0.933641975308642 0.4869791666666667 0.9336419753086421
0 0.6076388888888888 0.8163580246913579 0.7196180555555556 0.8163580246913581 0.7144097222222222 0.9351851851851853 0.6059027777777778 0.9351851851851853
0 0.7317708333333333 0.8163580246913579 0.8402777777777779 0.8117283950617283 0.8333333333333335 0.9290123456790125 0.7274305555555556 0.9336419753086419
0 0.4852430555555555 0.9367283950617282 0.5538194444444445 0.9367283950617284 0.5546875 1 0.4861111111111112 1
0 0.5572916666666665 0.9351851851851852 0.6258680555555556 0.941358024691358 0.6223958333333334 1 0.5555555555555556 1
0 0.6284722222222221 0.9336419753086419 0.6953125 0.9429012345679014 0.6918402777777778 1 0.623263888888889 1
0 0.6979166666666665 0.9367283950617282 0.765625 0.9367283950617283 0.763888888888889 1 0.693576388888889 1
0 0.7673611111111109 0.9336419753086419 0.8350694444444445 0.9290123456790124 0.8298611111111112 1 0.7630208333333334 1
0 0.9331597222222221 0.9969135802469135 0.9418402777777776 0.8966049382716049 1 0.896604938271605 0.9965277777777778 1
0 0.9505208333333334 0.8919753086419753 0.9661458333333335 0.7253086419753086 1 0.7237654320987656 0.998263888888889 0.8935185185185185
0 0.9722222222222224 0.7191358024691359 0.9956597222222221 0.5401234567901235 1 0.5401234567901234 1 0.7253086419753085
1 0.5772569444444444 0.4753086419753086 0.5772569444444444 0.3811728395061728 0.6753472222222222 0.3827160493827161 0.6727430555555556 0.4737654320987654