0 0.07595485448837282 0.5435956760689065 0.14305635203449799 0.5472740084654091 0.15434313500536379 0.7309668934501572 0.0866225961545406 0.7278795949140894
0 0.1447927893554603 0.547274008465409 0.2429007627333633 0.5488176930645011 0.25245106863967387 0.7278795949140895 0.15173849889571672 0.7325105073871325
0 0.2419704794883728 0.5470678982911287 0.3410086963676733 0.5503613070014766 0.3496908432288922 0.7309668934501572 0.2498464325300268 0.7263359809771139
0 0.3396267294883728 0.5470678982911287 0.4417213455988165 0.5472740084654089 0.4460623792858328 0.7309668934501571 0.3488226046966145 0.7294232795131816
0 0.08575435762226301 0.726335980977114 0.18212589367920365 0.7309668934501571 0.1951490742274389 0.8992233564166838 0.10138217428014525 0.8930488300066652
0 0.1833767294883728 0.729938268661499 0.28110206584579145 0.7325105073871326 0.28978421270701016 0.8992233564166838 0.19601731275971654 0.8976797424797084
0 0.2784288128217061 0.7276234538466843 0.3774736019027321 0.7355978059232001 0.3852875102316731 0.8976797424797084 0.2880477753860478 0.8976797424797084
0 0.3780381878217061 0.7287808612540916 0.4434577431761858 0.7355978059232001 0.4460623792858328 0.8976797424797085 0.3861557487639508 0.8992233564166838
0 0.10460068782170615 0.8954475279207583 0.16562987823263675 0.8976797424797084 0.1725755877728931 1 0.11180071871873341 1
0 0.16736631555359902 0.8976797424797084 0.25766034085896794 0.8992233564166838 0.26547424918790913 1 0.17170734924061543 1
0 0.2582465211550395 0.9000771575503879 0.35142724080626164 0.899223356416684 0.358372990090111 1 0.2663424877201867 1
0 0.35316371787081696 0.8961361285427328 0.4451941407535553 0.8976797424797084 0.44866701539548 1 0.35750475155783334 1
1 0.2243923544883728 0.3630401205133509 0.22032723653522457 0.23545925883454644 0.339272298790304 0.23700287277152196 0.34274513368863574 0.36512480807975306
1 0.33940972222222227 0.2391975308641975 0.4609375000000001 0.23456790123456783 0.46006944444444453 0.35956790123456783 0.3437500000000001 0.36419753086419754
0 0.5052083333333334 0.4104938271604939 0.6961805555555556 0.41049382716049376 0.6875000000000001 0.6466049382716049 0.5069444444444445 0.6419753086419754
0 0.6848958333333333 0.6466049382716049 0.6927083333333334 0.4135802469135803 0.8862847222222222 0.4104938271604939 0.868923611111111 0.6435185185185185
0 0.5043402777777778 0.853395061728395 0.5060763888888888 0.6404320987654322 0.6866319444444444 0.6466049382716049 0.6788194444444444 0.8580246913580247
0 0.6805555555555556 0.8518518518518521 0.6883680555555557 0.6435185185185186 0.8732638888888888 0.6419753086419754 0.8559027777777778 0.8533950617283951
0 0.5086805555555556 0.853395061728395 0.6831597222222222 0.8549382716049384 0.677951388888889 1 0.5086805555555556 1
0 0.6822916666666665 0.8518518518518519 0.8559027777777778 0.8487654320987655 0.845486111111111 1 0.6779513888888891 1
0 0.9756944444444443 0.7253086419753085 0.998263888888889 0.5447530864197531 1 0.7237654320987654
0 0.953125 0.8950617283950616 0.9739583333333333 0.7253086419753088 1 0.7299382716049382 0.9999999999999999 0.8966049382716049
0 0.9236111111111109 1 0.9366319444444444 0.8811728395061728 0.9479166666666667 0.8858024691358025 0.9565972222222224 0.8981481481481484 1 0.8981481481481484 0.9913194444444445 1