0 0.036458333333333336 0.7484567901234567 0.06510416666666667 0.433641975308642 0.2534722222222222 0.43672839506172845 0.2387152777777778 0.7407407407407407
0 0.037326388888888874 0.7484567901234567 0.06597222222222222 0.42901234567901225 0 0.43055555555555547 0 0.7422839506172839
0 0.01475694444444445 0.42901234567901225 0.030381944444444434 0.2978395061728395 0.2074652777777778 0.3040123456790123 0.19878472222222224 0.4382716049382716
0 0.3697916666666667 0.33179012345679004 0.37847222222222227 0.17746913580246915 0.4600694444444444 0.1805555555555555 0.45746527777777773 0.33179012345679004
0 0.4557291666666667 0.3287037037037037 0.4600694444444445 0.1743827160493828 0.5486111111111112 0.17592592592592587 0.5460069444444445 0.3348765432098766
0 0.5451388888888888 0.17592592592592587 0.6302083333333334 0.1790123456790124 0.634548611111111 0.3302469135802469 0.5468749999999999 0.3333333333333333
0 0.6354166666666666 0.3364197530864198 0.6319444444444444 0.17901234567901245 0.7144097222222222 0.18518518518518523 0.7178819444444444 0.34567901234567905
0 0.3706597222222222 0.3302469135802469 0.4574652777777778 0.33179012345679 0.4539930555555555 0.5 0.36458333333333337 0.49537037037037035
0 0.4522569444444445 0.49845679012345673 0.4557291666666667 0.33179012345679015 0.5460069444444445 0.3333333333333334 0.5460069444444445 0.4969135802469137
0 0.5460069444444444 0.5015432098765432 0.5468749999999999 0.3364197530864198 0.6354166666666666 0.3364197530864198 0.6362847222222222 0.5123456790123456
0 0.6362847222222222 0.5061728395061728 0.6354166666666666 0.3395061728395061 0.7213541666666667 0.3503086419753087 0.7230902777777778 0.507716049382716
0 0.3628472222222222 0.49537037037037024 0.453125 0.49691358024691357 0.4479166666666667 0.6635802469135803 0.35677083333333337 0.6604938271604939
0 0.4522569444444444 0.49845679012345673 0.5407986111111112 0.49845679012345684 0.5442708333333334 0.6620370370370371 0.4470486111111111 0.6620370370370371
0 0.5434027777777779 0.4999999999999999 0.634548611111111 0.507716049382716 0.634548611111111 0.6697530864197531 0.5425347222222222 0.6651234567901235
0 0.6345486111111109 0.507716049382716 0.7230902777777778 0.5092592592592593 0.7291666666666666 0.6697530864197531 0.6345486111111112 0.6712962962962962
0 0.8194444444444443 0.5308641975308641 0.9895833333333334 0.5354938271604939 0.998263888888889 0.6604938271604939 0.8255208333333334 0.6651234567901235
0 0.8194444444444443 0.5277777777777777 0.8151041666666666 0.375 0.9774305555555556 0.3780864197530865 0.9895833333333334 0.5324074074074074
0 0.8159722222222222 0.37345679012345673 0.806423611111111 0.2345679012345679 0.967013888888889 0.2376543209876543 0.9774305555555555 0.375
0 0.8055555555555555 0.2391975308641975 0.8012152777777778 0.1234567901234568 0.9565972222222221 0.12037037037037036 0.9670138888888888 0.2438271604938272
0 0.7977430555555556 0.12037037037037032 0.7934027777777776 0.0030864197530864022 0.9418402777777776 0 0.954861111111111 0.12499999999999994
0 0.953125 0.12345679012345677 0.9427083333333334 0 1 0 1 0.12037037037037035
0 0.9574652777777779 0.12037037037037036 1 0.1188271604938272 0.998263888888889 0.2376543209876543 0.9661458333333334 0.23919753086419757
0 0.9670138888888888 0.2391975308641975 1 0.23919753086419757 1 0.3780864197530863 0.9765625 0.37962962962962965
0 0.9791666666666665 0.375 1 0.3780864197530863 0.9991319444444443 0.5354938271604939 0.9878472222222221 0.5324074074074074