0 0.04516329155116956 0.8824889561577458 0.05189816836143167 0.9409459261187136 0 0.9423545278045201 0 0.8824889561577457
0 0.04516329155116956 0.8838975578435523 0.03922075318917355 0.8226233845109713 0 0.8233276853538746 0.00039616922413306945 0.8846018586864555
0 0.03684373784437516 0.8226233845109713 0.030108861034113032 0.7585320078067773 0 0.7585320078067773 0 0.8240319861967778
0 0.028128014913447703 0.7585320078067773 0.02139313810318557 0.6866933218306481 0 0.6888062243593578 0 0.7627578128641967
0 0.02139313810318557 0.6916234277309707 0.013865922844657323 0.6211933434406478 0 0.6226019451264543 0 0.6951449319454869
0 0.014658261292923446 0.6211933434406478 0.0047540306895967905 0.5549890642077443 0 0.5549890642077443 0 0.6233062459693575
0 0.11929674870753404 0.5109921883490496 0.20576687528749157 0.5152623180567019 0.21457401780952431 0.6803740000859212 0.13050583919012113 0.6675636109629645
0 0.20656752460767638 0.5138389414874844 0.2906357032270795 0.5181090711951366 0.2978415471087426 0.6775272469474862 0.21217206984896994 0.6732571172398341
0 0.2914363525472643 0.5181090711951366 0.37790647912722186 0.5252259540412236 0.3827103750483306 0.6803740000859211 0.29704089778855786 0.6803740000859211
0 0.3779064791272218 0.519532447764354 0.461974657746625 0.5223792009027889 0.4643766057071794 0.6761038703782688 0.3803084270877762 0.6846441297935734
0 0.1313064885103059 0.6718337406706165 0.21217206984896994 0.6761038703782688 0.22177986169118744 0.8198649038692272 0.14091428035252343 0.8170181507307922
0 0.21457401780952431 0.6803740000859212 0.2986421964289274 0.6846441297935734 0.30184479370966666 0.8212882804384446 0.22017856305081782 0.8212882804384445
0 0.2986421964289274 0.6803740000859212 0.3851123230088849 0.6832207532243559 0.3891155696098089 0.8326752929921838 0.3050473909904058 0.829828539853749
0 0.3859129723290698 0.6803740000859212 0.4683798523081035 0.6775272469474862 0.46998115094847304 0.8298285398537489 0.3875142709694394 0.8269817867153141
0 0.14171492967270818 0.8198649038692271 0.2225805110113722 0.8212882804384445 0.23058700421322012 0.9593558076525329 0.14812012423418652 0.9522389248064462
0 0.22258051101137222 0.8212882804384446 0.3058480403105906 0.8255584101460967 0.3122532348720689 0.9622025607909677 0.2297863548930353 0.9579324310833158
0 0.30424674167022103 0.8284051632845316 0.38831492028962417 0.8298285398537489 0.3931188162107329 0.9622025607909677 0.31145258555188415 0.9622025607909679
0 0.3883149202896241 0.8312519164229664 0.469981150948473 0.8298285398537489 0.4739843975493969 0.9622025607909679 0.3931188162107329 0.9579324310833158
0 0.5284285513219628 0.6632934812553122 0.535634395203626 0.5665038745485284 0.5956830942174853 0.572197380825398 0.5964837435376701 0.6704103641013991
0 0.5964837435376701 0.6689869875321818 0.6028889380991485 0.5721973808253981 0.6621369877928232 0.5736207573946155 0.6645389357533774 0.6746804938090514
0 0.6645389357533774 0.6718337406706166 0.6693428316744862 0.5707740042561806 0.7349960759296391 0.5764675105330503 0.7349960759296391 0.6732571172398341
0 0.7365973745700087 0.6718337406706165 0.7397999718507479 0.5707740042561805 0.8030512681453464 0.5750441339638329 0.8054532161059009 0.6775272469474862
0 0.8046525667857161 0.6789506235167037 0.8046525667857161 0.5707740042561806 0.866302564439945 0.5721973808253981 0.8727077590014234 0.6775272469474862
0 0.5324317979228869 0.7543895816852263 0.5372356938439956 0.6675636109629643 0.6028889380991485 0.6704103641013992 0.5996863408184093 0.757236334823661
0 0.5996863408184091 0.757236334823661 0.6028889380991483 0.6718337406706165 0.6685421823543014 0.6761038703782688 0.6677415330341165 0.7657765942389655
0 0.6677415330341165 0.7643532176697481 0.6693428316744862 0.6704103641013991 0.7381986732103784 0.6761038703782689 0.7389993225305631 0.7728934770850526
0 0.7381986732103782 0.770046723946618 0.7430025691314871 0.6761038703782689 0.801449969504977 0.6789506235167035 0.7998486708646073 0.7714701005158352
0 0.7998486708646073 0.7686233473774005 0.8062538654260857 0.6803740000859211 0.8687045124004996 0.6860675063627907 0.8711064603610538 0.7586597113928785
0 0.5308304992825172 0.8426389289767057 0.531631148602702 0.8042077616078357 0.5396376418045499 0.7572363348236612 0.5924804969367462 0.7586597113928784 0.5948824448973006 0.8099012678847051 0.597284392857855 0.8469090586843577
0 0.597284392857855 0.8469090586843577 0.59648374353767 0.8070545147462704 0.6060915353798876 0.7586597113928786 0.6605356891524534 0.7671999708081829 0.666140234393747 0.8113246444539226 0.6645389357533774 0.8526025649612275
0 0.6645389357533774 0.8554493180996623 0.6629376371130077 0.8099012678847052 0.6733460782754102 0.7671999708081831 0.7285908813681609 0.7728934770850526 0.7357967252498239 0.8099012678847052 0.7341954266094546 0.8540259415304449
0 0.735796725249824 0.854025941530445 0.735796725249824 0.81274802102314 0.7406006211709326 0.7700467239466179 0.7950447749434986 0.7743168536542702 0.8030512681453464 0.8184415273000097 0.7998486708646073 0.8597194478073147
0 0.8014499695049769 0.8554493180996623 0.8038519174655312 0.8184415273000096 0.8062538654260857 0.7700467239466178 0.862299317839021 0.7686233473774006 0.8687045124004995 0.8198649038692272 0.8663025644399451 0.8497558118227927
0 0.5324317979228869 0.9251947699913151 0.5340330965632565 0.8981506151761846 0.5380363431641803 0.8440623055459231 0.5940817955771158 0.8469090586843578 0.5988856914982246 0.9066908745914891 0.5980850421780397 0.9365817825450546
0 0.5988856914982246 0.9351584059758373 0.5996863408184093 0.8953038620377497 0.6028889380991485 0.8526025649612275 0.6581337411918989 0.8568726946688798 0.6645389357533774 0.9052674980222717 0.6629376371130078 0.9394285356834894
0 0.6629376371130078 0.9408519122527069 0.6653395850735622 0.9024207448838367 0.6693428316744862 0.8554493180996622 0.7237869854470521 0.8554493180996623 0.7309928293287151 0.9066908745914891 0.7293915306883456 0.9365817825450546
0 0.7293915306883456 0.9365817825450546 0.7301921800085304 0.9066908745914891 0.7381986732103782 0.8554493180996622 0.7918421776627593 0.854025941530445 0.7966460735838682 0.9095376277299239 0.7942441256233138 0.9323116528374024
0 0.7950447749434986 0.9323116528374025 0.7966460735838681 0.8981506151761846 0.8030512681453463 0.8469090586843576 0.858296071238097 0.8511791883920099 0.8630999671592059 0.9024207448838366 0.859096720558282 0.9365817825450548
0 0.5324317979228869 1 0.5324317979228869 0.9821298327600116 0.5412389404449195 0.9323116528374025 0.5940817955771158 0.9380051591142721 0.5980850421780397 0.9849765858984464 0.597284392857855 1
0 0.5980850421780397 0.9963635984521857 0.5988856914982245 0.9807064561907943 0.6044902367395178 0.9394285356834892 0.6589343905120839 0.9408519122527069 0.6645389357533774 0.9849765858984464 0.6645389357533774 1
0 0.6645389357533774 0.9977869750214032 0.6645389357533774 0.9807064561907943 0.6717447796350408 0.9408519122527069 0.7213850374864976 0.9394285356834894 0.727790232047976 0.987823339036881 0.727790232047976 1
0 0.7269895827277912 0.9977869750214032 0.7285908813681607 0.9807064561907943 0.7341954266094545 0.9351584059758371 0.7870382817416507 0.9365817825450546 0.7918421776627595 0.9835532093292291 0.7918421776627595 1
0 0.7918421776627594 0.9992103515906207 0.7910415283425747 0.9778597030523595 0.797446722904053 0.9365817825450546 0.8510902273564339 0.9351584059758373 0.8542928246371733 0.9792830796215768 0.8566947725977274 1
0 0.959177885581381 1 0.966383729463044 0.923771393422098 1 0.9223480168528804 1 1
0 0.9655830801428593 0.9166545105760109 0.9783934692658159 0.7942441256233138 1 0.7942441256233138 1 0.920924640283663