0 0.43402777777777773 0.898148148148148 0.43142361111111105 0.7947530864197532 0.5946180555555555 0.7870370370370371 0.5946180555555555 0.8858024691358025
0 0.5946180555555555 0.8858024691358024 0.5954861111111112 0.7839506172839507 0.6371527777777778 0.7808641975308643 0.6362847222222222 0.8842592592592591
0 0.6371527777777776 0.8842592592592592 0.6362847222222222 0.779320987654321 0.6770833333333334 0.7777777777777779 0.6770833333333334 0.8796296296296297
0 0.6909722222222222 0.8780864197530864 0.6927083333333333 0.7762345679012345 0.7326388888888888 0.7746913580246915 0.7335069444444444 0.8780864197530867
0 0.7335069444444443 0.8780864197530864 0.732638888888889 0.7731481481481483 0.7743055555555556 0.7716049382716049 0.775173611111111 0.8719135802469136
0 0.4348958333333333 0.9058641975308642 0.4748263888888889 0.9012345679012347 0.4765625 0.9922839506172838 0.43750000000000006 0.9984567901234567
0 0.4782986111111111 0.9953703703703703 0.4748263888888888 0.8996913580246915 0.5156249999999999 0.8981481481481481 0.5182291666666666 0.9953703703703703
0 0.5190972222222222 0.9922839506172838 0.515625 0.898148148148148 0.5581597222222222 0.8950617283950618 0.5590277777777779 0.9938271604938274
0 0.5590277777777778 0.9922839506172838 0.5581597222222222 0.8950617283950618 0.6006944444444445 0.8950617283950617 0.6015625 0.9938271604938274
0 0.6015624999999999 0.9907407407407405 0.599826388888889 0.8919753086419756 0.7586805555555556 0.8780864197530865 0.7578125 0.9830246913580245
0 0.6189236111111109 0.7253086419753085 0.6206597222222222 0.6080246913580245 0.7161458333333334 0.6141975308641974 0.712673611111111 0.7314814814814815
0 0.576388888888889 0.6435185185185185 0.5746527777777779 0.5617283950617283 0.607638888888889 0.5601851851851853 0.6085069444444444 0.6419753086419753
0 0.4435763888888889 0.6095679012345678 0.44184027777777773 0.5277777777777778 0.5651041666666666 0.5246913580246914 0.5659722222222221 0.6033950617283951
0 0.8515625000000001 0.5663580246913581 0.8585069444444445 0.4382716049382717 1 0.4228395061728395 0.9991319444444444 0.5416666666666666
0 0.802951388888889 0.6944444444444444 0.8072916666666666 0.5632716049382717 1 0.550925925925926 1 0.6743827160493826
0 0.7968749999999999 0.7962962962962963 0.802951388888889 0.691358024691358 0.947048611111111 0.6774691358024691 0.939236111111111 0.7824074074074073
0 0.9409722222222221 0.7885802469135802 0.9487847222222224 0.6759259259259259 1 0.6728395061728395 0.9991319444444444 0.7839506172839505
0 0.7960069444444443 0.9089506172839505 0.8012152777777778 0.7993827160493826 1 0.7839506172839507 0.9991319444444445 0.8935185185185185
0 0.7934027777777776 0.9984567901234567 0.7977430555555556 0.9074074074074074 0.9357638888888891 0.9012345679012347 0.9288194444444444 0.9891975308641975
0 0.9392361111111109 0.9969135802469135 0.9461805555555556 0.8950617283950618 1 0.8919753086419755 0.9982638888888891 1