0 0.04166666666666666 0.2731481481481481 0.05815972222222222 0.095679012345679 0 0.09413580246913579 0.0017361111111111086 0.2685185185185185
0 0.03645833333333333 0.2746913580246913 0.02083333333333334 0.4583333333333332 0 0.4583333333333332 7.401486830834377e-18 0.2669753086419754
0 0.0677083333333333 0.2561728395061728 0.07725694444444446 0.1419753086419753 0.1866319444444444 0.1450617283950617 0.1796875 0.2561728395061728
0 0.17708333333333331 0.26080246913580246 0.18489583333333334 0.14506172839506173 0.2960069444444444 0.14660493827160498 0.29079861111111105 0.26080246913580246
0 0.29079861111111105 0.26080246913580246 0.2934027777777778 0.14660493827160498 0.4348958333333333 0.14969135802469138 0.4322916666666667 0.2638888888888889
0 0.07291666666666664 0.2561728395061728 0.22395833333333334 0.2577160493827161 0.21614583333333334 0.3734567901234567 0.06250000000000001 0.3688271604938272
0 0.22309027777777776 0.26080246913580246 0.3333333333333333 0.26543209876543206 0.33072916666666674 0.3780864197530864 0.21701388888888887 0.37345679012345673
0 0.3333333333333333 0.26080246913580246 0.4401041666666667 0.2623456790123456 0.4375 0.37808641975308643 0.3272569444444445 0.375
0 0.06249999999999999 0.3688271604938271 0.1710069444444444 0.37500000000000006 0.16753472222222224 0.4891975308641975 0.055555555555555566 0.48456790123456794
0 0.18055555555555552 0.375 0.29340277777777773 0.37654320987654327 0.2881944444444444 0.48919753086419754 0.17534722222222224 0.49074074074074076
0 0.2994791666666667 0.37654320987654316 0.44704861111111105 0.37654320987654316 0.44704861111111105 0.49074074074074076 0.29861111111111105 0.49074074074074076
0 0.05121527777777777 0.48456790123456783 0.2065972222222222 0.48456790123456783 0.20052083333333334 0.6157407407407407 0.04079861111111115 0.611111111111111
0 0.20659722222222218 0.48765432098765427 0.3229166666666667 0.49074074074074076 0.3194444444444444 0.6126543209876543 0.19965277777777782 0.6126543209876543
0 0.3350694444444444 0.4891975308641975 0.4444444444444445 0.49074074074074076 0.4444444444444444 0.6126543209876544 0.3289930555555555 0.6141975308641976
0 0.03819444444444443 0.6126543209876543 0.1553819444444444 0.6126543209876543 0.15017361111111108 0.742283950617284 0.02604166666666668 0.742283950617284
0 0.16493055555555552 0.6126543209876543 0.2838541666666667 0.6141975308641975 0.2803819444444444 0.7422839506172839 0.15885416666666666 0.742283950617284
0 0.2838541666666667 0.6126543209876543 0.4366319444444444 0.6126543209876544 0.4383680555555556 0.7391975308641977 0.2786458333333333 0.7407407407407408
0 0.545138888888889 0.35185185185185186 0.5460069444444445 0.2083333333333334 0.657986111111111 0.2083333333333333 0.6605902777777778 0.3503086419753086
0 0.6605902777777778 0.353395061728395 0.6588541666666666 0.20524691358024688 0.7725694444444444 0.2098765432098765 0.7760416666666666 0.3549382716049382
0 0.7777777777777776 0.35802469135802467 0.7725694444444444 0.20987654320987656 0.8802083333333333 0.21604938271604932 0.8888888888888888 0.3595679012345679
0 0.5468749999999999 0.3549382716049382 0.6614583333333335 0.3549382716049382 0.6649305555555556 0.5046296296296297 0.5442708333333334 0.49845679012345684
0 0.6597222222222221 0.35185185185185186 0.78125 0.3611111111111111 0.7864583333333335 0.5169753086419753 0.6657986111111109 0.5061728395061729
0 0.78125 0.35802469135802467 0.890625 0.3580246913580247 0.9036458333333335 0.5123456790123456 0.7881944444444444 0.5108024691358025
0 0.5468749999999999 0.49845679012345673 0.6684027777777778 0.5061728395061729 0.6692708333333334 0.648148148148148 0.546875 0.6496913580246915
0 0.6684027777777776 0.5046296296296295 0.7890625 0.5092592592592592 0.7942708333333334 0.6527777777777777 0.6684027777777776 0.6527777777777778
0 0.7890624999999999 0.507716049382716 0.9027777777777776 0.5108024691358024 0.9184027777777779 0.6527777777777778 0.7942708333333334 0.654320987654321
0 0.9401041666666665 0.3395061728395061 0.9366319444444445 0.30709876543209874 0.9375000000000001 0.2515432098765431 0.9991319444444444 0.25000000000000006 0.9991319444444444 0.34259259259259267
0 0.9461805555555556 0.4351851851851852 0.9409722222222221 0.3888888888888889 0.9427083333333335 0.3441358024691359 1 0.3441358024691358 1 0.43364197530864196 0.947048611111111 0.43827160493827155
0 0.9557291666666665 0.537037037037037 0.9487847222222224 0.48765432098765427 0.9531250000000001 0.4398148148148148 1 0.43672839506172845 1 0.5324074074074074
0 0.9678819444444445 0.6373456790123456 0.9557291666666666 0.5756172839506173 0.9618055555555556 0.5370370370370371 1 0.5324074074074073 1 0.6435185185185185
0 0.9817708333333333 0.736111111111111 0.9748263888888891 0.6975308641975309 0.9713541666666667 0.6435185185185184 0.9991319444444445 0.6358024691358024 1 0.736111111111111