0 0.4913194444444445 0.5015432098765432 0.49045138888888895 0.2268518518518518 0.6640624999999999 0.2268518518518518 0.6710069444444443 0.49845679012345673
0 0.6701388888888888 0.4999999999999999 0.6631944444444444 0.22530864197530862 0.8350694444444444 0.22530864197530862 0.8506944444444444 0.49845679012345673
0 0.4930555555555555 0.4999999999999999 0.673611111111111 0.49845679012345684 0.6857638888888888 0.7947530864197532 0.49565972222222227 0.7947530864197532
0 0.6736111111111109 0.49845679012345673 0.8541666666666666 0.49845679012345684 0.8741319444444444 0.7947530864197532 0.6840277777777778 0.7947530864197532
0 0.9809027777777776 0.43827160493827155 0.9661458333333334 0.27314814814814814 1 0.2731481481481481 1 0.43518518518518506
1 0.23440479801912434 0.50782754720831 0.2379698900042061 0.4183041262495908 0.35561792551190347 0.41988861157629376 0.35249847002495704 0.5086197898716615
1 0.352498470024957 0.509412032535013 0.3556179255119035 0.4190963689129422 0.4144419432657522 0.41751188358623925 0.41310503377134655 0.5109965178617161
1 0.23395916152098914 0.506243061881607 0.29189190627856737 0.5062430618816071 0.2901093602860266 0.5941819975136232 0.22950279653963698 0.5918052695235687
1 0.2936744522711083 0.5062430618816071 0.41399630676761695 0.5102042751983645 0.4108768512806705 0.5933897548502717 0.2896637237878913 0.5941819975136232
1 0.22950279653963696 0.5902207841968657 0.3480421050436048 0.5925975121869201 0.3449226495566583 0.684497661135694 0.22460079506014957 0.6868743891257485
1 0.34759646854546955 0.5918052695235687 0.41087685128067036 0.5925975121869201 0.4099855782844 0.686082146462397 0.3453682860547935 0.6837054184723425
1 0.22415515856201437 0.6876666317891 0.2896637237878913 0.686082146462397 0.28743554129721527 0.7581762288273832 0.22103570307506784 0.7557995008373287
1 0.2896637237878913 0.684497661135694 0.40820303229185917 0.6876666317891 0.40686612279745354 0.7605529568174377 0.2874355412972152 0.7581762288273832