0 0.06423611111111109 0.898148148148148 0.0737847222222222 0.9984567901234569 0.009548611111111131 0.9969135802469137 0 0.8996913580246915
0 0.05121527777777776 0.7716049382716049 0.061631944444444434 0.8981481481481481 0 0.8981481481481481 0 0.7746913580246914
0 0.08680555555555554 0.396604938271605 0.20312500000000003 0.3981481481481482 0.20833333333333337 0.5200617283950618 0.0954861111111111 0.5231481481481481
0 0.2039930555555555 0.39814814814814814 0.3177083333333333 0.39814814814814814 0.3203125 0.5169753086419754 0.2109375 0.5169753086419753
0 0.3185763888888889 0.39814814814814814 0.4661458333333333 0.40123456790123463 0.46874999999999994 0.5185185185185185 0.3194444444444444 0.5185185185185185
0 0.09461805555555554 0.5231481481481481 0.20486111111111113 0.5185185185185185 0.2109375 0.6358024691358025 0.10243055555555557 0.6327160493827161
0 0.20486111111111113 0.5185185185185185 0.3159722222222222 0.5154320987654321 0.3211805555555555 0.6358024691358024 0.21180555555555552 0.6373456790123457
0 0.3185763888888889 0.5185185185185185 0.4670138888888889 0.5185185185185185 0.4696180555555555 0.6311728395061728 0.3237847222222222 0.632716049382716
0 0.1145833333333333 0.7438271604938271 0.1050347222222222 0.632716049382716 0.21354166666666666 0.6342592592592593 0.21961805555555552 0.7438271604938271
0 0.2204861111111111 0.7469135802469136 0.21180555555555552 0.6358024691358025 0.3211805555555556 0.6358024691358023 0.3263888888888889 0.7438271604938272
0 0.328125 0.7422839506172839 0.3229166666666667 0.6342592592592593 0.46788194444444453 0.632716049382716 0.4678819444444444 0.7438271604938271
0 0.12326388888888887 0.845679012345679 0.11284722222222224 0.7407407407407407 0.21875 0.742283950617284 0.22743055555555555 0.845679012345679
0 0.2274305555555555 0.8472222222222221 0.22135416666666666 0.7438271604938272 0.3263888888888889 0.7407407407407407 0.3324652777777778 0.8425925925925924
0 0.33159722222222227 0.8487654320987654 0.32812500000000006 0.7407407407407408 0.46875 0.7407407407407409 0.4713541666666667 0.845679012345679
0 0.1319444444444444 0.9398148148148147 0.125 0.8425925925925926 0.22829861111111113 0.8487654320987653 0.23350694444444448 0.9429012345679014
0 0.23350694444444445 0.9459876543209876 0.22829861111111113 0.8425925925925926 0.33246527777777773 0.8425925925925926 0.3385416666666667 0.9490740740740741
0 0.3394097222222222 0.941358024691358 0.3376736111111111 0.8472222222222222 0.4730902777777778 0.8456790123456791 0.474826388888889 0.9429012345679012
0 0.5512152777777778 0.49074074074074076 0.5555555555555556 0.3101851851851852 0.6875 0.3132716049382716 0.6822916666666666 0.49074074074074076
0 0.6822916666666665 0.49074074074074076 0.6883680555555556 0.3132716049382717 0.8211805555555556 0.3148148148148148 0.8081597222222222 0.4938271604938271
0 0.8081597222222221 0.49074074074074076 0.8211805555555556 0.31635802469135804 0.951388888888889 0.3148148148148148 0.9375 0.4938271604938271
0 0.548611111111111 0.6558641975308641 0.5520833333333334 0.48765432098765427 0.732638888888889 0.48919753086419754 0.724826388888889 0.6604938271604938
0 0.7465277777777776 0.6558641975308641 0.756076388888889 0.4861111111111111 0.9383680555555556 0.49074074074074087 0.921875 0.6574074074074074
0 0.6675347222222221 0.8148148148148147 0.6727430555555556 0.6574074074074073 0.5486111111111112 0.6527777777777779 0.546875 0.8101851851851853
0 0.6675347222222221 0.8148148148148147 0.673611111111111 0.6558641975308641 0.7960069444444444 0.6574074074074074 0.7864583333333334 0.8132716049382717
0 0.7855902777777776 0.8179012345679013 0.7960069444444444 0.6527777777777778 0.9201388888888888 0.6620370370370371 0.9062499999999999 0.8194444444444444
0 0.5477430555555556 0.9537037037037035 0.5494791666666666 0.808641975308642 0.717013888888889 0.8179012345679012 0.7083333333333333 0.9567901234567903
0 0.7274305555555557 0.9598765432098766 0.7369791666666667 0.8148148148148147 0.9062500000000001 0.8194444444444444 0.8932291666666667 0.9583333333333334
0 0.9305555555555555 0.9475308641975309 0.9418402777777776 0.8364197530864197 1 0.8410493827160496 1 0.9521604938271606
0 0.9383680555555555 0.8333333333333333 0.9505208333333334 0.7160493827160493 1 0.720679012345679 0.9999999999999999 0.8425925925925926
0 0.9513888888888888 0.7175925925925926 0.9652777777777778 0.5925925925925924 1 0.5941358024691358 0.9991319444444443 0.7222222222222222