0 0.41059027777777773 0.6219135802469136 0.407986111111111 0.5000000000000001 0.4704861111111112 0.49537037037037035 0.4748263888888889 0.6435185185185185 0.4392361111111111 0.6450617283950617 0.4366319444444445 0.617283950617284
0 0.39496527777777773 0.7006172839506173 0.3897569444444445 0.6388888888888888 0.43750000000000006 0.6311728395061726 0.4401041666666667 0.6929012345679012
0 0.18576388888888887 0.7330246913580246 0.2569444444444445 0.7299382716049382 0.26562499999999994 0.8858024691358025 0.1970486111111111 0.8950617283950618
0 0.26388888888888884 0.7253086419753085 0.3350694444444445 0.7222222222222222 0.34027777777777773 0.8796296296296295 0.26996527777777773 0.8811728395061729
0 0.3368055555555555 0.720679012345679 0.4071180555555556 0.7191358024691358 0.41059027777777773 0.8796296296296295 0.3385416666666667 0.8811728395061728
0 0.4097222222222222 0.7145061728395061 0.48003472222222215 0.7145061728395061 0.4791666666666667 0.8765432098765433 0.41145833333333337 0.8765432098765433
0 0.5928819444444444 0.7654320987654321 0.5946180555555555 0.5339506172839505 0.7552083333333334 0.5308641975308642 0.7491319444444444 0.7700617283950617
0 0.8524305555555555 0.8024691358024691 0.8619791666666666 0.6404320987654322 0.8671875000000001 0.6450617283950617 1 0.6388888888888887 1 0.6944444444444443 0.9887152777777778 0.7993827160493825
0 0.8689236111111109 0.6435185185185185 0.8802083333333334 0.455246913580247 1 0.45370370370370383 0.9991319444444444 0.6111111111111113 0.9965277777777778 0.6435185185185186
0 0.8793402777777776 0.4475308641975309 0.8949652777777778 0.2515432098765432 0.9696180555555557 0.25925925925925924 0.9496527777777776 0.4521604938271605
0 0.2508680555555555 0.6635802469135802 0.24826388888888887 0.6280864197530864 0.28211805555555547 0.6095679012345679 0.28472222222222227 0.6527777777777778
0 0.2873263888888889 0.6466049382716049 0.2821180555555556 0.6080246913580247 0.31423611111111105 0.5925925925925926 0.3185763888888889 0.6311728395061729