0 0.047743055555555546 0.7978395061728395 0.06163194444444445 0.947530864197531 0 0.9444444444444444 0 0.8040123456790124
0 0.047743055555555546 0.7993827160493826 0.03472222222222223 0.6527777777777779 0 0.6527777777777779 0.0008680555555555543 0.8055555555555557
0 0.03472222222222221 0.6527777777777778 0.01909722222222221 0.4861111111111112 0 0.4861111111111111 3.7007434154171884e-18 0.6527777777777778
0 0.019965277777777776 0.4861111111111111 0.003472222222222214 0.3179012345679012 0 0.3179012345679012 3.7007434154171884e-18 0.48765432098765427
0 0.07812499999999997 0.5910493827160493 0.18663194444444448 0.5910493827160493 0.19618055555555555 0.7191358024691359 0.09114583333333333 0.7129629629629629
0 0.18836805555555552 0.5895061728395061 0.30121527777777773 0.595679012345679 0.3072916666666667 0.7206790123456789 0.1987847222222222 0.7175925925925924
0 0.3029513888888889 0.5941358024691358 0.415798611111111 0.5972222222222223 0.4192708333333333 0.7222222222222222 0.30815972222222227 0.720679012345679
0 0.0876736111111111 0.7145061728395061 0.15277777777777773 0.7160493827160495 0.16232638888888892 0.8348765432098765 0.10069444444444448 0.8287037037037036
0 0.15364583333333331 0.7175925925925926 0.2196180555555555 0.7160493827160493 0.2282986111111111 0.8379629629629629 0.16059027777777773 0.8379629629629629
0 0.2196180555555555 0.7175925925925926 0.2881944444444445 0.7191358024691358 0.29340277777777773 0.8425925925925926 0.22743055555555552 0.8395061728395062
0 0.2881944444444444 0.7191358024691358 0.35677083333333337 0.7206790123456789 0.3611111111111111 0.845679012345679 0.2934027777777778 0.8425925925925924
0 0.35590277777777773 0.7222222222222222 0.42534722222222227 0.7237654320987655 0.42708333333333326 0.8441358024691357 0.3602430555555555 0.8441358024691359
0 0.10069444444444443 0.8317901234567902 0.2048611111111111 0.8379629629629629 0.21267361111111113 0.9521604938271606 0.11284722222222224 0.9413580246913579
0 0.2048611111111111 0.8379629629629629 0.3081597222222222 0.8410493827160496 0.3159722222222222 0.9567901234567903 0.21180555555555552 0.9521604938271606
0 0.3159722222222222 0.8425925925925924 0.42361111111111105 0.8425925925925926 0.4253472222222222 0.9567901234567903 0.32291666666666674 0.9583333333333334
0 0.5303819444444444 0.5231481481481481 0.5321180555555555 0.3333333333333334 0.6961805555555556 0.34104938271604945 0.689236111111111 0.5246913580246912
0 0.6918402777777776 0.5200617283950617 0.7005208333333333 0.3364197530864197 0.881076388888889 0.3395061728395062 0.8637152777777778 0.529320987654321
0 0.5347222222222222 0.7006172839506172 0.5364583333333333 0.5231481481481481 0.7118055555555556 0.5231481481481483 0.7039930555555556 0.6990740740740742
0 0.7074652777777776 0.7006172839506173 0.7144097222222222 0.5231481481481483 0.8706597222222222 0.5262345679012346 0.8541666666666666 0.6959876543209877
0 0.5338541666666665 0.861111111111111 0.5364583333333334 0.6990740740740741 0.685763888888889 0.6975308641975309 0.6805555555555556 0.8549382716049382
0 0.6831597222222221 0.8518518518518517 0.689236111111111 0.6959876543209876 0.8541666666666665 0.6944444444444445 0.8446180555555556 0.8472222222222222
0 0.5381944444444444 0.9953703703703701 0.5390625 0.8564814814814815 0.6970486111111112 0.8518518518518519 0.6909722222222222 0.9891975308641977
0 0.6935763888888888 0.9922839506172838 0.6996527777777776 0.8503086419753088 0.8446180555555556 0.8472222222222222 0.8333333333333334 0.9891975308641977
0 0.9244791666666667 0.9691358024691359 0.9427083333333334 0.8101851851851853 1 0.8055555555555555 0.9965277777777778 0.9614197530864199
0 0.9427083333333333 0.8070987654320987 0.9583333333333335 0.6342592592592592 1 0.6342592592592592 0.9991319444444444 0.8070987654320986
0 0.9609374999999999 0.632716049382716 0.9809027777777779 0.44444444444444453 1 0.44444444444444453 1 0.6342592592592592