0 0.07269964615503947 0.3028549353281657 0.2741563960491279 0.31418477087627905 0.2871795765973631 0.6923759797288368 0.1022504128124229 0.6815704701836586
0 0.2738715211550395 0.31558641680964716 0.3696596935737909 0.31572838481325444 0.3792100789672875 0.6954632076027879 0.28978421270701027 0.6939195936658122
0 0.10572324771075467 0.6831141547827507 0.1968855115484012 0.6877450672557939 0.21859079921426222 1 0.12569213779924626 0.9964725183505887
0 0.19574652115503946 0.6905864168096472 0.3826828741220261 0.6939195936658122 0.38615574876395076 0.9980162029496809 0.21685440163689282 1
0 0.4665798544883728 0.6222993797726102 0.46776770669528706 0.5549922194745196 0.6049451819743026 0.5611667458845383 0.6023405458646557 0.6321741175792768
0 0.6019965211550394 0.6304012316244619 0.6040769434420251 0.5611667458845383 0.7395180211436715 0.5565358334114952 0.7377816235663022 0.624455906570166
0 0.7386498620985797 0.6259995205071416 0.7395180211436715 0.5549922194745198 0.8211299790750075 0.5534486055375442 0.8193935814976379 0.6213686080340985
0 0.4660312296307316 0.6939195936658124 0.46863586574037874 0.6290868190432091 0.5450385514524207 0.6290868190432092 0.5433021538750514 0.6985505061388555
0 0.5447048544883728 0.6952160464392768 0.5459067899846983 0.6259995205071415 0.6813478676863448 0.624455906570166 0.6796113906217892 0.6939195936658125
0 0.6781683961550394 0.6963734538466843 0.680479629154067 0.6275432051062336 0.8133160707460665 0.6275432051062336 0.811579673168697 0.6939195936658124
0 0.4729769789145812 0.7680141932345017 0.47210874038230327 0.6954632076027879 0.6032087843969334 0.69700689220188 0.6023405458646555 0.7680141932345017
0 0.6019965211550394 0.7658178982911287 0.6032087843969334 0.6970068922018798 0.7369133850340244 0.701637804674923 0.7369133850340244 0.7649268946984342
0 0.7367621461550394 0.7669753056985361 0.7395180211436715 0.6985505061388553 0.816788945387991 0.6954632076027879 0.814184309278344 0.7649268946984342
0 0.4763454794883728 0.8248456760689065 0.4773180126015975 0.7680141932345016 0.6023405458646555 0.7649268946984342 0.601472307332378 0.8328469678571051
0 0.6046006878217062 0.8364197501429805 0.6049451819743026 0.7633832807614586 0.7377816235663021 0.7664705792975262 0.7377816235663021 0.832846967857105
0 0.7374131878217062 0.8317901205133509 0.7386498620985797 0.7664705792975264 0.8150524683234356 0.7633832807614586 0.8133160707460664 0.8266724414470863
0 0.47384513795967276 0.8930488300066652 0.47558161502422797 0.8266724414470864 0.6040769434420252 0.8266724414470864 0.6040769434420251 0.9007670410157758
0 0.6039496461550394 0.9035493797726102 0.6023405458646557 0.8313033539201297 0.7377816235663021 0.8313033539201296 0.7360452259889327 0.9038542688897272
0 0.7367621461550394 0.9035493797726102 0.7369133850340243 0.8297596693210374 0.8150524683234356 0.8282160553840621 0.8115796731686967 0.900767041015776
0 0.4743923544883728 0.9602623427355731 0.47384513795967276 0.8930488300066651 0.6023405458646555 0.8945924439436407 0.601472307332378 0.960968903165336
0 0.6013454794883728 0.9567901205133509 0.6040769434420249 0.9007670410157758 0.7360452259889327 0.8992233564166838 0.7334405898792855 0.9609689031653362
0 0.7348090211550394 0.9591049353281657 0.7360452259889327 0.8992233564166837 0.8098431961041416 0.9007670410157758 0.8081067985267723 0.9655998156383792
0 0.9209743897738729 0.9517070782192502 0.9305246956801834 0.8204978443749513 1 0.8220415289740431 0.9982452345310066 0.957881675291385
0 0.9296564571479057 0.814323317964933 0.9426796376961408 0.6753959437736401 1 0.67539594377364 0.9982452345310066 0.818954230437976
0 0.9385850628217062 0.6720678982911287 0.9557028182443761 0.5133140072171319 1 0.5148576211541075 1 0.6723086452375725