0 0.023437499999999993 0.3410493827160493 0.03993055555555555 0.19290123456790126 0 0.18981481481481477 0 0.3364197530864197
0 0.023437499999999993 0.3441358024691358 0.006944444444444446 0.5138888888888888 7.401486830834377e-18 0.5138888888888888 0 0.3348765432098766
0 0.1268559383684 0.131930175903136 0.13383301497866198 0.009020866728419568 0.280985903486006 0.0011276083410524428 0.27464310656758595 0.1251645258568213
0 0.274008826875744 0.1262921341978738 0.279717344102322 0.0022552166821048856 0.4294073513770339 0 0.4268702326096659 0.12290930917471643
0 0.11797602268261201 0.25371187673679996 0.12875877744392597 0.12967495922103106 0.277180225334954 0.12854735087997865 0.271471708108376 0.24469101000838048
0 0.26956886903285 0.2492014433725902 0.275277386259428 0.12516452585682133 0.4281387919933499 0.12178170083366398 0.42623595291782396 0.2503290517136426
0 0.102753310078404 0.385642052639936 0.11607318360708599 0.2503290517136426 0.26830030964916596 0.24694622669048524 0.263860351806272 0.38564205263993595
0 0.26322607211443 0.3867696609809884 0.26956886903285 0.24581861834943286 0.424333113842298 0.24807383503153774 0.423064554458614 0.38564205263993595
0 0.091336275625248 0.5299759202946489 0.104021869462088 0.38225922761677855 0.26005467365522 0.3822592276167786 0.254980436120484 0.5311035286357013
0 0.25561471581232603 0.5322311369767538 0.26005467365522 0.3822592276167786 0.420527435691246 0.3822592276167786 0.41862459661572 0.5186998368841244
0 0.079919241172092 0.6675441379030472 0.09070199593340597 0.5311035286357013 0.25434615642864195 0.5311035286357013 0.24800335951022204 0.6686717462440995
0 0.24927191889390599 0.669799354585152 0.255614715812326 0.5311035286357013 0.42052743569124595 0.5243378785893867 0.41672175754019397 0.6652889212209421
0 0.5414012852779957 0.2674633007505124 0.5414012852779957 0.12054683977487883 0.6510588841552415 0.11677975103191388 0.6552968589910771 0.2665215285647711
0 0.655296858991077 0.2674633007505124 0.6510588841552415 0.11583797884617263 0.7623057235959256 0.1120708901032077 0.7702519264131173 0.26087089545032377
0 0.7702519264131171 0.261812667636065 0.762835470450405 0.11207089010320764 0.8740823098910889 0.10642025698876023 0.8852069938351573 0.2589873510788412
0 0.539282297860078 0.4247392557692996 0.5403417915690369 0.2674633007505124 0.6298690099760635 0.2674633007505124 0.6330474911029402 0.4256810279550408
0 0.6335772379574197 0.4228557113978171 0.630398756830543 0.26557975637903 0.7209854689465286 0.26463798419328866 0.7268126843458025 0.4219139392120758
0 0.7257531906368436 0.4228557113978171 0.7209854689465286 0.26369621200754745 0.8158101558983498 0.2636962120075475 0.824286105570021 0.4190886226548522
0 0.8237563587155415 0.4190886226548522 0.8142209153349114 0.2561620345216175 0.9079861085777737 0.2571038067073587 0.9201702862308011 0.41908862265485214
0 0.5403417915690368 0.5904911604597579 0.5398120447145575 0.4209721670263347 0.6558266058455565 0.42003039484059335 0.6600645806813922 0.5895493882740168
0 0.6717190114799398 0.5886076160882754 0.6669512897896249 0.4209721670263347 0.7845550914840624 0.41908862265485214 0.792501294301254 0.5838987551595692
0 0.8142209153349114 0.586724071716793 0.8057449656632403 0.4162633060976284 0.9238785142121572 0.41437976172614593 0.936592438719664 0.5857822995310518
0 0.5424607789869548 0.590491160459758 0.6388747065022142 0.5895493882740167 0.6420531876290909 0.7637772426361463 0.5408715384235163 0.762835470450405
0 0.6394044533566936 0.5895493882740167 0.7368778745809121 0.5895493882740167 0.7432348368346654 0.7647190148218874 0.6431126813380498 0.7656607870076289
0 0.7358183808719531 0.586724071716793 0.8364702832230483 0.586724071716793 0.8475949671671167 0.7618936982646638 0.7421753431257065 0.7637772426361463
0 0.8370000300775277 0.5876658439025342 0.9344734513017462 0.5838987551595692 0.9498361100816503 0.75906838170744 0.8465354734581578 0.7628354704504049