0 0.06163194444444443 0.6126543209876543 0.14930555555555552 0.6126543209876544 0.15625 0.7469135802469136 0.07204861111111112 0.7469135802469136
0 0.19184027777777773 0.595679012345679 0.29861111111111105 0.5941358024691358 0.30208333333333337 0.7222222222222222 0.19878472222222227 0.7253086419753086
0 0.3385416666666667 0.5447530864197531 0.4131944444444444 0.54320987654321 0.41753472222222227 0.6620370370370371 0.3428819444444445 0.6666666666666666
0 0.07291666666666664 0.7453703703703703 0.18142361111111108 0.7469135802469137 0.18923611111111113 0.8719135802469137 0.08072916666666666 0.8703703703703703
0 0.18142361111111108 0.7469135802469136 0.2899305555555556 0.7453703703703703 0.296875 0.8688271604938274 0.18836805555555564 0.8719135802469137
0 0.2942708333333333 0.7453703703703703 0.40190972222222227 0.7407407407407407 0.40625000000000006 0.8626543209876545 0.2994791666666667 0.867283950617284
0 0.07986111111111113 0.8688271604938274 0.1631944444444444 0.8703703703703701 0.16927083333333334 0.9907407407407407 0.09114583333333333 0.9876543209876544
0 0.1631944444444444 0.8719135802469136 0.2447916666666667 0.8703703703703703 0.24999999999999994 0.9920783950620974 0.16927083333333337 0.9905351851855543
0 0.2439236111111111 0.8686216049386406 0.3272569444444445 0.8670783950620975 0.3333333333333333 0.9920783950620977 0.2508680555555555 0.9920783950620975
0 0.3272569444444444 0.8670783950620974 0.4097222222222222 0.8624487654324681 0.4131944444444445 0.9859055555559246 0.33420138888888895 0.9874487654324682
0 0.3151041666666667 0.5213993827164185 0.3125 0.4936216049386407 0.30989583333333337 0.4905351851855543 0.31076388888888895 0.44269567901271484 0.3697916666666667 0.44423888888925805 0.3697916666666667 0.5198561728398753
0 0.2282986111111111 0.48590555555592463 0.2265625 0.37633765432135674 0.2960069444444444 0.3778808641978999 0.29861111111111105 0.481275925926295
0 0.2960069444444445 0.47818950617320843 0.2951388888888889 0.3747944444448135 0.36111111111111105 0.3763376543213567 0.36197916666666674 0.4241771604941962 0.31857638888888895 0.42109074074110975 0.30989583333333337 0.4411524691361715 0.3090277777777778 0.47355987654357895
0 0.3723958333333333 0.47818950617320855 0.36892361111111105 0.4257203703707394 0.3645833333333333 0.42417716049419624 0.36284722222222227 0.3732512345682703 0.42534722222222227 0.37325123456827025 0.42708333333333337 0.47818950617320843
0 0.5303819444444444 0.9704734567904925 0.5286458333333334 0.9288067901238259 0.5980902777777779 0.928806790123826 0.5963541666666666 0.9704734567904927
0 0.6102430555555555 0.9612141975312332 0.6102430555555556 0.9226339506176531 0.6796875 0.9241771604941964 0.6788194444444444 0.9596709876546904
0 0.6848958333333333 0.9565845679016036 0.6840277777777779 0.9180043209880235 0.7508680555555556 0.913374691358394 0.7491319444444444 0.9550413580250607
0 0.751736111111111 0.9519549382719742 0.7526041666666666 0.9133746913583939 0.818576388888889 0.913374691358394 0.8177083333333334 0.9534981481485172
0 0.5546874999999999 0.9689302469139491 0.623263888888889 0.9689302469139494 0.6249999999999999 1 0.5538194444444445 1
0 0.6232638888888888 0.9673870370374059 0.6918402777777778 0.9627574074077765 0.6901041666666666 0.9997944444448136 0.6223958333333334 0.9982512345682705
0 0.6944444444444443 0.9565845679016036 0.7595486111111112 0.9565845679016037 0.7578125 0.9936216049386408 0.6918402777777778 1
0 0.7612847222222221 0.953498148148517 0.8272569444444444 0.9550413580250607 0.8272569444444443 0.9920783950620977 0.7578125 0.9920783950620977
0 0.8967013888888888 0.901029012346048 1 0.9010290123460482 0.9999999999999999 1 0.890625 0.9982512345682705
0 0.9418402777777779 0.8886833333337025 0.9496527777777779 0.7729425925929618 1 0.7729425925929618 1 0.8886833333337026
1 0.5659804546244533 0.5371024050101002 0.5659804546244535 0.501921024769264 0.6108367144315195 0.501921024769264 0.6114963653110352 0.5394478303594893
1 0.515187336901746 0.5945653260701328 0.5158469877812617 0.5675929345521584 0.54816988087753 0.5652475092027693 0.54816988087753 0.5922199007207438
1 0.515187336901746 0.6191922922387183 0.5151873369017461 0.5933926133954383 0.54816988087753 0.5922199007207438 0.5488295317570456 0.6156741542146347
1 0.5145276860222303 0.6426465457326089 0.515187336901746 0.6180195795640238 0.5481698808775299 0.6180195795640235 0.5494891826365614 0.6438192584073037
1 0.515187336901746 0.6602372358530271 0.5145276860222303 0.642646545732609 0.5488295317570456 0.642646545732609 0.5488295317570456 0.6590645231783329
1 0.5483897141298077 0.5928473152698794 0.5483897141298076 0.5652508912846042 0.5818444307067846 0.5652508912846042 0.5821120684394004 0.5909441136157225
1 0.5486573518624236 0.5914199140292618 0.5823797061720163 0.5923715148563401 0.582914981637248 0.6166373359468409 0.5489249895950393 0.6161615355333014
1 0.5489249895950394 0.6156857351197623 0.5842531703003271 0.6166373359468409 0.5834502571024796 0.6418547578644199 0.5510660914559657 0.6409031570373415
1 0.5513337291885816 0.6413789574508807 0.5837178948350953 0.6423305582779592 0.5837178948350953 0.6642173773007637 0.5502631782581184 0.6618383752330675
1 0.5853237212307904 0.6413789574508807 0.6171726114120726 0.6409031570373415 0.6174402491446884 0.662789976060146 0.5858589966960219 0.662789976060146
1 0.5850560834981746 0.6156857351197623 0.616369698214225 0.6152099347062231 0.616369698214225 0.6409031570373415 0.5858589966960219 0.6404273566238022
1 0.5842531703003271 0.589992512788644 0.616369698214225 0.5909441136157225 0.616369698214225 0.6152099347062231 0.5847884457655587 0.6142583338791446
1 0.5826473439046322 0.5647750908710649 0.6131580454228353 0.5647750908710648 0.6139609586206826 0.5918957144428009 0.5837178948350954 0.5909441136157224
1 0.6126227699576037 0.5395576689534857 0.6404570941496484 0.5390818685399464 0.6399218186844169 0.5623960888033688 0.613425683155451 0.5623960888033688
1 0.6139609586206827 0.5628718892169079 0.6415276450801117 0.5628718892169079 0.641260007347496 0.5871377103074087 0.6150315095511459 0.5885651115480263
1 0.6171726114120725 0.5895167123751047 0.64099236961488 0.5880893111344869 0.6401894564170327 0.6080729285031348 0.6166373359468408 0.6080729285031348
1 0.6171726114120726 0.608548728916674 0.6399218186844169 0.6071213276760562 0.6399218186844169 0.6266291446311647 0.6174402491446883 0.6256775438040862