0 0.228259859264937 0.9127984659758052 0.28898457241855446 0.9099068129684901 0.29277986699065556 0.9879814441659981 0.23042859902042329 0.9899092128375417 0.2277176743260654 0.9590649140928471
0 0.17187262562229227 0.9147262346473486 0.2244645646928359 0.9156901189831204 0.2288020442038086 0.9956925188521718 0.16861951598906275 0.9985841718594871 0.16482422141696165 0.9600287984286188 0.16970388586680593 0.9320761526912393
0 0.10247295344672945 0.9976202875237153 0.09921984381349992 0.9638843357717056 0.10301513838560103 0.9513538394066734 0.10626824801883056 0.9118345816400335 0.15723363227275947 0.9127984659758053 0.16373985153921847 0.9542454924139886 0.166992961172448 0.9995480561952588
0 0.03957950053762564 0.9966564031879435 0.036868575843267734 0.9571371454213037 0.04337479510972675 0.9407511117131846 0.04445916498746991 0.9205095406619789 0.043374795109726735 0.9118345816400335 0.09921984381349992 0.9137623503115769 0.10247295344672945 0.9561732610855318 0.10247295344672945 0.9976202875237153
0 0.0005421849388715816 0.9976202875237153 0 0.9053265714983406 0.036096672716968245 0.9122470664854719 0.04120605535424041 0.9985841718594871
0 0.22338019481509275 0.9108706973042617 0.22229582493734956 0.8723153238733936 0.22717548938719387 0.8501459841506444 0.22771767432606546 0.8270127600921234 0.27868305857999437 0.8279766444278951 0.28518927784645337 0.8819541672311106 0.28627364772419656 0.9108706973042618
0 0.15777581721163106 0.9099068129684901 0.15506489251727315 0.8809902828953389 0.16157111178373215 0.8588209431725897 0.15994455696711743 0.8299044130994386 0.21687397554863377 0.8299044130994386 0.22338019481509275 0.9089429286327184
0 0.09424258603636079 0.9122988468872373 0.09111160311156477 0.8677693119568047 0.09768666725363646 0.8432780677450666 0.09612117579123844 0.827136111332785 0.14966098380525067 0.827136111332785 0.15748844111724083 0.9134120852604981
0 0.030080560597473535 0.9097305228537879 0.027603337960034537 0.8751280479181319 0.034327227975940386 0.8537374270488175 0.03468111692414595 0.8210223598369247 0.08741057020677605 0.8247971752844507 0.09448834917088747 0.910359658761709
0 0.030080560597473542 0.9109887946696299 0.023002781633362095 0.8247971752844507 0.0003538889482055718 0.8191349521131616 0 0.9040682996824987
0 0.21304114681975372 0.8241680393765297 0.20773281259667015 0.794598651704242 0.21445670261257596 0.7750954385586907 0.21693392525001498 0.7423803713467978 0.27320226801470077 0.7404929636230347 0.2781567132895787 0.8266845830082138
0 0.14827946929813424 0.8266845830082139 0.14544835771248968 0.797115195335926 0.15004891403916207 0.7889364285329529 0.1511105808837788 0.7455260508864029 0.20702503470025901 0.7436386431626397 0.21233336892334256 0.8285719907319768
0 0.08457945862113148 0.8254263111923719 0.0828100138801036 0.7971151953359262 0.08811834810318715 0.7700623512953223 0.08882612599959833 0.7455260508864028 0.14049391243761164 0.7430095072547188 0.1479255803499287 0.8247971752844508
0 0.02087944794412869 0.8216514957448458 0.020171670047717524 0.792082108072558 0.025126115322595528 0.7392346918071927 0.08104056913907573 0.7417512354388768 0.08422556967292588 0.8235389034686088
0 0.021233336892334257 0.8216514957448458 0.020525558995923107 0.7379764199913506 0 0.7323141968200616 0 0.8147310007577145
0 0.020171670047717537 0.7373472840834298 0.01521722477283954 0.6473808492507245 0 0.6436060338031984 0 0.7316850609121406
0 0.020171670047717537 0.7373472840834298 0.01840222530668967 0.7021156732398529 0.028311115856445673 0.6738045573834072 0.026187782167212247 0.6492682569744875 0.0764400128124033 0.6505265287903296 0.08210223598369246 0.7430095072547188
0 0.0817483470354869 0.7423803713467978 0.0764400128124033 0.6505265287903297 0.13377002242170585 0.6524139365140927 0.14084780138581723 0.7455260508864028
0 0.1415555792822284 0.7430095072547189 0.1341239113699114 0.6524139365140926 0.20171670047717544 0.6543013442378557 0.20773281259667015 0.744896914978482
0 0.20702503470025904 0.7430095072547189 0.20100892258076428 0.6549304801457767 0.2668322669470005 0.6511556646982506 0.2742639348593175 0.7386055558992717
0 0.1964083662540919 0.5542687348784143 0.25763115429365574 0.5542687348784143 0.26470893325776707 0.6530430724220136 0.1960544773058863 0.6530430724220136 0.19322336572024174 0.6115201024992266
0 0.12598446556118326 0.6492682569744875 0.12492279871656656 0.6165531897625948 0.12916946609503338 0.5542687348784143 0.18968447623818602 0.5523813271546513 0.19676225520229745 0.6524139365140926
0 0.05980723224674149 0.5542687348784143 0.12279946502733312 0.5548978707863353 0.1281077992504167 0.6511556646982506 0.057683898557508044 0.6480099851586456 0.054498898023657906 0.6039704716041744
0 0 0.5530104630625723 0.05449889802365792 0.5542687348784143 0.05803778750571363 0.6498973928824086 0.0003538889482055681 0.6454934415269614
0 0.36739198833389625 0.7727095162720543 0.43380838897091645 0.7742041188180351 0.436330530767259 0.9072237454103229 0.3682327022660105 0.9057291428643421
0 0.4346491029030306 0.7756987213640159 0.5027469314042791 0.7771933239099967 0.5044283592685075 0.9042345403183617 0.4346491029030306 0.9072237454103229
0 0.5019062174721649 0.7771933239099967 0.5716854738376418 0.7816771315479389 0.5708447599055276 0.9042345403183615 0.5019062174721649 0.9072237454103229
0 0.5708447599055276 0.7816771315479389 0.6372611605425477 0.7846663366399005 0.6372611605425477 0.9117075530482655 0.5691633320412992 0.9102129505022843
0 0.6372611605425477 0.781677131547939 0.708721844772253 0.7771933239099968 0.7036775611795679 0.9087183479563037 0.6355797326783195 0.9087183479563037
0 0.370754844062353 0.9027399377723808 0.4371712446993731 0.9042345403183617 0.43885267256360155 1 0.3724362719265814 0.9998891032611306
0 0.436330530767259 0.9027399377723808 0.5044283592685075 0.9057291428643423 0.5061097871327357 0.9998891032611303 0.436330530767259 1
0 0.5019062174721649 0.9027399377723808 0.5708447599055276 0.9072237454103229 0.5700040459734134 0.9998891032611303 0.5044283592685075 1
0 0.5700040459734134 0.9027399377723808 0.6389425884067761 0.9072237454103229 0.6381018744746619 1 0.5691633320412992 0.9998891032611306
0 0.6381018744746619 0.9042345403183616 0.7053589890437965 0.9027399377723809 0.7036775611795679 1 0.6355797326783196 1
0 0.7717753896808165 0.9430942065138613 0.7818639568661864 0.8309990155653041 0.8827496287198879 0.8339882206572657 0.8743424893987461 0.9490726166977843
0 0.779341815069844 0.838472028295208 0.7835453847304149 0.7383336577144969 0.887793912312573 0.7458066704444007 0.8835903426520022 0.8444504384791309
0 0.7860675265267575 0.7398282602604777 0.7919525240515567 0.6262384667659395 0.8987231934300575 0.6322168769498627 0.8911567680410301 0.7458066704444006
0 0.7919525240515566 0.6322168769498627 0.7986782355084702 0.5126486732714016 0.9096524745475418 0.5171324809093439 0.8995639073621717 0.6381952871337858
0 0.8012003773048127 0.5171324809093439 0.8087668026938404 0.3960696746849021 0.9247853253255971 0.4005534823228444 0.9121746163438844 0.517132480909344
0 0.9138560442081126 0.5186270834553247 0.9256260392577113 0.4005534823228445 1 0.3975642772308829 0.9987681513516447 0.5126486732714016
0 0.9004046212942858 0.6352060820418242 0.9096524745475418 0.5141432758173825 1 0.5111540707254209 0.9987681513516447 0.6352060820418242
0 0.8894753401768015 0.7458066704444006 0.8987231934300575 0.6322168769498626 1 0.6337114794958434 0.9979274374195306 0.7502904780823431
0 0.886953198380459 0.8414612333871696 0.8919974819731441 0.7413228628064584 0.9979274374195306 0.7413228628064584 0.9869981563020463 0.8414612333871696
0 0.8777053451272031 0.9415996039678807 0.8852717705162306 0.8444504384791308 0.9937238677589598 0.8459450410251118 0.9802724448451329 0.9550510268817073 0.8768646311950888 0.9520618217897461