1 0.008680555555555544 0.36111111111111105 0.023437500000000007 0.26080246913580246 0.10243055555555555 0.2638888888888889 0.09201388888888888 0.37037037037037035
1 0.0920138888888889 0.3657407407407407 0.10243055555555557 0.26543209876543206 0.18315972222222224 0.27469135802469136 0.17534722222222224 0.37037037037037046
1 0.008680555555555544 0.36419753086419754 0.09114583333333331 0.3688271604938272 0.08159722222222222 0.46296296296296297 0 0.4552469135802469
1 0.09201388888888887 0.36419753086419754 0.17621527777777776 0.367283950617284 0.16753472222222224 0.4645061728395061 0.0824652777777778 0.4614197530864198
1 0 0.45370370370370366 0.08333333333333333 0.4614197530864198 0.07378472222222224 0.5555555555555556 0 0.5478395061728395
1 0.08246527777777776 0.45833333333333326 0.16840277777777773 0.46296296296296297 0.1597222222222222 0.5648148148148147 0.07118055555555558 0.5555555555555556
1 0.0737847222222222 0.5509259259259259 0.06684027777777776 0.6589506172839505 0.0008680555555555506 0.6512345679012346 0 0.5478395061728395
1 0.0737847222222222 0.5555555555555556 0.1579861111111111 0.566358024691358 0.1527777777777778 0.6635802469135801 0.06597222222222224 0.6574074074074073
1 0.06597222222222222 0.6574074074074074 0.0581597222222222 0.720679012345679 0 0.7175925925925926 0.000868055555555558 0.6496913580246916
1 0.06597222222222221 0.6558641975308641 0.15017361111111108 0.6620370370370371 0.14409722222222227 0.7700617283950619 0.11111111111111113 0.7160493827160495 0.0572916666666667 0.7175925925925926
1 0.0234375 0.26080246913580246 0.008680555555555556 0.3641975308641975 0 0.36419753086419754 0 0.26234567901234573
1 0.2126736111111111 0.28086419753086417 0.29253472222222227 0.2870370370370371 0.2864583333333333 0.37962962962962965 0.20833333333333337 0.37808641975308643
1 0.28732638888888895 0.3780864197530864 0.2925347222222222 0.2854938271604938 0.37326388888888895 0.2885802469135802 0.3706597222222222 0.3811728395061729
1 0.3706597222222222 0.38271604938271603 0.37326388888888895 0.28858024691358025 0.453125 0.29629629629629617 0.4513888888888888 0.38734567901234573
1 0.19531249999999997 0.47376543209876537 0.20138888888888887 0.37808641975308643 0.28298611111111105 0.37808641975308643 0.2777777777777778 0.4753086419753087
1 0.27777777777777773 0.4753086419753086 0.2847222222222222 0.3765432098765432 0.3628472222222222 0.3827160493827161 0.3602430555555555 0.4753086419753087
1 0.3611111111111111 0.4753086419753086 0.3645833333333333 0.37808641975308643 0.4453125 0.3842592592592592 0.4435763888888889 0.4799382716049384
1 0.18576388888888887 0.5663580246913579 0.1909722222222222 0.47067901234567905 0.2743055555555556 0.47376543209876537 0.27170138888888895 0.5709876543209876
1 0.2725694444444445 0.5709876543209876 0.2743055555555555 0.4753086419753087 0.3576388888888889 0.4783950617283949 0.3541666666666667 0.5709876543209875
1 0.35503472222222227 0.5709876543209876 0.359375 0.47685185185185197 0.43923611111111105 0.4799382716049384 0.4392361111111112 0.5725308641975307
1 0.1814236111111111 0.6728395061728395 0.18749999999999997 0.5694444444444444 0.2690972222222222 0.5709876543209875 0.2664930555555555 0.6728395061728394
1 0.2664930555555556 0.6728395061728395 0.2690972222222222 0.5679012345679013 0.3550347222222222 0.5725308641975309 0.3524305555555555 0.6728395061728395
1 0.3524305555555556 0.6697530864197532 0.3550347222222222 0.5694444444444444 0.43750000000000006 0.5709876543209876 0.43750000000000006 0.6743827160493827
1 0.1727430555555555 0.7731481481481481 0.18229166666666669 0.6712962962962962 0.2638888888888889 0.6712962962962963 0.2604166666666667 0.7746913580246914
1 0.2612847222222222 0.771604938271605 0.2647569444444445 0.6697530864197532 0.35156250000000006 0.6712962962962965 0.34982638888888895 0.770061728395062
1 0.3498263888888889 0.7700617283950618 0.35156250000000006 0.6697530864197533 0.4366319444444444 0.6759259259259259 0.4348958333333333 0.7700617283950618
1 0.5086805555555556 0.38117283950617287 0.5086805555555556 0.28858024691358014 0.5885416666666666 0.29320987654320985 0.5894097222222222 0.3858024691358025
1 0.5885416666666665 0.2885802469135802 0.6666666666666666 0.29166666666666663 0.6692708333333334 0.3858024691358025 0.5894097222222222 0.38271604938271603
1 0.6649305555555555 0.2885802469135802 0.7439236111111112 0.2962962962962962 0.7465277777777778 0.39043209876543206 0.670138888888889 0.38580246913580246
1 0.5078124999999999 0.38117283950617287 0.5894097222222222 0.3827160493827161 0.5902777777777779 0.4799382716049383 0.5078125 0.4799382716049383
1 0.5894097222222221 0.3842592592592592 0.6684027777777778 0.38734567901234573 0.671875 0.47685185185185186 0.5894097222222224 0.47685185185185186
1 0.6692708333333333 0.38580246913580246 0.7473958333333334 0.38734567901234573 0.7534722222222222 0.48765432098765427 0.670138888888889 0.478395061728395
1 0.5069444444444444 0.4753086419753086 0.5911458333333334 0.4783950617283949 0.592013888888889 0.5771604938271605 0.5086805555555556 0.5725308641975309
1 0.5894097222222221 0.4753086419753086 0.6701388888888891 0.4799382716049383 0.6753472222222222 0.5787037037037037 0.592013888888889 0.5756172839506173
1 0.6718749999999999 0.47685185185185186 0.7526041666666666 0.48456790123456794 0.7569444444444445 0.5802469135802468 0.6744791666666667 0.5771604938271604
1 0.5086805555555556 0.5725308641975307 0.5928819444444444 0.5725308641975309 0.592013888888889 0.6759259259259258 0.5086805555555555 0.677469135802469
1 0.5920138888888888 0.5740740740740741 0.6753472222222222 0.5771604938271605 0.6788194444444444 0.6790123456790123 0.5928819444444445 0.6774691358024691
1 0.6753472222222221 0.5756172839506172 0.7569444444444443 0.5802469135802468 0.7604166666666666 0.683641975308642 0.677951388888889 0.6790123456790124
1 0.5095486111111112 0.6774691358024693 0.5928819444444444 0.6774691358024693 0.5928819444444444 0.7746913580246915 0.5173611111111112 0.7731481481481483 0.513888888888889 0.7438271604938274 0.506076388888889 0.7438271604938274
1 0.5937499999999999 0.6759259259259259 0.6796875 0.6774691358024691 0.6822916666666666 0.7777777777777779 0.592013888888889 0.7746913580246915
1 0.6779513888888888 0.6790123456790123 0.7604166666666666 0.6820987654320986 0.7630208333333335 0.7762345679012345 0.6805555555555556 0.7762345679012345
1 0.7786458333333333 0.3966049382716049 0.7743055555555556 0.30401234567901225 0.8524305555555556 0.30709876543209885 0.857638888888889 0.39814814814814814
1 0.7821180555555555 0.4938271604938271 0.7795138888888888 0.396604938271605 0.8602430555555555 0.3966049382716049 0.865451388888889 0.4922839506172839
1 0.7907986111111109 0.5941358024691357 0.7847222222222221 0.4938271604938273 0.8654513888888888 0.4922839506172839 0.8706597222222222 0.5910493827160495
1 0.7934027777777776 0.6867283950617282 0.7899305555555556 0.595679012345679 0.8706597222222224 0.5941358024691356 0.8758680555555555 0.6805555555555556
1 0.7916666666666665 0.6867283950617282 0.8758680555555556 0.6836419753086418 0.8810763888888888 0.7438271604938272 0.8480902777777778 0.7824074074074074 0.7942708333333334 0.7854938271604937