0 0.02604166666666666 0.5 0.14756944444444445 0.5015432098765433 0.13715277777777773 0.6435185185185186 0.01736111111111113 0.617283950617284
0 0.14843749999999997 0.5015432098765432 0.2638888888888889 0.5015432098765432 0.26215277777777785 0.6574074074074074 0.1371527777777778 0.6481481481481481
0 0.2664930555555555 0.5046296296296297 0.3897569444444445 0.507716049382716 0.3836805555555555 0.6697530864197531 0.34809027777777773 0.6111111111111112 0.2630208333333333 0.6141975308641975
0 0.03038194444444444 0.49845679012345673 0.04513888888888888 0.33024691358024694 0.15885416666666666 0.3317901234567901 0.1475694444444444 0.5015432098765432
0 0.1467013888888889 0.5015432098765433 0.16059027777777776 0.3333333333333333 0.2769097222222222 0.33796296296296297 0.2673611111111111 0.5030864197530864
0 0.2664930555555556 0.5046296296296297 0.2760416666666667 0.3395061728395061 0.3923611111111111 0.3395061728395061 0.3897569444444444 0.5092592592592593
0 0.05121527777777776 0.3287037037037037 0.0625 0.17283950617283958 0.17100694444444448 0.1712962962962963 0.15885416666666666 0.3333333333333333
0 0.16059027777777773 0.3333333333333333 0.1710069444444444 0.16975308641975312 0.28298611111111105 0.16666666666666666 0.27517361111111105 0.33024691358024694
0 0.27777777777777773 0.3348765432098766 0.2881944444444444 0.16666666666666666 0.3967013888888889 0.1712962962962963 0.390625 0.3395061728395061
0 0.06684027777777776 0.17129629629629628 0.0798611111111111 0.021604938271604947 0.18663194444444448 0.016975308641975318 0.17708333333333334 0.17129629629629628
0 0.1788194444444444 0.16820987654320987 0.18663194444444445 0.01543209876543209 0.2977430555555555 0.02006172839506172 0.2899305555555556 0.16820987654320987
0 0.2890625 0.16820987654320987 0.2977430555555556 0.020061728395061734 0.40798611111111105 0.02623456790123455 0.40104166666666674 0.17438271604938269
0 0.5381944444444445 0.6728395061728395 0.5399305555555556 0.566358024691358 0.7465277777777778 0.5648148148148149 0.7473958333333334 0.617283950617284 0.5954861111111112 0.6126543209876544
0 0.7465277777777776 0.6219135802469136 0.7465277777777779 0.5601851851851852 0.9644097222222222 0.5648148148148148 0.9739583333333334 0.6836419753086419 0.9331597222222222 0.6203703703703703
0 0.5251736111111112 0.5679012345679012 0.5269097222222222 0.44598765432098764 0.7300347222222222 0.44907407407407407 0.7317708333333334 0.5632716049382716
0 0.7326388888888888 0.5617283950617283 0.7309027777777778 0.441358024691358 0.9418402777777778 0.44598765432098775 0.951388888888889 0.5648148148148148
0 0.5243055555555556 0.44598765432098764 0.5243055555555556 0.3317901234567902 0.724826388888889 0.3271604938271605 0.7300347222222222 0.44598765432098764
0 0.7309027777777776 0.44598765432098764 0.7265624999999999 0.32561728395061734 0.9331597222222222 0.3194444444444444 0.9418402777777778 0.4429012345679012
0 0.5251736111111112 0.33179012345679004 0.5269097222222221 0.21913580246913586 0.7239583333333334 0.21141975308641975 0.728298611111111 0.32561728395061734
0 0.7300347222222221 0.32407407407407407 0.7248263888888891 0.2083333333333334 0.9262152777777778 0.20370370370370366 0.9366319444444444 0.32098765432098764
0 0.5277777777777778 0.21604938271604934 0.5277777777777779 0.10493827160493831 0.7230902777777778 0.09876543209876545 0.7256944444444444 0.21296296296296297
0 0.7256944444444443 0.20987654320987653 0.7274305555555556 0.09876543209876545 0.9236111111111112 0.09567901234567902 0.9296875 0.20216049382716042
0 0.5295138888888888 0.10956790123456792 0.529513888888889 0 0.71875 1.3158198810372226e-17 0.7230902777777778 0.09876543209876544
0 0.7230902777777776 0.10185185185185183 0.717013888888889 0 0.9149305555555557 0 0.920138888888889 0.09876543209876541