0 0.03732638888888887 0.2561728395061728 0.04774305555555555 0.1527777777777778 0.23524305555555555 0.14969135802469133 0.2300347222222222 0.25771604938271603
0 0.025173611111111088 0.3672839506172839 0.039062500000000014 0.25617283950617287 0.23177083333333334 0.2561728395061729 0.22395833333333334 0.36882716049382724
0 0.011284722222222203 0.47685185185185186 0.025173611111111088 0.3672839506172839 0.2222222222222222 0.36728395061728386 0.21701388888888887 0.4753086419753086
0 0.011284722222222203 0.47685185185185186 0.21614583333333334 0.4753086419753086 0.21006944444444448 0.5941358024691358 0 0.5879629629629629
0 0.21006944444444445 0.5972222222222222 0.20399305555555552 0.714506172839506 0.19791666666666666 0.714506172839506 0.1623263888888889 0.6450617283950616 0 0.6373456790123455 0.001736111111111116 0.5848765432098765
0 0.047743055555555546 0.15432098765432098 0.03645833333333335 0.25462962962962965 0 0.25617283950617287 0.0008680555555555543 0.15586419753086422
0 0.03819444444444443 0.2530864197530863 0.0251736111111111 0.3657407407407407 0 0.3657407407407407 0 0.25154320987654316
0 0.024305555555555542 0.36265432098765427 0.012152777777777775 0.47685185185185186 0 0.47685185185185186 0 0.3657407407407407
0 0.2821180555555555 0.5925925925925926 0.4930555555555555 0.595679012345679 0.49218749999999994 0.6527777777777778 0.2795138888888889 0.6512345679012345
0 0.49305555555555564 0.5972222222222222 0.7083333333333334 0.6003086419753085 0.7109375 0.7222222222222222 0.6684027777777778 0.6558641975308641 0.49131944444444453 0.6527777777777778
0 0.2821180555555555 0.5895061728395061 0.28732638888888895 0.4722222222222223 0.4956597222222222 0.47685185185185197 0.4956597222222222 0.5972222222222222
0 0.49479166666666663 0.595679012345679 0.4947916666666667 0.47685185185185197 0.701388888888889 0.4799382716049382 0.7065972222222222 0.6018518518518519
0 0.2881944444444444 0.4722222222222223 0.29427083333333337 0.35956790123456794 0.4939236111111112 0.3611111111111111 0.49479166666666663 0.47685185185185186
0 0.49479166666666674 0.4737654320987655 0.4939236111111112 0.35802469135802467 0.6979166666666666 0.3611111111111111 0.701388888888889 0.48302469135802467
0 0.296875 0.35802469135802467 0.3020833333333333 0.2515432098765432 0.49652777777777785 0.2515432098765432 0.4956597222222222 0.36265432098765427
0 0.49479166666666663 0.35956790123456794 0.4947916666666667 0.2515432098765432 0.693576388888889 0.25462962962962965 0.6961805555555556 0.3611111111111111
0 0.30121527777777773 0.25154320987654316 0.3046875 0.14506172839506176 0.49479166666666663 0.1450617283950617 0.4947916666666666 0.2515432098765432
0 0.4939236111111111 0.25154320987654316 0.4930555555555556 0.14506172839506176 0.6883680555555556 0.1435185185185185 0.6909722222222222 0.25462962962962965
0 0.8289930555555555 0.26080246913580246 0.8211805555555556 0.10802469135802471 0.9479166666666666 0.11265432098765431 0.959201388888889 0.2638888888888889
0 0.8333333333333333 0.41512345679012347 0.822048611111111 0.25771604938271603 0.9522569444444443 0.2608024691358025 0.9644097222222222 0.40895061728395066
0 0.8237847222222221 0.41512345679012347 0.9609374999999999 0.4104938271604938 0.9713541666666666 0.5709876543209876 0.8376736111111109 0.5709876543209876
0 0.8350694444444443 0.5740740740740741 0.9687500000000001 0.5709876543209876 0.9756944444444445 0.6604938271604938 0.8394097222222222 0.6558641975308641
0 0.9687500000000001 0.5694444444444444 1 0.5679012345679012 0.9973958333333334 0.6620370370370371 0.9774305555555556 0.6604938271604938
0 0.9704861111111109 0.5694444444444444 0.9609375 0.4074074074074074 1 0.4074074074074074 0.9973958333333334 0.5709876543209877
0 0.9652777777777776 0.4074074074074074 0.9539930555555556 0.2623456790123457 1 0.2669753086419752 0.9991319444444445 0.4104938271604938
0 0.9600694444444443 0.2623456790123456 0.9479166666666666 0.10956790123456793 1 0.10956790123456789 1 0.2638888888888889