0 0.030381944444444427 0.5848765432098765 0.022569444444444437 0.5030864197530863 0 0.5030864197530863 1.1102230246251566e-17 0.5864197530864197
0 0.028645833333333332 0.5833333333333334 0.024305555555555535 0.5046296296296298 0.21006944444444448 0.5046296296296297 0.21440972222222218 0.5802469135802468
0 0.02777777777777776 0.5864197530864197 0.03732638888888888 0.691358024691358 0 0.6898148148148148 0 0.5848765432098765
0 0.028645833333333332 0.5848765432098765 0.21180555555555552 0.58179012345679 0.21701388888888887 0.6898148148148149 0.03559027777777781 0.691358024691358
0 0.03732638888888889 0.6898148148148148 0.046875 0.7916666666666666 0 0.7932098765432098 0 0.691358024691358
0 0.03732638888888888 0.6898148148148148 0.21875 0.6898148148148148 0.2230902777777778 0.7870370370370371 0.046875000000000014 0.7885802469135802
0 0.04600694444444443 0.7916666666666666 0.054687500000000014 0.8842592592592593 0 0.8888888888888887 0.000868055555555558 0.7885802469135803
0 0.046875 0.7885802469135802 0.22482638888888887 0.7870370370370371 0.22829861111111113 0.881172839506173 0.055555555555555566 0.8811728395061729
0 0.06423611111111109 0.8811728395061728 0.24045138888888887 0.8780864197530863 0.2456597222222222 0.964506172839506 0.0737847222222222 0.9706790123456791
0 0.0737847222222222 0.9753086419753085 0.06510416666666667 0.8811728395061729 0 0.8858024691358025 0 0.9722222222222222
0 0.328125 0.5231481481481481 0.32291666666666674 0.3395061728395061 0.4418402777777778 0.34259259259259256 0.4453125 0.5246913580246915
0 0.4435763888888889 0.5246913580246914 0.4418402777777778 0.34259259259259256 0.5625 0.3472222222222222 0.5590277777777779 0.5277777777777778
0 0.5590277777777779 0.5277777777777778 0.5625 0.34413580246913583 0.6840277777777778 0.33950617283950607 0.6744791666666666 0.5246913580246914
0 0.33246527777777773 0.6867283950617283 0.3272569444444444 0.5246913580246915 0.4418402777777778 0.5262345679012345 0.44531250000000006 0.6944444444444444
0 0.4453125 0.691358024691358 0.4418402777777778 0.5231481481481483 0.5598958333333333 0.5277777777777779 0.5590277777777779 0.6975308641975307
0 0.5590277777777779 0.691358024691358 0.560763888888889 0.5246913580246914 0.677951388888889 0.5246913580246915 0.6727430555555556 0.6929012345679012
0 0.33767361111111105 0.8425925925925924 0.3324652777777778 0.6882716049382716 0.4427083333333333 0.6913580246913581 0.447048611111111 0.8441358024691357
0 0.4461805555555555 0.844135802469136 0.44357638888888895 0.691358024691358 0.5572916666666666 0.7006172839506173 0.5555555555555555 0.8503086419753086
0 0.5546874999999999 0.8533950617283951 0.5564236111111112 0.6929012345679013 0.6692708333333334 0.6913580246913581 0.6605902777777778 0.8518518518518519
0 0.3446180555555555 0.8441358024691358 0.44965277777777773 0.845679012345679 0.45312499999999994 0.984567901234568 0.37065972222222215 0.9830246913580245 0.38020833333333326 0.9459876543209875 0.345486111111111 0.9259259259259257
0 0.44965277777777773 0.845679012345679 0.5581597222222221 0.8503086419753088 0.5581597222222221 0.992283950617284 0.4522569444444444 0.984567901234568
0 0.5581597222222221 0.8533950617283951 0.6684027777777778 0.8518518518518519 0.6631944444444444 0.9938271604938274 0.5581597222222222 0.992283950617284
0 0.7647569444444443 0.6141975308641975 0.7725694444444444 0.4660493827160493 0.9149305555555555 0.47067901234567894 0.9045138888888891 0.6188271604938272
0 0.9045138888888888 0.6172839506172839 0.9149305555555555 0.4691358024691359 0.9774305555555556 0.4722222222222223 0.9644097222222222 0.6203703703703705
0 0.9652777777777778 0.6188271604938271 0.978298611111111 0.4675925925925926 1 0.46759259259259267 1 0.6203703703703703
0 0.7552083333333334 0.7515432098765432 0.7647569444444444 0.6141975308641976 0.8237847222222221 0.6172839506172838 0.8116319444444443 0.757716049382716
0 0.8116319444444443 0.757716049382716 0.8237847222222222 0.6172839506172839 0.8862847222222221 0.6188271604938272 0.873263888888889 0.7577160493827161
0 0.8732638888888888 0.7561728395061728 0.8871527777777778 0.6203703703703703 0.9461805555555555 0.6203703703703703 0.9322916666666667 0.7608024691358023
0 0.9322916666666666 0.757716049382716 0.9479166666666666 0.6188271604938271 1 0.625 1 0.6867283950617283 0.9921875 0.763888888888889
0 0.7560763888888888 0.8935185185185184 0.7630208333333334 0.7608024691358025 0.8958333333333334 0.7654320987654322 0.8854166666666665 0.8966049382716049
0 0.8845486111111109 0.8935185185185184 0.8949652777777776 0.7608024691358025 0.9522569444444443 0.763888888888889 0.939236111111111 0.8935185185185184
0 0.9409722222222221 0.8950617283950617 0.9557291666666666 0.7638888888888888 1 0.763888888888889 1 0.8966049382716049
0 0.7534722222222221 0.9598765432098764 0.7569444444444444 0.8935185185185183 0.814236111111111 0.8950617283950617 0.8090277777777778 0.964506172839506
0 0.8090277777777778 0.9614197530864199 0.8133680555555556 0.8950617283950618 0.8689236111111109 0.8996913580246916 0.8663194444444444 0.9706790123456791
0 0.8663194444444443 0.9691358024691357 0.8706597222222222 0.8950617283950618 0.9270833333333333 0.898148148148148 0.9236111111111112 0.9722222222222222
0 0.923611111111111 0.9722222222222222 0.9288194444444444 0.8950617283950618 0.986111111111111 0.8996913580246914 0.9809027777777776 0.9737654320987658
0 0.9817708333333333 0.9737654320987653 0.9869791666666667 0.8981481481481481 1 0.8996913580246915 1 0.9737654320987655