0 0.8411458333333333 0.7253086419753085 0.8307291666666666 0.5632716049382717 0.90625 0.5632716049382717 0.9192708333333334 0.7314814814814815
0 0.9201388888888888 0.7330246913580245 0.9071180555555557 0.5586419753086419 0.9843750000000001 0.5663580246913579 0.9965277777777779 0.7345679012345678
0 0.9279513888888891 0.48148148148148145 0.9817708333333334 0.4552469135802468 0.9913194444444445 0.5632716049382717 0.9331597222222224 0.5617283950617283
1 0.7048611111111109 0.35493827160493824 0.7751736111111112 0.3549382716049382 0.7786458333333334 0.4583333333333333 0.7065972222222221 0.4552469135802469
1 0.7760416666666665 0.35493827160493824 0.845486111111111 0.3580246913580248 0.8489583333333334 0.4614197530864198 0.779513888888889 0.4614197530864198
1 0.8437499999999999 0.35648148148148145 0.9149305555555555 0.35956790123456783 0.921875 0.46296296296296297 0.8489583333333334 0.4614197530864198
1 0.7065972222222221 0.4552469135802468 0.7795138888888891 0.45987654320987653 0.7803819444444444 0.5648148148148148 0.709201388888889 0.5632716049382718
1 0.7803819444444443 0.45833333333333326 0.8515625 0.4614197530864198 0.8585069444444444 0.5632716049382718 0.78125 0.5632716049382716
1 0.8506944444444443 0.4567901234567901 0.9227430555555556 0.4614197530864198 0.9305555555555555 0.5601851851851852 0.8585069444444445 0.5570987654320987
1 0.7083333333333333 0.5663580246913579 0.7821180555555556 0.5648148148148148 0.7881944444444443 0.677469135802469 0.7144097222222221 0.677469135802469
1 0.7152777777777776 0.6790123456790123 0.7890625 0.6805555555555556 0.7925347222222222 0.7484567901234569 0.78125 0.7515432098765431 0.7161458333333334 0.7515432098765432
1 0.3984375 0.41666666666666674 0.4010416666666667 0.3410493827160494 0.5173611111111112 0.35185185185185186 0.5164930555555556 0.42129629629629617
1 0.5156249999999999 0.4197530864197532 0.5173611111111112 0.35185185185185186 0.6380208333333334 0.35956790123456794 0.6380208333333333 0.42592592592592593
1 0.392361111111111 0.48302469135802467 0.39496527777777773 0.4104938271604938 0.5173611111111112 0.4228395061728395 0.513888888888889 0.4938271604938273
1 0.5156249999999999 0.4938271604938271 0.5173611111111112 0.4212962962962963 0.6371527777777778 0.42592592592592593 0.6380208333333333 0.49691358024691357
1 0.3880208333333333 0.5555555555555556 0.390625 0.48302469135802467 0.5138888888888888 0.4922839506172839 0.5130208333333334 0.5632716049382717
1 0.5130208333333333 0.5648148148148148 0.515625 0.48919753086419754 0.6371527777777778 0.49691358024691357 0.6380208333333334 0.5709876543209876
1 0.38715277777777773 0.5570987654320987 0.5130208333333333 0.5648148148148148 0.5121527777777778 0.6419753086419754 0.38541666666666663 0.6327160493827161
1 0.5147569444444444 0.5632716049382716 0.6380208333333333 0.5694444444444444 0.6380208333333333 0.6450617283950616 0.5112847222222222 0.6419753086419754
1 0.3880208333333333 0.6342592592592593 0.5147569444444445 0.6435185185185184 0.5121527777777779 0.7145061728395062 0.3836805555555555 0.7098765432098766
1 0.5121527777777778 0.6419753086419753 0.6397569444444444 0.6466049382716049 0.6397569444444444 0.7145061728395061 0.5121527777777779 0.7114197530864198
1 0.37934027777777773 0.70679012345679 0.5078124999999999 0.71141975308642 0.5069444444444444 0.7438271604938274 0.3776041666666667 0.7391975308641977
1 0.5130208333333334 0.7145061728395061 0.638888888888889 0.7160493827160493 0.6406249999999999 0.7901234567901235 0.6154513888888888 0.7484567901234568 0.5104166666666666 0.7438271604938272
1 0.04687499999999999 0.43981481481481477 0.054687499999999986 0.3348765432098766 0 0.3302469135802469 0 0.43672839506172834
1 0.04687499999999999 0.4429012345679013 0.036458333333333336 0.5478395061728395 0 0.5478395061728395 0.0008680555555555469 0.43827160493827166
1 0.03472222222222221 0.5493827160493826 0.02517361111111111 0.6635802469135802 3.7007434154171884e-18 0.6651234567901234 7.401486830834377e-18 0.5462962962962963
1 0.023437500000000007 0.6666666666666665 0.015625 0.7608024691358024 0.0017361111111111197 0.7577160493827161 0 0.662037037037037