0 0.11024305555555554 0.2052469135802469 0.12239583333333336 0.05092592592592595 0.23263888888888884 0.05092592592592592 0.22309027777777776 0.20987654320987653
0 0.22482638888888884 0.20987654320987653 0.23263888888888887 0.05092592592592595 0.34027777777777773 0.05401234567901233 0.3368055555555555 0.21296296296296297
0 0.3394097222222222 0.21759259259259256 0.34548611111111105 0.06481481481481478 0.4522569444444444 0.0709876543209876 0.4487847222222222 0.2191358024691358
0 0.09809027777777776 0.37191358024691357 0.11024305555555557 0.20679012345679004 0.22048611111111113 0.20524691358024694 0.21354166666666669 0.3719135802469136
0 0.21440972222222224 0.37654320987654327 0.22395833333333334 0.21141975308641975 0.3359375 0.21604938271604937 0.3289930555555556 0.37191358024691357
0 0.32986111111111105 0.37654320987654316 0.3385416666666667 0.21450617283950624 0.44878472222222227 0.21604938271604943 0.4461805555555555 0.37962962962962965
0 0.0815972222222222 0.5416666666666666 0.09374999999999997 0.36728395061728397 0.21006944444444445 0.37345679012345684 0.2039930555555555 0.5462962962962964
0 0.2039930555555555 0.5447530864197532 0.21267361111111113 0.37654320987654316 0.3289930555555555 0.37808641975308643 0.31857638888888895 0.5462962962962963
0 0.3203125 0.5478395061728395 0.3289930555555556 0.37962962962962976 0.4453125 0.38117283950617276 0.4427083333333333 0.5462962962962963
0 0.059895833333333336 0.70679012345679 0.07291666666666664 0.5416666666666666 0.18923611111111108 0.5416666666666667 0.18055555555555552 0.7175925925925926
0 0.18229166666666663 0.7160493827160493 0.19097222222222224 0.5416666666666667 0.31250000000000006 0.5462962962962963 0.3055555555555555 0.7145061728395061
0 0.30902777777777773 0.7129629629629629 0.31597222222222227 0.5478395061728396 0.4357638888888889 0.5478395061728396 0.43402777777777773 0.7175925925925926
0 0.5642361111111112 0.6481481481481483 0.5651041666666665 0.6080246913580246 0.7760416666666666 0.6126543209876543 0.7777777777777778 0.6558641975308641
0 0.7769097222222221 0.6049382716049382 0.9869791666666666 0.6080246913580246 0.9991319444444444 0.7268518518518519 0.953125 0.6558641975308641 0.7777777777777778 0.654320987654321
0 0.564236111111111 0.6080246913580246 0.5633680555555555 0.48919753086419754 0.7690972222222222 0.49537037037037046 0.7743055555555556 0.6157407407407407
0 0.7682291666666665 0.49074074074074087 0.974826388888889 0.492283950617284 0.986111111111111 0.6064814814814815 0.7743055555555555 0.6049382716049382
0 0.5616319444444444 0.4922839506172839 0.5616319444444445 0.37808641975308643 0.7630208333333334 0.37962962962962965 0.767361111111111 0.49537037037037035
0 0.7673611111111112 0.48919753086419754 0.763888888888889 0.37654320987654316 0.9609375 0.37962962962962965 0.9713541666666667 0.49074074074074076
0 0.5607638888888888 0.37654320987654316 0.560763888888889 0.2731481481481481 0.756076388888889 0.27469135802469136 0.7604166666666666 0.37962962962962965
0 0.7621527777777776 0.375 0.756076388888889 0.2716049382716049 0.9505208333333333 0.2731481481481481 0.9600694444444444 0.3796296296296296
0 0.556423611111111 0.2762345679012345 0.5572916666666666 0.17283950617283958 0.7473958333333334 0.16975308641975306 0.751736111111111 0.27314814814814814
0 0.751736111111111 0.2716049382716049 0.7473958333333334 0.1712962962962963 0.9374999999999999 0.17438271604938269 0.947048611111111 0.2746913580246913
0 0.05468749999999999 0.16358024691358025 0.06423611111111112 0.06635802469135803 0 0.0648148148148148 7.401486830834377e-18 0.12499999999999994 0.02170138888888889 0.1280864197530864 0.05468750000000001 0.18055555555555552
0 0.021701388888888878 0.1265432098765432 0.013020833333333334 0.23765432098765435 0 0.2361111111111111 7.401486830834377e-18 0.12499999999999997