0 0.18142361111111108 0.19753086419753083 0.19010416666666663 0.07870370370370373 0.25434027777777785 0.08024691358024691 0.24739583333333337 0.19444444444444445
0 0.2543402777777778 0.0787037037037037 0.38281250000000006 0.07561728395061729 0.37934027777777773 0.19290123456790118 0.24826388888888887 0.19444444444444442
0 0.05989583333333333 0.19907407407407404 0.18663194444444448 0.19598765432098772 0.17881944444444448 0.3179012345679012 0.05034722222222223 0.3179012345679012
0 0.18055555555555552 0.3163580246913581 0.1875 0.1944444444444445 0.2526041666666667 0.1975308641975308 0.2473958333333334 0.316358024691358
0 0.24913194444444445 0.3148148148148148 0.2534722222222222 0.19753086419753085 0.3177083333333333 0.1959876543209876 0.3133680555555556 0.316358024691358
0 0.3133680555555555 0.31790123456790115 0.3194444444444444 0.19444444444444445 0.38715277777777773 0.19907407407407407 0.3828125 0.32253086419753085
0 0.047743055555555546 0.316358024691358 0.11111111111111108 0.31635802469135804 0.10503472222222227 0.43827160493827166 0.03993055555555555 0.43672839506172834
0 0.1111111111111111 0.31635802469135804 0.18055555555555552 0.31635802469135804 0.17361111111111108 0.43672839506172834 0.10590277777777776 0.4351851851851852
0 0.17968749999999997 0.3148148148148148 0.24826388888888887 0.31635802469135804 0.2421875 0.43981481481481494 0.171875 0.4382716049382717
0 0.24739583333333331 0.31172839506172834 0.3862847222222222 0.316358024691358 0.3819444444444444 0.44290123456790126 0.24131944444444448 0.441358024691358
0 0.03732638888888888 0.43672839506172834 0.17274305555555555 0.43672839506172834 0.16493055555555555 0.5694444444444444 0.02690972222222223 0.566358024691358
0 0.17013888888888887 0.43672839506172834 0.24392361111111116 0.43981481481481477 0.23611111111111113 0.5694444444444444 0.1657986111111111 0.5694444444444445
0 0.2430555555555555 0.4398148148148148 0.3133680555555555 0.44135802469135793 0.30989583333333337 0.5679012345679012 0.23611111111111113 0.5679012345679012
0 0.3133680555555555 0.441358024691358 0.3819444444444444 0.4444444444444444 0.37934027777777773 0.5725308641975307 0.30815972222222227 0.5709876543209876
0 0.02777777777777776 0.5679012345679012 0.09288194444444446 0.5679012345679012 0.0859375 0.6759259259259259 0.019097222222222248 0.6666666666666666
0 0.0911458333333333 0.566358024691358 0.1640625 0.5694444444444444 0.15711805555555552 0.6805555555555557 0.08506944444444446 0.6743827160493827
0 0.1631944444444444 0.5694444444444444 0.2352430555555555 0.5694444444444444 0.23177083333333337 0.6851851851851852 0.15711805555555555 0.6805555555555556
0 0.2361111111111111 0.5694444444444444 0.37934027777777773 0.5756172839506174 0.3741319444444445 0.6898148148148148 0.2309027777777778 0.6851851851851852
0 0.5286458333333333 0.6188271604938271 0.5286458333333334 0.5246913580246915 0.6692708333333334 0.5262345679012346 0.6727430555555556 0.6203703703703705
0 0.6744791666666665 0.6219135802469136 0.671875 0.5246913580246914 0.8133680555555555 0.5277777777777779 0.8194444444444444 0.6219135802469137
0 0.8194444444444443 0.6219135802469136 0.8151041666666666 0.529320987654321 0.9522569444444444 0.529320987654321 0.9678819444444444 0.6898148148148148 0.9210069444444445 0.6234567901234567
0 0.5312499999999999 0.5277777777777778 0.529513888888889 0.36728395061728397 0.665798611111111 0.367283950617284 0.6710069444444444 0.5262345679012346
0 0.6718749999999999 0.5246913580246914 0.665798611111111 0.36265432098765427 0.802951388888889 0.3626543209876542 0.8133680555555556 0.529320987654321
0 0.8142361111111109 0.529320987654321 0.8038194444444444 0.3641975308641976 0.9409722222222221 0.3688271604938272 0.953125 0.5324074074074076
0 0.5347222222222221 0.3672839506172839 0.53125 0.21450617283950613 0.6649305555555556 0.21450617283950613 0.6701388888888888 0.3626543209876542
0 0.6710069444444443 0.36265432098765427 0.6666666666666666 0.21141975308641964 0.8012152777777778 0.21296296296296308 0.8098958333333334 0.3611111111111112
0 0.8116319444444445 0.36265432098765427 0.8029513888888888 0.21141975308641975 0.9357638888888888 0.21759259259259253 0.9470486111111112 0.3703703703703703
0 0.5373263888888888 0.21450617283950615 0.5347222222222222 0.06790123456790122 0.6649305555555556 0.06790123456790116 0.6684027777777778 0.20987654320987656
0 0.6684027777777776 0.21296296296296294 0.6649305555555556 0.06635802469135804 0.7960069444444444 0.06327160493827161 0.8038194444444444 0.20987654320987653
0 0.8038194444444443 0.20370370370370366 0.7968749999999999 0.06481481481481478 0.9288194444444444 0.06944444444444445 0.9383680555555556 0.21450617283950618
0 0.5373263888888888 0.06790123456790122 0.5364583333333334 0 0.662326388888889 0 0.6649305555555555 0.06790123456790122
0 0.6657986111111109 0.06481481481481481 0.6605902777777778 0 0.790798611111111 0.0015432098765432274 0.7942708333333334 0.06172839506172841
0 0.7960069444444444 0.06481481481481481 0.7916666666666665 0 0.9210069444444443 0.0030864197530864547 0.923611111111111 0.06635802469135799