0 0.21440972222222218 0.39197530864197533 0.21961805555555552 0.28086419753086417 0.4027777777777778 0.28240740740740744 0.3993055555555555 0.3904320987654321
0 0.03038194444444442 0.38734567901234573 0.2144097222222222 0.3919753086419754 0.20920138888888884 0.49845679012345673 0.0217013888888889 0.49691358024691346
0 0.21440972222222218 0.39043209876543206 0.40017361111111105 0.39043209876543206 0.3993055555555555 0.5015432098765431 0.20920138888888892 0.49845679012345673
0 0.020833333333333332 0.49691358024691357 0.20920138888888887 0.5015432098765432 0.20399305555555552 0.6141975308641975 0.013888888888888885 0.6049382716049382
0 0.2118055555555555 0.4969135802469137 0.3993055555555556 0.49691358024691357 0.3940972222222222 0.6172839506172839 0.2039930555555556 0.6157407407407407
0 0.5442708333333334 0.6481481481481483 0.545138888888889 0.5709876543209876 0.6414930555555556 0.5756172839506173 0.6440972222222222 0.6466049382716049
0 0.6432291666666665 0.6466049382716049 0.6414930555555556 0.5725308641975307 0.7404513888888891 0.5709876543209876 0.7447916666666666 0.6481481481481481
0 0.743923611111111 0.6481481481481483 0.7430555555555556 0.5694444444444444 0.826388888888889 0.5725308641975307 0.8298611111111112 0.6496913580246914
0 0.8307291666666667 0.6466049382716049 0.8272569444444445 0.5679012345679012 0.9131944444444444 0.5694444444444444 0.920138888888889 0.6975308641975307 0.892361111111111 0.6496913580246914
0 0.5425347222222222 0.5663580246913581 0.5416666666666666 0.43672839506172834 0.6206597222222222 0.4351851851851852 0.623263888888889 0.5709876543209876
0 0.6232638888888888 0.5679012345679012 0.6206597222222222 0.42901234567901236 0.704861111111111 0.43672839506172834 0.7074652777777778 0.5694444444444444
0 0.7074652777777776 0.5709876543209876 0.7022569444444444 0.4274691358024691 0.8090277777777776 0.4274691358024691 0.8159722222222222 0.5679012345679013
0 0.8168402777777778 0.5725308641975309 0.8107638888888888 0.42901234567901236 0.9019097222222224 0.42438271604938277 0.9131944444444444 0.5709876543209876
0 0.5381944444444445 0.4351851851851852 0.5373263888888888 0.3040123456790123 0.631076388888889 0.3040123456790123 0.6336805555555556 0.433641975308642
0 0.6336805555555556 0.433641975308642 0.631076388888889 0.30092592592592593 0.7248263888888891 0.2978395061728395 0.7343749999999999 0.4212962962962963
0 0.7326388888888888 0.42592592592592593 0.728298611111111 0.29475308641975306 0.8081597222222224 0.2916666666666667 0.8159722222222222 0.4274691358024691
0 0.8151041666666666 0.4212962962962963 0.8081597222222222 0.2932098765432099 0.8880208333333335 0.2932098765432099 0.8984375000000001 0.4274691358024691
0 0.5329861111111112 0.30401234567901225 0.5321180555555556 0.18209876543209877 0.607638888888889 0.17901234567901234 0.6102430555555556 0.3040123456790123
0 0.6102430555555555 0.3024691358024691 0.6085069444444444 0.17283950617283952 0.6883680555555556 0.1774691358024691 0.6909722222222222 0.2978395061728395
0 0.6918402777777776 0.16975308641975304 0.7821180555555556 0.16358024691358025 0.787326388888889 0.2916666666666667 0.6909722222222222 0.2947530864197531
0 0.7829861111111109 0.16358024691358025 0.875 0.16203703703703698 0.8854166666666666 0.2885802469135802 0.7899305555555556 0.2916666666666667
0 0.5303819444444444 0.18364197530864193 0.529513888888889 0.06635802469135799 0.6171875 0.06327160493827158 0.6180555555555556 0.17438271604938266 0.6085069444444444 0.17283950617283947 0.6059027777777778 0.18209876543209874
0 0.6189236111111109 0.1759259259259259 0.6171875 0.061728395061728385 0.7065972222222222 0.04938271604938273 0.7135416666666665 0.1651234567901234 0.6909722222222222 0.16975308641975304 0.689236111111111 0.17746913580246912
0 0.712673611111111 0.16820987654320987 0.7074652777777779 0.0478395061728395 0.787326388888889 0.041666666666666664 0.7925347222222222 0.16203703703703698
0 0.7925347222222221 0.162037037037037 0.7855902777777778 0.04012345679012344 0.8628472222222222 0.04012345679012343 0.8723958333333333 0.16203703703703703
0 0.9435763888888888 0.2006172839506173 0.9296875000000001 0.047839506172839524 1 0.04475308641975307 1 0.20061728395061731
0 0.9539930555555556 0.36419753086419754 0.9383680555555556 0.19753086419753085 1 0.2037037037037037 1 0.36419753086419754
0 0.9522569444444443 0.36419753086419754 1 0.36419753086419754 1 0.5416666666666666 0.9696180555555557 0.5401234567901234
0 0.9670138888888888 0.5478395061728395 1 0.5478395061728396 1 0.6805555555555556 0.9817708333333334 0.6790123456790123