0 0.3836805555555555 0.5555555555555556 0.3802083333333333 0.37191358024691357 0.5520833333333334 0.3734567901234568 0.5494791666666666 0.5555555555555556
0 0.5512152777777778 0.5555555555555556 0.5538194444444444 0.37037037037037035 0.7222222222222222 0.37037037037037035 0.712673611111111 0.5540123456790123
0 0.38715277777777773 0.7253086419753085 0.3836805555555556 0.5524691358024693 0.5486111111111112 0.5540123456790124 0.546875 0.7237654320987655
0 0.5486111111111112 0.5524691358024691 0.7109375 0.5509259259259259 0.7022569444444444 0.720679012345679 0.546875 0.7222222222222222
0 0.39236111111111105 0.720679012345679 0.5503472222222221 0.7191358024691358 0.5477430555555555 0.875 0.39496527777777773 0.8780864197530864
0 0.5520833333333333 0.7222222222222222 0.704861111111111 0.7175925925925926 0.697048611111111 0.8688271604938274 0.546875 0.875
0 0.3940972222222222 0.8811728395061728 0.545138888888889 0.8719135802469137 0.5460069444444444 0.9799382716049384 0.39756944444444436 0.9876543209876542
0 0.546875 0.8703703703703702 0.697048611111111 0.867283950617284 0.6909722222222222 1 0.640625 0.9984567901234569 0.5460069444444445 0.9830246913580245
0 0.9435763888888888 0.6774691358024691 0.9505208333333334 0.5756172839506173 1 0.5648148148148148 0.9991319444444445 0.6697530864197531
0 0.7595486111111109 0.8040123456790123 0.7699652777777778 0.6990740740740741 0.9470486111111109 0.7006172839506173 0.9348958333333334 0.8055555555555556
0 0.9366319444444443 0.7962962962962963 0.9487847222222222 0.6975308641975307 1 0.6944444444444445 1 0.7962962962962965
0 0.7526041666666665 0.9074074074074073 0.759548611111111 0.8148148148148148 0.9357638888888891 0.8117283950617284 0.9262152777777778 0.9089506172839508
0 0.9288194444444445 0.9012345679012348 0.9383680555555556 0.8055555555555557 1 0.8024691358024693 0.9982638888888891 0.8981481481481481
0 0.7482638888888888 0.9521604938271604 0.7508680555555557 0.9120370370370371 0.9201388888888891 0.9135802469135802 0.9166666666666667 0.9629629629629629
0 0.9201388888888888 0.9537037037037035 0.9244791666666666 0.9120370370370369 1 0.9074074074074076 1 0.9490740740740741
1 0.6874999999999999 0.24537037037037038 0.763888888888889 0.2469135802469136 0.759548611111111 0.37962962962962965 0.7230902777777778 0.3827160493827161 0.7230902777777778 0.37345679012345684 0.685763888888889 0.32253086419753085
1 0.7604166666666667 0.24228395061728392 0.8289930555555556 0.24537037037037038 0.8255208333333334 0.37037037037037035 0.756076388888889 0.38117283950617276
1 0.8289930555555555 0.24228395061728392 0.9053819444444444 0.24537037037037032 0.900173611111111 0.35956790123456794 0.8246527777777778 0.37037037037037035