0 0.05642361111111109 0.3611111111111111 0.1753472222222222 0.3611111111111111 0.1875 0.5385802469135801 0.07291666666666666 0.5385802469135801
0 0.17621527777777773 0.35956790123456794 0.2994791666666667 0.35802469135802467 0.30642361111111105 0.5385802469135803 0.18663194444444445 0.5416666666666666
0 0.2994791666666667 0.3549382716049383 0.4201388888888889 0.35339506172839513 0.4201388888888889 0.5339506172839507 0.3046875 0.5339506172839505
0 0.07465277777777776 0.5385802469135802 0.1866319444444444 0.5354938271604939 0.19791666666666666 0.7021604938271605 0.08854166666666667 0.70679012345679
0 0.18836805555555552 0.5401234567901234 0.3038194444444444 0.537037037037037 0.3098958333333333 0.7006172839506173 0.19791666666666669 0.7052469135802468
0 0.3046875 0.5339506172839505 0.4201388888888889 0.5370370370370371 0.4227430555555555 0.7052469135802468 0.31250000000000006 0.7037037037037038
0 0.08593749999999997 0.7052469135802468 0.1970486111111111 0.7052469135802468 0.20833333333333334 0.853395061728395 0.09895833333333333 0.8580246913580246
0 0.19791666666666663 0.7052469135802468 0.30902777777777773 0.7037037037037037 0.3151041666666667 0.8564814814814815 0.20572916666666666 0.8549382716049384
0 0.30902777777777773 0.7021604938271604 0.42274305555555547 0.7037037037037038 0.42708333333333337 0.8611111111111112 0.31510416666666674 0.8580246913580246
0 0.0980902777777778 0.8564814814814816 0.20572916666666666 0.8564814814814815 0.21614583333333334 0.9984567901234569 0.1111111111111111 0.992283950617284
0 0.20659722222222218 0.8533950617283951 0.3151041666666667 0.859567901234568 0.32204861111111105 1 0.2152777777777778 0.9969135802469137
0 0.3159722222222222 0.8580246913580246 0.42361111111111105 0.8626543209876544 0.4270833333333333 1 0.3229166666666667 0.9984567901234569