0 0.062499999999999986 0.5895061728395061 0.07204861111111112 0.4691358024691358 0.27517361111111105 0.4799382716049382 0.26996527777777773 0.6033950617283951
0 0.2708333333333333 0.6080246913580246 0.2769097222222222 0.48302469135802467 0.46874999999999994 0.49537037037037035 0.46874999999999994 0.6126543209876544
0 0.0659722222222222 0.5895061728395061 0.27430555555555547 0.601851851851852 0.2708333333333333 0.7175925925925927 0.054687500000000014 0.7098765432098766
0 0.2743055555555555 0.6033950617283951 0.4739583333333333 0.6111111111111113 0.47482638888888895 0.7253086419753085 0.2699652777777777 0.7175925925925927
0 0.24218749999999997 0.44907407407407407 0.4071180555555556 0.4583333333333333 0.4071180555555555 0.4876543209876544 0.23958333333333334 0.4830246913580248
0 0.5286458333333333 0.5555555555555556 0.6519097222222222 0.5586419753086419 0.6553819444444444 0.7268518518518519 0.537326388888889 0.7175925925925927 0.5407986111111112 0.654320987654321 0.5277777777777779 0.654320987654321
0 0.6527777777777776 0.5570987654320987 0.7786458333333334 0.5617283950617283 0.7864583333333334 0.7361111111111113 0.654513888888889 0.7253086419753086
0 0.7786458333333333 0.5617283950617283 0.8967013888888888 0.5679012345679012 0.90625 0.7299382716049382 0.782986111111111 0.7314814814814816
0 0.5277777777777778 0.5555555555555556 0.5269097222222222 0.3873456790123457 0.6493055555555556 0.39351851851851855 0.6536458333333334 0.5632716049382716
0 0.6536458333333333 0.5555555555555556 0.6484375 0.3904320987654321 0.7708333333333333 0.3950617283950617 0.7786458333333334 0.5617283950617284
0 0.7769097222222222 0.5617283950617283 0.7725694444444443 0.3966049382716051 0.8888888888888888 0.3996913580246913 0.900173611111111 0.5632716049382717
0 0.5269097222222222 0.38580246913580246 0.5286458333333334 0.23148148148148154 0.646701388888889 0.23611111111111116 0.650173611111111 0.39351851851851855
0 0.6501736111111109 0.39043209876543206 0.646701388888889 0.23611111111111105 0.763888888888889 0.23765432098765435 0.7717013888888888 0.3950617283950617
0 0.7725694444444443 0.39814814814814814 0.765625 0.24228395061728403 0.8802083333333334 0.24691358024691365 0.8880208333333333 0.3981481481481482
0 0.5295138888888888 0.23148148148148145 0.5286458333333334 0.08796296296296299 0.642361111111111 0.09104938271604938 0.6449652777777778 0.2361111111111111
0 0.6467013888888888 0.2376543209876543 0.642361111111111 0.08796296296296297 0.7578125 0.09259259259259256 0.7630208333333333 0.2391975308641975
0 0.7647569444444443 0.24074074074074073 0.7578124999999999 0.09413580246913582 0.8663194444444445 0.10030864197530867 0.8758680555555556 0.24691358024691354
1 0.31684027777777773 0.38425925925925924 0.38541666666666674 0.38425925925925924 0.38454861111111105 0.45987654320987653 0.31250000000000006 0.4552469135802468
1 0.3897569444444444 0.3827160493827161 0.45746527777777773 0.38271604938271603 0.4583333333333333 0.49074074074074076 0.4088541666666667 0.4753086419753086 0.40798611111111105 0.45679012345679015 0.3871527777777777 0.4583333333333333