0 0.06944444444444443 0.5138888888888888 0.2708333333333333 0.5138888888888888 0.27517361111111105 0.6342592592592592 0.08072916666666667 0.6265432098765432
0 0.2717013888888889 0.5092592592592593 0.46875 0.5108024691358024 0.4722222222222222 0.6296296296296297 0.27690972222222227 0.6296296296296297
0 0.08072916666666664 0.6311728395061728 0.27690972222222215 0.6296296296296297 0.28298611111111105 0.7453703703703705 0.08940972222222224 0.7407407407407408
0 0.2769097222222222 0.6296296296296297 0.4730902777777778 0.6311728395061729 0.4748263888888889 0.7422839506172838 0.2821180555555555 0.7407407407407406
0 0.0911458333333333 0.7407407407407407 0.28211805555555547 0.7469135802469135 0.2899305555555556 0.8487654320987655 0.09982638888888892 0.8441358024691358
0 0.2847222222222222 0.7422839506172839 0.47656249999999994 0.7438271604938271 0.4782986111111111 0.8472222222222223 0.2890625 0.8503086419753088
0 0.08854166666666664 0.8441358024691358 0.27777777777777773 0.8487654320987655 0.2847222222222222 0.9459876543209877 0.09548611111111113 0.9429012345679014
0 0.2795138888888889 0.8503086419753086 0.46875 0.8503086419753088 0.47135416666666663 0.9444444444444444 0.2838541666666667 0.9444444444444444
0 0.0868055555555556 0.9382716049382719 0.26996527777777773 0.947530864197531 0.2725694444444444 0.9953703703703703 0.08854166666666667 0.9861111111111112
0 0.2786458333333333 0.9429012345679013 0.46440972222222227 0.947530864197531 0.46440972222222227 1 0.28125000000000006 0.9907407407407407
0 0.5416666666666665 0.5632716049382716 0.546875 0.3996913580246913 0.6067708333333334 0.38580246913580246 0.6796875 0.39197530864197533 0.6710069444444444 0.566358024691358
0 0.5468749999999999 0.7330246913580246 0.5512152777777779 0.566358024691358 0.6788194444444444 0.5694444444444444 0.6710069444444444 0.7314814814814815
0 0.548611111111111 0.8858024691358024 0.5529513888888888 0.7330246913580246 0.673611111111111 0.7345679012345678 0.6684027777777779 0.8873456790123457
0 0.5520833333333333 0.8842592592592592 0.670138888888889 0.8873456790123458 0.6666666666666667 0.9938271604938274 0.590277777777778 0.9861111111111112 0.5503472222222222 0.9737654320987655
0 0.6727430555555555 0.566358024691358 0.677951388888889 0.3935185185185186 0.8124999999999999 0.39043209876543217 0.802951388888889 0.566358024691358
0 0.6744791666666665 0.7330246913580246 0.6796875 0.566358024691358 0.8072916666666666 0.5663580246913581 0.7994791666666666 0.7283950617283951
0 0.6684027777777776 0.8858024691358024 0.6744791666666666 0.7330246913580246 0.8003472222222224 0.7314814814814816 0.7916666666666666 0.8858024691358025
0 0.6718749999999999 0.8873456790123457 0.7916666666666666 0.8904320987654322 0.7881944444444444 0.9969135802469137 0.6675347222222221 0.9938271604938274
0 0.8038194444444443 0.566358024691358 0.8125000000000001 0.3950617283950617 0.9444444444444443 0.39043209876543217 0.9331597222222222 0.5617283950617283
0 0.7994791666666665 0.7314814814814815 0.8081597222222222 0.566358024691358 0.935763888888889 0.5632716049382717 0.9227430555555556 0.7299382716049383
0 0.7934027777777776 0.8904320987654321 0.8003472222222222 0.7314814814814814 0.920138888888889 0.7299382716049383 0.9088541666666666 0.8780864197530864
0 0.7890624999999999 0.9969135802469135 0.7942708333333334 0.8888888888888888 0.9088541666666665 0.8780864197530863 0.8993055555555556 1
0 0.9644097222222221 0.9999999999999998 0.9817708333333334 0.845679012345679 1 0.8487654320987655 0.9999999999999999 1
0 0.9800347222222222 0.844135802469136 1 0.6820987654320988 1 0.8441358024691359