0 0.09635416666666664 0.3703703703703703 0.22135416666666663 0.367283950617284 0.23177083333333334 0.5432098765432098 0.11197916666666667 0.5524691358024693
0 0.2196180555555555 0.36419753086419754 0.34548611111111105 0.3688271604938272 0.34895833333333337 0.5354938271604939 0.2309027777777778 0.5416666666666666
0 0.3428819444444444 0.3626543209876543 0.46267361111111105 0.3580246913580248 0.4644097222222222 0.5354938271604939 0.34722222222222227 0.5354938271604939
0 0.1163194444444444 0.5493827160493826 0.23090277777777782 0.5401234567901235 0.24305555555555555 0.7052469135802469 0.13020833333333334 0.7098765432098765
0 0.23437499999999997 0.5432098765432097 0.3515625 0.5385802469135801 0.3567708333333333 0.6990740740740741 0.24479166666666666 0.7037037037037036
0 0.3506944444444444 0.5339506172839504 0.46701388888888895 0.5339506172839507 0.4678819444444444 0.6959876543209875 0.35677083333333326 0.6975308641975309
0 0.13020833333333331 0.7114197530864197 0.24218749999999997 0.7006172839506172 0.2526041666666667 0.8533950617283951 0.14062499999999997 0.8595679012345678
0 0.2430555555555555 0.6990740740740741 0.359375 0.6990740740740742 0.3637152777777778 0.858024691358025 0.2517361111111111 0.858024691358025
0 0.3585069444444444 0.6990740740740741 0.4704861111111111 0.6959876543209875 0.4713541666666667 0.8503086419753083 0.36371527777777773 0.8595679012345678
0 0.1440972222222222 0.8611111111111112 0.25347222222222215 0.8533950617283951 0.26302083333333337 0.9922839506172842 0.1788194444444445 0.9969135802469139 0.1944444444444445 0.9660493827160491 0.15277777777777782 0.9506172839506172
0 0.25347222222222215 0.8595679012345678 0.36458333333333326 0.8564814814814814 0.3689236111111111 0.9938271604938274 0.2604166666666667 0.9969135802469137
0 0.3645833333333333 0.8580246913580247 0.4713541666666667 0.8518518518518519 0.4739583333333333 0.9861111111111112 0.36979166666666674 0.9891975308641973
0 0.6015624999999999 0.5015432098765431 0.6059027777777778 0.37345679012345684 0.8098958333333334 0.37500000000000006 0.802951388888889 0.49845679012345695
0 0.8046874999999999 0.49537037037037035 0.8098958333333335 0.375 1 0.3734567901234569 1 0.49074074074074076
0 0.6015624999999999 0.6172839506172838 0.603298611111111 0.5015432098765432 0.8029513888888891 0.49845679012345695 0.795138888888889 0.6157407407407406
0 0.7977430555555556 0.6126543209876542 0.806423611111111 0.49691358024691357 0.9991319444444443 0.49537037037037035 0.9895833333333333 0.6111111111111112
0 0.5998263888888888 0.7299382716049382 0.603298611111111 0.6188271604938272 0.798611111111111 0.6172839506172837 0.7916666666666666 0.7268518518518521
0 0.7934027777777776 0.7237654320987654 0.8003472222222222 0.6141975308641975 0.9878472222222224 0.609567901234568 0.9791666666666666 0.7191358024691358
0 0.5980902777777778 0.8333333333333334 0.6015625 0.7299382716049383 0.7899305555555556 0.7283950617283951 0.7847222222222222 0.8317901234567898
0 0.7855902777777778 0.8317901234567903 0.790798611111111 0.7253086419753086 0.9765624999999999 0.7191358024691358 0.9661458333333333 0.8225308641975307
0 0.5980902777777778 0.9336419753086419 0.599826388888889 0.8333333333333334 0.7864583333333334 0.83179012345679 0.7803819444444444 0.9290123456790125
0 0.7803819444444444 0.9290123456790123 0.7864583333333334 0.8271604938271605 0.96875 0.8225308641975307 0.9609374999999999 0.9197530864197531
0 0.5989583333333333 0.9320987654320988 0.7795138888888891 0.9305555555555556 0.775173611111111 0.9753086419753085 0.59375 0.9691358024691359
0 0.7812499999999999 0.9274691358024693 0.9583333333333335 0.91820987654321 0.951388888888889 1 0.9444444444444444 1 0.9227430555555556 0.9614197530864197 0.7777777777777778 0.970679012345679
0 0.025173611111111095 0.8688271604938271 0.039062500000000014 0.9984567901234566 0 1 0.000868055555555558 0.8703703703703702
0 0.023437500000000007 0.867283950617284 0.005208333333333328 0.7067901234567902 0 0.7083333333333334 0 0.8688271604938271