0 0.08854166666666664 0.1234567901234568 0.09895833333333333 0.016975308641975318 0.2890625 0.016975308641975318 0.28298611111111105 0.12654320987654322
0 0.2847222222222222 0.12499999999999997 0.2899305555555556 0.016975308641975318 0.4800347222222222 0.027777777777777776 0.4774305555555555 0.13271604938271603
0 0.07725694444444443 0.23302469135802467 0.08593749999999999 0.1219135802469136 0.2838541666666667 0.12962962962962962 0.2803819444444444 0.24074074074074073
0 0.27951388888888895 0.24074074074074073 0.2847222222222222 0.12654320987654327 0.48090277777777785 0.13734567901234576 0.4782986111111112 0.24845679012345684
0 0.06510416666666667 0.3425925925925925 0.07552083333333329 0.2330246913580248 0.2734375 0.24074074074074078 0.2673611111111111 0.3611111111111111
0 0.26996527777777773 0.35339506172839513 0.27517361111111105 0.23919753086419757 0.4756944444444445 0.2438271604938272 0.4730902777777778 0.36111111111111116
0 0.05381944444444445 0.4691358024691358 0.06597222222222222 0.3441358024691358 0.2647569444444445 0.3580246913580248 0.2586805555555556 0.47685185185185186
0 0.2604166666666667 0.4722222222222223 0.2664930555555555 0.353395061728395 0.4713541666666666 0.3611111111111112 0.4678819444444445 0.47839506172839513
0 0.04166666666666665 0.5941358024691358 0.05555555555555554 0.46759259259259267 0.2638888888888889 0.4753086419753087 0.2595486111111111 0.6003086419753085
0 0.2595486111111111 0.6003086419753085 0.2664930555555555 0.4737654320987655 0.4722222222222222 0.47839506172839513 0.47135416666666663 0.603395061728395
0 0.0425347222222222 0.6466049382716049 0.04774305555555555 0.5941358024691358 0.2621527777777778 0.5987654320987654 0.26128472222222215 0.6481481481481481
0 0.26128472222222215 0.6481481481481481 0.2638888888888889 0.5987654320987655 0.4730902777777778 0.6003086419753086 0.4739583333333333 0.7268518518518519 0.4262152777777778 0.6527777777777778
0 0.5633680555555555 0.25925925925925924 0.5651041666666666 0.14197530864197536 0.7578125 0.1450617283950618 0.759548611111111 0.2561728395061729
0 0.7569444444444443 0.1450617283950617 0.9479166666666665 0.1512345679012346 0.9557291666666665 0.25925925925925924 0.7595486111111109 0.25617283950617287
0 0.5624999999999999 0.36574074074074076 0.5642361111111112 0.25154320987654316 0.7612847222222222 0.25462962962962965 0.7630208333333335 0.375
0 0.7612847222222221 0.375 0.759548611111111 0.2530864197530864 0.9539930555555555 0.2592592592592592 0.9618055555555556 0.37654320987654316
0 0.5616319444444444 0.48456790123456783 0.5625 0.3626543209876543 0.7630208333333334 0.37191358024691357 0.7664930555555556 0.49074074074074076
0 0.7656249999999999 0.4891975308641975 0.7621527777777778 0.3719135802469135 0.9618055555555557 0.37654320987654316 0.9713541666666666 0.49537037037037035
0 0.5633680555555555 0.6049382716049382 0.5633680555555556 0.4830246913580248 0.7682291666666666 0.4891975308641975 0.7743055555555556 0.6080246913580247
0 0.7743055555555555 0.6111111111111112 0.7690972222222222 0.49074074074074076 0.9739583333333334 0.49537037037037035 0.982638888888889 0.6157407407407407
0 0.5677083333333333 0.6558641975308641 0.568576388888889 0.6049382716049383 0.7769097222222222 0.6080246913580246 0.779513888888889 0.6589506172839505
0 0.7821180555555555 0.6589506172839505 0.7803819444444444 0.6080246913580246 0.9878472222222222 0.6157407407407407 0.998263888888889 0.7253086419753084 0.9600694444444444 0.6635802469135801
0 0.5624999999999999 0.13888888888888887 0.5633680555555556 0.08950617283950617 0.740451388888889 0.08641975308641976 0.7421875 0.14814814814814808
0 0.7430555555555556 0.14197530864197533 0.7421875000000001 0.08487654320987653 0.9175347222222222 0.08641975308641976 0.920138888888889 0.15586419753086422
0 0.03298611111111109 0.13580246913580246 0.0407986111111111 0.024691358024691336 0 0.020061728395061734 0.0008680555555555506 0.13117283950617284
0 0.03559027777777779 0.13734567901234568 0.025173611111111115 0.24228395061728397 0 0.2361111111111111 0.000868055555555558 0.13117283950617287
0 0.02604166666666666 0.24228395061728392 0.013888888888888892 0.3580246913580246 0 0.35802469135802467 0 0.2376543209876544