0 0.0390625 0.6234567901234567 0.05121527777777777 0.49074074074074076 0.18055555555555552 0.5 0.17187499999999997 0.6234567901234567
0 0.17274305555555552 0.6219135802469136 0.18055555555555555 0.5015432098765432 0.3125 0.5123456790123457 0.30815972222222227 0.625
0 0.4348958333333333 0.6975308641975307 0.43749999999999994 0.5138888888888888 0.3116319444444444 0.5123456790123456 0.30642361111111105 0.6234567901234568 0.390625 0.6219135802469137
0 0.4383680555555555 0.5123456790123456 0.4435763888888889 0.3317901234567901 0.322048611111111 0.32407407407407407 0.3125 0.5123456790123456
0 0.3125 0.5092592592592593 0.3203125 0.32253086419753085 0.19791666666666666 0.3179012345679012 0.1875 0.5015432098765432
0 0.18489583333333331 0.49691358024691357 0.19444444444444445 0.3179012345679012 0.07465277777777776 0.3132716049382716 0.05989583333333336 0.49691358024691357
0 0.32638888888888895 0.3209876543209877 0.33159722222222227 0.15895061728395057 0.4487847222222222 0.16975308641975312 0.44531250000000006 0.3348765432098766
0 0.20225694444444445 0.3163580246913581 0.21267361111111113 0.154320987654321 0.3307291666666667 0.16049382716049385 0.32291666666666674 0.32561728395061723
0 0.07465277777777776 0.31172839506172834 0.09114583333333331 0.14197530864197536 0.20920138888888887 0.15895061728395063 0.20138888888888887 0.3209876543209877
0 0.09288194444444443 0.1435185185185185 0.10677083333333331 0 0.21875 0.0015432098765431879 0.20920138888888887 0.15586419753086422
0 0.2100694444444445 0.1481481481481481 0.22048611111111113 0 0.3350694444444444 1.3158198810372226e-17 0.32986111111111105 0.16049382716049387
0 0.3307291666666667 0.1589506172839506 0.3368055555555555 0 0.4487847222222222 0.010802469135802448 0.4435763888888888 0.16820987654320985
0 0.5364583333333333 0.6419753086419753 0.5364583333333334 0.5216049382716049 0.6571180555555556 0.5246913580246915 0.6588541666666666 0.6450617283950617
0 0.6588541666666665 0.6466049382716049 0.6571180555555556 0.5262345679012345 0.7803819444444444 0.5277777777777778 0.7847222222222222 0.6419753086419753
0 0.7838541666666665 0.6419753086419753 0.78125 0.5308641975308641 0.9010416666666666 0.5354938271604938 0.9131944444444445 0.7067901234567902 0.8723958333333335 0.6435185185185185
0 0.5364583333333333 0.5216049382716049 0.5347222222222222 0.3487654320987654 0.6510416666666666 0.3503086419753087 0.65625 0.5231481481481483
0 0.6571180555555555 0.5262345679012345 0.6536458333333334 0.3503086419753087 0.7725694444444444 0.35339506172839497 0.7821180555555556 0.5262345679012345
0 0.78125 0.5262345679012345 0.7734375 0.3549382716049384 0.888888888888889 0.3611111111111111 0.9010416666666665 0.5354938271604938
0 0.5329861111111112 0.35185185185185186 0.5329861111111112 0.18827160493827158 0.6440972222222222 0.19135802469135804 0.6493055555555556 0.34876543209876537
0 0.6510416666666666 0.3503086419753087 0.6458333333333334 0.18827160493827164 0.759548611111111 0.19444444444444445 0.7682291666666666 0.35185185185185186
0 0.7725694444444445 0.3549382716049383 0.7656250000000001 0.19290123456790126 0.8741319444444444 0.19290123456790126 0.884548611111111 0.3595679012345679
0 0.5321180555555556 0.19135802469135801 0.53125 0.040123456790123455 0.6380208333333334 0.038580246913580266 0.642361111111111 0.18981481481481483
0 0.6432291666666665 0.1929012345679012 0.6397569444444444 0.04012345679012347 0.7508680555555557 0.04012345679012341 0.7586805555555556 0.19444444444444445
0 0.7604166666666665 0.1929012345679012 0.751736111111111 0.0354938271604938 0.8619791666666665 0.0478395061728395 0.8715277777777778 0.19598765432098764