0 0.7803819444444443 0.6064814814814815 0.9895833333333333 0.6064814814814816 0.9930555555555556 0.6635802469135802 0.7838541666666666 0.6620370370370371
0 0.9887152777777776 0.6064814814814815 0.9774305555555555 0.48302469135802467 0.7734375 0.48302469135802467 0.7795138888888888 0.6064814814814815
0 0.7734374999999999 0.48148148148148145 0.7699652777777778 0.36574074074074087 0.967013888888889 0.36419753086419754 0.9774305555555556 0.48456790123456783
0 0.7743055555555555 0.36574074074074076 0.7690972222222221 0.25 0.9565972222222222 0.2530864197530864 0.9670138888888888 0.3657407407407408
0 0.7699652777777778 0.25462962962962965 0.7664930555555555 0.14197530864197536 0.9539930555555557 0.14351851851851852 0.9618055555555555 0.25462962962962965
0 0.7673611111111109 0.14043209876543208 0.7621527777777778 0.03703703703703706 0.9496527777777778 0.04012345679012347 0.9565972222222221 0.14351851851851852
0 0.9565972222222221 0.1450617283950617 0.9496527777777779 0.03703703703703702 1 0.041666666666666644 0.9991319444444444 0.1419753086419753
0 0.9548611111111109 0.1435185185185185 1 0.1435185185185185 1 0.2530864197530864 0.9609375000000001 0.25462962962962965
0 0.9574652777777776 0.2561728395061728 1 0.25 1 0.36419753086419754 0.9670138888888891 0.36419753086419754
0 0.9670138888888888 0.36265432098765427 1 0.36265432098765427 1 0.4861111111111111 0.9765625 0.4861111111111111
0 0.3081597222222222 0.5879629629629629 0.5217013888888888 0.5987654320987654 0.5199652777777778 0.6527777777777777 0.30642361111111105 0.6342592592592593
0 0.5225694444444444 0.6527777777777778 0.521701388888889 0.5972222222222222 0.732638888888889 0.6018518518518519 0.7369791666666666 0.7253086419753085 0.6944444444444444 0.6527777777777778
0 0.3107638888888889 0.5864197530864197 0.31597222222222227 0.4691358024691358 0.5225694444444444 0.478395061728395 0.5208333333333334 0.6003086419753085
0 0.5251736111111113 0.595679012345679 0.5243055555555555 0.47685185185185197 0.7291666666666666 0.4861111111111111 0.7352430555555556 0.6049382716049382
0 0.3151041666666667 0.4675925925925926 0.3185763888888889 0.35493827160493835 0.5208333333333333 0.36265432098765427 0.5208333333333333 0.4753086419753086
0 0.5225694444444444 0.4753086419753086 0.521701388888889 0.36265432098765427 0.7222222222222222 0.3703703703703704 0.7256944444444444 0.4861111111111111
0 0.31423611111111105 0.3549382716049383 0.3194444444444444 0.24074074074074073 0.5164930555555556 0.25 0.5156249999999999 0.3611111111111111
0 0.5190972222222222 0.35956790123456794 0.5199652777777779 0.2530864197530865 0.7152777777777778 0.2638888888888889 0.717013888888889 0.3703703703703704
0 0.3194444444444444 0.24074074074074073 0.3237847222222222 0.12962962962962962 0.34027777777777773 0.13425925925925927 0.34375000000000006 0.16203703703703703 0.48958333333333326 0.14197530864197536 0.5190972222222222 0.14506172839506173 0.5182291666666666 0.25
0 0.5190972222222222 0.25462962962962965 0.5199652777777779 0.14814814814814814 0.7100694444444444 0.154320987654321 0.7144097222222222 0.2623456790123457
1 0.06037854758880575 0.7882415999472374 0.07379600260854038 0.6201845875788442 0.19272344482891532 0.6288584978946323 0.18418506436181145 0.7893258387367109
1 0.07379600260854037 0.6201845875788443 0.08660357330919613 0.4727281122104477 0.20004205665786146 0.48248626131570915 0.19150367619075762 0.6288584978946323
1 0.08721345762827497 0.47272811221044775 0.09941114400985189 0.3393667411052067 0.20919032144404415 0.3426194574736272 0.2006519409769403 0.4846547388946562
1 0.20065194097694034 0.48573897768412977 0.20919032144404412 0.34370369626310077 0.3140904243256057 0.3502091289999418 0.3147003086446845 0.3545460841578358 0.31774973024007863 0.3588830393157298 0.3140904243256057 0.4933286492104443
1 0.19150367619075764 0.6288584978946323 0.20065194097694034 0.4835705001051828 0.31409042432560574 0.4944128879999179 0.31104100273021135 0.5898259014735862 0.3079915811348171 0.5898259014735862 0.3055520438585018 0.6353639306314733 0.30311250658218636 0.6342796918419998 0.30311250658218636 0.6451220797367347
1 0.18357518004273263 0.7914943163156579 0.19211356050983647 0.6288584978946323 0.3037223909012653 0.6418693633683142 0.2982334320295557 0.7893258387367108 0.2726182906282441 0.7741464956840817 0.2280967353354884 0.7893258387367108