0 0.0894097222222222 0.5447530864197531 0.1640625 0.5432098765432098 0.15277777777777776 0.7114197530864198 0.07899305555555557 0.7098765432098764
0 0.16927083333333331 0.5447530864197531 0.2465277777777778 0.5478395061728394 0.23611111111111113 0.7145061728395061 0.1579861111111111 0.7114197530864198
0 0.24739583333333331 0.5478395061728394 0.3220486111111111 0.5524691358024691 0.3133680555555556 0.7160493827160493 0.23524305555555552 0.7160493827160493
0 0.34375 0.5586419753086419 0.48263888888888895 0.5740740740740741 0.48090277777777785 0.7222222222222222 0.3385416666666668 0.7175925925925926
0 0.3272569444444444 0.44753086419753085 0.45052083333333337 0.4799382716049383 0.44791666666666674 0.572530864197531 0.34375000000000006 0.558641975308642 0.34114583333333337 0.5864197530864198 0.33593750000000006 0.5864197530864198 0.3229166666666668 0.558641975308642
1 0.08854166666666667 0.41358024691358014 0.09288194444444446 0.3410493827160494 0 0.3333333333333333 0 0.4058641975308642
1 0.08506944444444446 0.41358024691358025 0.07725694444444446 0.48302469135802467 0 0.47685185185185186 0.0017361111111111307 0.40432098765432106
1 0.0755208333333333 0.48302469135802456 0.06857638888888888 0.5555555555555556 0 0.5493827160493827 0.0008680555555555654 0.4753086419753087
1 0.0677083333333333 0.552469135802469 0.0625 0.6280864197530865 0 0.6234567901234568 0 0.5478395061728396
1 0.0017361111111111086 0.625 0.061631944444444434 0.6280864197530863 0.05729166666666665 0.7037037037037037 0 0.7021604938271605
1 0.05381944444444443 0.7037037037037037 0.05034722222222223 0.7407407407407407 0 0.7376543209876543 0.0008680555555555617 0.7021604938271605
1 0.08593749999999997 0.4151234567901234 0.09461805555555557 0.33950617283950624 0.21614583333333337 0.3503086419753087 0.21180555555555552 0.41820987654320985
1 0.0798611111111111 0.4753086419753087 0.08593749999999996 0.41203703703703703 0.20572916666666666 0.4197530864197532 0.20486111111111113 0.48919753086419754
1 0.0703125 0.558641975308642 0.07986111111111113 0.47685185185185186 0.20052083333333334 0.48765432098765416 0.1953125 0.5432098765432097 0.0902777777777778 0.5432098765432097 0.0859375 0.558641975308642
1 0.2803819444444444 0.44753086419753085 0.28559027777777773 0.3441358024691359 0.3567708333333333 0.34567901234567905 0.3532986111111111 0.4490740740740741
1 0.3524305555555556 0.4506172839506172 0.35763888888888895 0.3441358024691359 0.4296875000000001 0.35185185185185186 0.4270833333333334 0.45679012345679015
1 0.4279513888888889 0.4567901234567901 0.4305555555555555 0.3503086419753087 0.49999999999999994 0.35648148148148145 0.49739583333333337 0.45679012345679015
1 0.2743055555555556 0.5493827160493827 0.2786458333333333 0.44907407407407396 0.3272569444444445 0.45061728395061734 0.3151041666666667 0.47067901234567916 0.3133680555555555 0.5524691358024691
1 0.5729166666666665 0.40586419753086417 0.5729166666666666 0.3148148148148148 0.650173611111111 0.32407407407407396 0.650173611111111 0.4135802469135802
1 0.6493055555555556 0.40895061728395066 0.6484375 0.3194444444444444 0.7230902777777776 0.3271604938271605 0.7265625 0.4166666666666666
1 0.7256944444444444 0.41358024691358014 0.7239583333333334 0.32561728395061723 0.7968750000000001 0.33487654320987653 0.7994791666666665 0.4197530864197532
1 0.5703124999999999 0.49845679012345673 0.5720486111111112 0.40586419753086417 0.6475694444444444 0.4135802469135802 0.6475694444444444 0.5046296296296297
1 0.646701388888889 0.5030864197530864 0.6484375 0.4104938271604939 0.7256944444444444 0.41512345679012347 0.7274305555555556 0.5108024691358023
1 0.7282986111111109 0.5108024691358023 0.7265625 0.41203703703703703 0.7994791666666666 0.4212962962962963 0.8046875 0.5108024691358024
1 0.5703124999999999 0.595679012345679 0.5711805555555556 0.49691358024691357 0.650173611111111 0.5046296296296295 0.6510416666666667 0.5987654320987654
1 0.6510416666666666 0.5972222222222222 0.6493055555555556 0.5 0.728298611111111 0.5061728395061728 0.7309027777777776 0.6033950617283951
1 0.7317708333333333 0.603395061728395 0.7282986111111112 0.5061728395061728 0.8038194444444444 0.5138888888888888 0.8090277777777776 0.6080246913580246
1 0.5694444444444444 0.6929012345679012 0.5703125 0.5910493827160493 0.6493055555555556 0.5941358024691357 0.6510416666666666 0.6929012345679012
1 0.6527777777777778 0.6929012345679013 0.650173611111111 0.5956790123456791 0.7309027777777779 0.6018518518518521 0.7335069444444444 0.6959876543209876
1 0.7343749999999999 0.6975308641975307 0.7291666666666666 0.6003086419753085 0.8064236111111109 0.6080246913580245 0.8090277777777778 0.7006172839506173
1 0.5711805555555555 0.6913580246913579 0.650173611111111 0.6944444444444444 0.6519097222222222 0.7484567901234568 0.5720486111111112 0.7469135802469135
1 0.6501736111111109 0.6913580246913579 0.7335069444444444 0.6975308641975309 0.734375 0.7500000000000001 0.6510416666666666 0.7484567901234568
1 0.7343749999999999 0.6959876543209875 0.8098958333333334 0.7006172839506173 0.8151041666666665 0.794753086419753 0.7847222222222222 0.7515432098765433 0.734375 0.7515432098765433
1 0.8229166666666665 0.4290123456790123 0.8185763888888888 0.33796296296296297 0.8923611111111109 0.3410493827160493 0.896701388888889 0.43055555555555547
1 0.8975694444444444 0.4290123456790124 0.892361111111111 0.3425925925925926 0.9652777777777776 0.3472222222222222 0.9696180555555555 0.4351851851851852
1 0.9704861111111109 0.43364197530864196 0.9661458333333335 0.3472222222222221 0.9999999999999999 0.3503086419753086 0.9991319444444443 0.43672839506172834
1 0.8229166666666666 0.5185185185185185 0.8177083333333335 0.42592592592592593 0.8923611111111112 0.4274691358024691 0.8984375 0.5200617283950617
1 0.8984374999999999 0.5216049382716049 0.892361111111111 0.42592592592592593 0.9678819444444444 0.433641975308642 0.9730902777777779 0.5200617283950617
1 0.9739583333333333 0.5216049382716049 0.96875 0.43055555555555547 1 0.433641975308642 0.9991319444444444 0.5231481481481483
1 0.8255208333333335 0.6080246913580245 0.822048611111111 0.5185185185185184 0.8993055555555556 0.5200617283950617 0.9036458333333333 0.6126543209876543
1 0.9036458333333335 0.6095679012345679 0.8975694444444445 0.5185185185185185 0.9730902777777778 0.5200617283950616 0.9800347222222224 0.6126543209876543
1 0.9791666666666665 0.6141975308641975 0.9739583333333335 0.5185185185185185 1 0.5200617283950617 1 0.6172839506172839
1 0.8315972222222224 0.7037037037037038 0.8255208333333335 0.6080246913580247 0.9027777777777778 0.6095679012345682 0.9088541666666669 0.7098765432098766
1 0.9088541666666667 0.7083333333333334 0.9027777777777779 0.6111111111111112 0.9791666666666666 0.6126543209876543 0.9861111111111109 0.7052469135802468
1 0.8307291666666665 0.70679012345679 0.9062500000000001 0.70679012345679 0.9140625000000001 0.7993827160493826 0.8350694444444443 0.8009259259259258
1 0.9079861111111109 0.7052469135802468 0.986111111111111 0.7052469135802469 0.9947916666666666 0.8024691358024691 0.9131944444444445 0.7978395061728396