0 0.0008680555555555433 0.294753086419753 0.11197916666666664 0.2916666666666667 0.12499999999999999 0.4598765432098765 0 0.462962962962963
0 0.1145833333333333 0.29938271604938266 0.24826388888888887 0.30092592592592593 0.25607638888888884 0.46296296296296297 0.12239583333333333 0.4660493827160493
0 0.2508680555555555 0.2962962962962963 0.38020833333333337 0.29783950617283955 0.38454861111111105 0.4552469135802469 0.25520833333333337 0.45679012345679015
0 0.12413194444444446 0.46296296296296297 0.1362847222222222 0.6095679012345679 0.00868055555555555 0.6141975308641975 0 0.5416666666666667 0 0.4614197530864197
0 0.12586805555555552 0.46296296296296297 0.2543402777777778 0.45987654320987653 0.2630208333333333 0.6126543209876543 0.1362847222222222 0.6126543209876544
0 0.2586805555555555 0.45679012345679015 0.38628472222222227 0.45833333333333326 0.3888888888888889 0.6111111111111112 0.265625 0.6095679012345678
0 0.009548611111111131 0.6141975308641975 0.13628472222222224 0.6126543209876543 0.14756944444444445 0.7546296296296297 0.026041666666666696 0.7577160493827159
0 0.13802083333333331 0.6141975308641975 0.2638888888888889 0.6141975308641975 0.26996527777777773 0.7577160493827159 0.15104166666666666 0.7577160493827159
0 0.2647569444444444 0.6126543209876543 0.3914930555555555 0.6095679012345678 0.3958333333333333 0.7515432098765432 0.2717013888888889 0.7530864197530863
0 0.031249999999999986 0.757716049382716 0.15277777777777776 0.75 0.16493055555555555 0.8858024691358023 0.0451388888888889 0.8919753086419755
0 0.1519097222222222 0.7530864197530863 0.27517361111111105 0.7561728395061728 0.2864583333333333 0.8842592592592592 0.16493055555555552 0.8873456790123457
0 0.2795138888888889 0.7530864197530863 0.40017361111111105 0.7469135802469137 0.40451388888888895 0.8811728395061729 0.28472222222222227 0.8827160493827161
0 0.04861111111111109 0.8966049382716049 0.16666666666666666 0.8873456790123458 0.1727430555555556 1 0.05468750000000003 1
0 0.16666666666666663 0.8858024691358024 0.2864583333333333 0.8842592592592593 0.2925347222222222 1 0.17534722222222224 1
0 0.28559027777777773 0.8842592592592592 0.40364583333333337 0.8842592592592593 0.4053819444444445 0.9984567901234569 0.29079861111111105 1
0 0.5190972222222222 0.3410493827160494 0.5225694444444445 0.25000000000000006 0.7144097222222222 0.2500000000000001 0.7144097222222222 0.33950617283950624
0 0.7135416666666665 0.33796296296296297 0.7109375 0.2530864197530864 0.90625 0.25771604938271603 0.9019097222222222 0.345679012345679
0 0.5190972222222222 0.3395061728395061 0.646701388888889 0.33487654320987653 0.6440972222222222 0.4243827160493827 0.5190972222222222 0.42438271604938277
0 0.6440972222222221 0.3395061728395061 0.7751736111111109 0.33950617283950607 0.7743055555555556 0.4274691358024691 0.642361111111111 0.42438271604938266
0 0.7743055555555555 0.4274691358024691 0.7743055555555555 0.339506172839506 0.904513888888889 0.3456790123456791 0.8967013888888888 0.4320987654320987
0 0.5164930555555556 0.42901234567901236 0.712673611111111 0.4290123456790124 0.7118055555555556 0.5108024691358025 0.5164930555555556 0.5123456790123456
0 0.712673611111111 0.42592592592592593 0.8958333333333334 0.4305555555555556 0.888888888888889 0.5154320987654321 0.7144097222222222 0.5123456790123456
0 0.5182291666666666 0.507716049382716 0.640625 0.5108024691358025 0.638888888888889 0.5910493827160495 0.5190972222222222 0.5864197530864197
0 0.6414930555555556 0.5108024691358025 0.7664930555555555 0.5138888888888888 0.7621527777777778 0.595679012345679 0.6380208333333334 0.5910493827160493
0 0.7664930555555555 0.5123456790123456 0.890625 0.5169753086419753 0.8836805555555556 0.595679012345679 0.7612847222222222 0.595679012345679
0 0.5182291666666666 0.6697530864197531 0.5164930555555556 0.5895061728395062 0.697048611111111 0.5925925925925927 0.6944444444444444 0.6743827160493826
0 0.6987847222222221 0.6728395061728395 0.7005208333333334 0.595679012345679 0.8828125 0.5972222222222222 0.8776041666666666 0.6743827160493827
0 0.5173611111111112 0.7438271604938272 0.5182291666666666 0.6666666666666666 0.6380208333333334 0.6697530864197532 0.6362847222222222 0.7438271604938271
0 0.6362847222222222 0.7484567901234567 0.6380208333333334 0.6666666666666667 0.7569444444444444 0.6743827160493827 0.7543402777777776 0.7484567901234568
0 0.7552083333333334 0.7484567901234568 0.7586805555555555 0.6728395061728395 0.8793402777777778 0.6743827160493827 0.8758680555555556 0.7500000000000001
0 0.5164930555555556 0.7438271604938271 0.6918402777777778 0.75 0.689236111111111 0.8225308641975307 0.5164930555555556 0.8132716049382716
0 0.7039930555555555 0.7546296296296297 0.8776041666666666 0.7484567901234567 0.8715277777777778 0.824074074074074 0.6996527777777778 0.8179012345679013
0 0.5190972222222222 0.8179012345679013 0.6362847222222222 0.822530864197531 0.634548611111111 0.8904320987654322 0.521701388888889 0.8873456790123458
0 0.6371527777777776 0.8225308641975309 0.7552083333333334 0.8225308641975307 0.7517361111111109 0.8919753086419756 0.6354166666666666 0.890432098765432
0 0.756076388888889 0.8209876543209876 0.8732638888888891 0.8271604938271606 0.8680555555555556 0.8935185185185185 0.7508680555555556 0.8904320987654322
0 0.5208333333333333 0.8888888888888887 0.6927083333333334 0.8935185185185183 0.6883680555555556 0.9614197530864197 0.5199652777777779 0.9629629629629629
0 0.7031249999999999 0.8966049382716049 0.873263888888889 0.8981481481481481 0.8706597222222224 0.9660493827160496 0.7013888888888888 0.9645061728395062
0 0.5243055555555556 0.9614197530864197 0.638888888888889 0.9629629629629629 0.6380208333333334 1 0.5234375 0.9984567901234569
0 0.638888888888889 0.9614197530864197 0.7543402777777776 0.9629629629629629 0.7517361111111109 0.9969135802469137 0.6362847222222224 0.9969135802469137
0 0.7534722222222221 0.9660493827160493 0.868923611111111 0.9660493827160496 0.865451388888889 1 0.7526041666666666 0.9969135802469137
0 0.9574652777777776 0.970679012345679 0.9618055555555556 0.904320987654321 1 0.9043209876543209 1 0.9783950617283951
0 0.9678819444444443 0.904320987654321 0.9791666666666667 0.7854938271604937 1 0.7885802469135804 1 0.9027777777777779
0 0.9835069444444445 0.7808641975308641 0.9982638888888891 0.6466049382716049 1 0.7854938271604938