0 0.04166666666666666 0.5154320987654321 0.17013888888888887 0.5169753086419753 0.16145833333333331 0.638888888888889 0.056423611111111084 0.6342592592592594 0.056423611111111084 0.6111111111111113 0.03472222222222223 0.6080246913580247
0 0.17274305555555552 0.5169753086419753 0.3020833333333333 0.5246913580246914 0.296875 0.6450617283950618 0.16666666666666666 0.6404320987654321
0 0.3020833333333333 0.5246913580246914 0.4314236111111111 0.5277777777777779 0.43142361111111105 0.7222222222222222 0.4210069444444444 0.720679012345679 0.3802083333333333 0.6450617283950618 0.29774305555555547 0.6404320987654322
0 0.04947916666666666 0.32407407407407407 0.17621527777777776 0.33024691358024694 0.16666666666666666 0.5123456790123456 0.03645833333333335 0.5108024691358025
0 0.17708333333333331 0.32716049382716045 0.3029513888888889 0.3333333333333333 0.296875 0.5200617283950617 0.1657986111111111 0.5138888888888888
0 0.30642361111111105 0.33487654320987653 0.4288194444444445 0.3425925925925926 0.42795138888888895 0.5262345679012345 0.29947916666666674 0.5200617283950618
0 0.05295138888888888 0.3225308641975308 0.06770833333333331 0.14660493827160492 0.18663194444444445 0.14814814814814817 0.17621527777777773 0.32561728395061734
0 0.18142361111111108 0.32716049382716045 0.1909722222222222 0.15586419753086417 0.3133680555555556 0.16358024691358025 0.3046875 0.3317901234567901
0 0.3072916666666667 0.3333333333333333 0.31423611111111105 0.15586419753086422 0.4383680555555555 0.16358024691358025 0.4357638888888889 0.3425925925925926
0 0.06684027777777776 0.14660493827160495 0.07725694444444449 3.947459643111668e-17 0.1953125 0.0015432098765432274 0.18836805555555552 0.14969135802469138
0 0.18923611111111113 0.1450617283950617 0.1970486111111111 0 0.31857638888888895 0 0.3125 0.14660493827160498
0 0.3151041666666667 0.15277777777777776 0.3220486111111111 0 0.44010416666666674 0.004629629629629616 0.4366319444444445 0.1651234567901234
0 0.5130208333333333 0.18055555555555552 0.5130208333333334 0.08024691358024688 0.6927083333333334 0.07561728395061727 0.6996527777777778 0.17592592592592587
0 0.7005208333333333 0.1759259259259259 0.6918402777777776 0.07253086419753085 0.875 0.07098765432098768 0.8828124999999999 0.17129629629629625
0 0.5138888888888888 0.1774691358024692 0.6979166666666666 0.17592592592592593 0.703125 0.2808641975308642 0.513888888888889 0.2839506172839506
0 0.7031249999999999 0.2808641975308641 0.6987847222222222 0.1774691358024691 0.884548611111111 0.16975308641975312 0.8932291666666666 0.27314814814814814
0 0.5182291666666666 0.3950617283950617 0.5182291666666666 0.28395061728395066 0.709201388888889 0.2824074074074074 0.7135416666666666 0.3873456790123457
0 0.7135416666666665 0.38734567901234573 0.7083333333333334 0.27932098765432106 0.8975694444444444 0.27314814814814814 0.9088541666666667 0.3796296296296297
0 0.5251736111111112 0.5 0.5243055555555556 0.39043209876543206 0.7152777777777778 0.38580246913580246 0.7222222222222222 0.49537037037037035
0 0.7196180555555555 0.49537037037037035 0.7161458333333334 0.38734567901234573 0.9114583333333335 0.3827160493827161 0.9227430555555555 0.4938271604938271
0 0.5277777777777778 0.6172839506172839 0.5277777777777779 0.5000000000000001 0.7230902777777778 0.4938271604938272 0.7300347222222222 0.6111111111111112
0 0.7282986111111109 0.6095679012345678 0.7239583333333334 0.4938271604938271 0.921875 0.49537037037037035 0.9322916666666665 0.6080246913580246
0 0.5286458333333333 0.6157407407407407 0.7300347222222222 0.6111111111111112 0.7352430555555556 0.6913580246913581 0.5755208333333334 0.6929012345679013 0.5737847222222222 0.6774691358024691 0.529513888888889 0.6697530864197531
0 0.7291666666666665 0.6095679012345678 0.9348958333333334 0.6095679012345678 0.9366319444444443 0.6358024691358025 0.8715277777777776 0.6743827160493827 0.7795138888888888 0.6898148148148148 0.7343749999999999 0.6929012345679013