0 0.3359375 0.5231481481481481 0.3315972222222222 0.33179012345679015 0.4965277777777778 0.33641975308641975 0.4982638888888889 0.5262345679012345
0 0.4982638888888889 0.5246913580246912 0.4991319444444444 0.33333333333333337 0.6684027777777778 0.3348765432098766 0.6614583333333333 0.5262345679012346
0 0.3394097222222222 0.5231481481481481 0.49652777777777773 0.523148148148148 0.4973958333333333 0.7006172839506172 0.345486111111111 0.6975308641975307
0 0.49999999999999994 0.5231481481481481 0.6605902777777778 0.5246913580246914 0.6536458333333334 0.6975308641975309 0.5 0.6975308641975309
0 0.3489583333333333 0.7006172839506172 0.5043402777777779 0.699074074074074 0.5026041666666666 0.8641975308641975 0.3532986111111111 0.8626543209876544
0 0.5052083333333333 0.6975308641975307 0.6597222222222222 0.6975308641975307 0.6553819444444444 0.8611111111111112 0.5034722222222222 0.8641975308641973
0 0.3567708333333333 0.8611111111111112 0.5078124999999999 0.8641975308641974 0.5052083333333334 1 0.37500000000000006 1 0.3819444444444445 0.9799382716049382 0.35677083333333337 0.9629629629629629
0 0.5069444444444444 0.8626543209876544 0.657986111111111 0.8611111111111112 0.6519097222222222 1 0.5069444444444445 1
0 0.7760416666666665 0.5385802469135801 0.7847222222222224 0.3626543209876544 0.9027777777777776 0.3580246913580248 0.8906249999999999 0.5339506172839505
0 0.892361111111111 0.5339506172839505 0.9053819444444443 0.35648148148148145 1 0.3533950617283952 1 0.5277777777777777
0 0.767361111111111 0.6944444444444444 0.7777777777777778 0.537037037037037 0.8862847222222222 0.537037037037037 0.8776041666666665 0.6913580246913579
0 0.8776041666666667 0.6882716049382716 0.8880208333333335 0.5308641975308642 1 0.5262345679012346 1 0.5555555555555555 0.9869791666666666 0.6851851851851851
0 0.7595486111111112 0.8472222222222222 0.7682291666666666 0.6975308641975309 0.8776041666666666 0.6959876543209876 0.8645833333333334 0.845679012345679
0 0.8645833333333335 0.845679012345679 0.8776041666666666 0.6882716049382717 0.9861111111111112 0.6836419753086419 0.9730902777777776 0.8410493827160493
0 0.7612847222222221 0.8472222222222222 0.8637152777777778 0.8472222222222221 0.8541666666666666 0.9753086419753085 0.796875 0.9799382716049382 0.7578125 0.9429012345679012
0 0.8663194444444443 0.845679012345679 0.9704861111111112 0.8441358024691359 0.9574652777777778 0.9753086419753088 0.8559027777777778 0.9783950617283953
0 0.9583333333333334 0.970679012345679 0.9730902777777778 0.8425925925925926 1 0.8441358024691358 0.9991319444444444 0.9706790123456788
0 0.9739583333333333 0.8410493827160493 0.9878472222222221 0.6867283950617283 1 0.6851851851851852 1 0.8395061728395062