0 0 0.53166310969942 0.11572037964611499 0.5378596494395066 0.10108105451016071 0.6927731429416686 7.401486830834377e-18 0.6865766032015821
0 0.11502326892535528 0.5378596494395065 0.23492631289602875 0.5403382653355411 0.22656098424691193 0.6927731429416686 0.10108105451016071 0.6878159111495994
0 0.23422920217526896 0.5366203414914892 0.35413224614594235 0.5440561891795931 0.34716113893834505 0.7026876065258069 0.22656098424691198 0.694012450889686
0 0.013245103694434856 0.35939930492501587 0.12617704045751096 0.36435653671708496 0.1136290474838358 0.5403382653355412 0 0.5329024176474373 0 0.5006804109989876
0 0.12687415117827067 0.36311722876906777 0.24329164154514551 0.3655958446651024 0.23283498073374956 0.5403382653355412 0.11502326892535528 0.5329024176474374
0 0.24538297370742465 0.36559584466510237 0.3597091319120202 0.37055307645717156 0.3548293568667021 0.5440561891795931 0.2356234236167884 0.5403382653355412
0 0.033461314596467 0.20076788757880193 0.14499902991802363 0.20448581142285382 0.13035970478206935 0.3655958446651023 0.0167306572982335 0.3631172287690678
0 0.13035970478206935 0.36187792082105047 0.1456961406387834 0.20076788757880198 0.2558396345188206 0.2020071955268192 0.2474743058697038 0.3668351526131197
0 0.24817141659046354 0.364356536717085 0.25514252379806085 0.19952857963078469 0.36807446056113696 0.20696442731888845 0.3604062426327799 0.36807446056113696
0 0.03415842531722672 0.20076788757880198 0.048797750453181014 0.049572317920691784 0.15754702289169878 0.04957231792069184 0.1436048084765042 0.20200719552681928
0 0.14290769775574444 0.19828927168276742 0.156849912170939 0.047093702024657215 0.2697818489340152 0.049572317920691784 0.2600222988433789 0.20200719552681923
0 0.25793096668109977 0.20076788757880193 0.2697818489340152 0.048333009972674555 0.37434845704797454 0.06196539740086477 0.3701657927234161 0.21192165911095762
0 0.48875806814408057 0.20473456243903515 0.4901290585175563 0.048746324390246454 0.6121472017568919 0.049964982500002614 0.612147201756892 0.20960919487805976
0 0.6128326969436296 0.20960919487805976 0.6107762113834163 0.048746324390246454 0.7362218305564412 0.05727693115853959 0.7396493064901303 0.21813980164635294
0 0.7410202968636059 0.2193584597561091 0.7375928209299168 0.05605827304878343 0.8589254689825148 0.0706821703658574 0.8644094304764173 0.2291077246341583
0 0.4867015825838669 0.3643787748170923 0.4887580681440805 0.20229724621952283 0.6100907161966783 0.20717187865854741 0.612147201756892 0.3704720653658732
0 0.6142036873171054 0.36803474914636075 0.611461706570154 0.20717187865854741 0.7369073257431789 0.21570248542684056 0.7417057920503438 0.376565355914654
0 0.7458187631707709 0.37656535591465395 0.7417057920503438 0.21570248542684062 0.8637239352896795 0.22545175030488987 0.8685224015968444 0.3911892532317279
0 0.4812176210899643 0.5386468845122232 0.48327410665017784 0.3704720653658731 0.611461706570154 0.37412803969514163 0.611461706570154 0.5423028588414919
0 0.611461706570154 0.5386468845122232 0.6100907161966783 0.3704720653658731 0.7389638113033925 0.37656535591465395 0.7430767824238196 0.543521516951248
0 0.749931734291198 0.5459588331707603 0.7458187631707708 0.3741280396951416 0.8719498775305337 0.3875332789024593 0.8753773534642229 0.5496148075000288
0 0.48258861146343995 0.5423028588414918 0.6121472017568919 0.5447401750610041 0.6142036873171054 0.7226642590854038 0.4839596018369156 0.7226642590854038 0.48807257295734263 0.6739179346951574 0.48875806814408046 0.6483261143902779 0.47847564034301293 0.6507634306097902
0 0.6142036873171054 0.5386468845122233 0.7451332679840329 0.5435215169512478 0.7506172294779356 0.7165709685366229 0.6142036873171054 0.7214456009756476
0 0.7485607439177222 0.5459588331707603 0.8753773534642227 0.552052123719541 0.8856597812652904 0.7190082847561353 0.7519882198514114 0.7165709685366229
0 0.9144505791082798 0.03777840140244101 1 0.03655974329268485 0.9987664870770341 0.1498949475000078 0.9226765213491337 0.14745763128049552
0 0.9267894924695608 0.14502031506098317 1 0.14380165695122707 0.9987664870770342 0.2510435706097693 0.935015434710415 0.2510435706097693
0 0.9357009298971529 0.24860625439025688 1 0.24616893817074462 1 0.3655974329268484 0.9459833576982205 0.3704720653658731
0 0.9480398432584339 0.36559743292684843 1 0.36316011670733606 1 0.48015129524392774 0.9562657854992881 0.48380726957319625
0 0.9535238047523367 0.48380726957319625 1 0.4789326371341715 0.9994519822637719 0.6032357643293 0.9638062325534043 0.6044544224390561
0 0.9638062325534043 0.6044544224390561 1 0.6020171062195437 1 0.6544194049390587 0.9699756892340449 0.6592940373780833