0 0.0659722222222222 0.6219135802469136 0.05555555555555555 0.4675925925925926 0 0.47067901234567894 0.0008680555555555506 0.6219135802469136
0 0.07118055555555554 0.6141975308641975 0.05729166666666665 0.4660493827160493 0.18576388888888887 0.4722222222222222 0.19618055555555555 0.6157407407407407
0 0.0685763888888889 0.6203703703703703 0.07812499999999999 0.7592592592592593 0 0.7623456790123457 0.0008680555555555433 0.6188271604938272
0 0.06857638888888887 0.6157407407407407 0.1944444444444444 0.617283950617284 0.20312500000000003 0.7561728395061728 0.078125 0.7546296296296295
0 0.07465277777777776 0.7561728395061728 0.08940972222222224 0.890432098765432 0 0.8904320987654322 0.001736111111111116 0.7577160493827161
0 0.0763888888888889 0.7608024691358025 0.1987847222222222 0.7608024691358025 0.2065972222222222 0.8842592592592593 0.08767361111111113 0.8888888888888887
0 0.08680555555555557 0.8873456790123457 0.0998263888888889 1 0.000868055555555558 1 1.4802973661668754e-17 0.8873456790123458
0 0.08680555555555554 0.8873456790123457 0.20572916666666666 0.8842592592592592 0.20659722222222224 0.9706790123456791 0.1935763888888889 1 0.09722222222222224 1
0 0.3489583333333333 0.5462962962962963 0.34548611111111105 0.36265432098765427 0.46788194444444453 0.3657407407407407 0.4704861111111111 0.5478395061728396
0 0.4696180555555555 0.5462962962962963 0.46788194444444453 0.3641975308641976 0.592013888888889 0.3672839506172839 0.5902777777777779 0.5478395061728395
0 0.5920138888888888 0.5509259259259259 0.5911458333333334 0.36728395061728397 0.7161458333333334 0.3719135802469137 0.7083333333333334 0.5524691358024691
0 0.3541666666666667 0.5416666666666666 0.4748263888888889 0.5478395061728395 0.4730902777777778 0.7160493827160493 0.3576388888888889 0.7160493827160495
0 0.4722222222222222 0.5447530864197531 0.592013888888889 0.5493827160493827 0.5911458333333334 0.720679012345679 0.47482638888888895 0.7160493827160493
0 0.5920138888888888 0.5493827160493826 0.7118055555555556 0.5478395061728396 0.7057291666666666 0.7175925925925927 0.5894097222222222 0.7191358024691358
0 0.35590277777777773 0.7175925925925926 0.4730902777777778 0.7175925925925926 0.4722222222222222 0.8780864197530864 0.3602430555555555 0.8780864197530865
0 0.4730902777777778 0.7145061728395061 0.5902777777777779 0.720679012345679 0.5885416666666665 0.8765432098765433 0.4739583333333332 0.8780864197530865
0 0.5894097222222221 0.720679012345679 0.7065972222222222 0.7175925925925926 0.6987847222222222 0.8765432098765433 0.5868055555555556 0.8765432098765433
0 0.3628472222222222 0.8765432098765432 0.47482638888888895 0.8780864197530865 0.47569444444444453 0.9722222222222222 0.3793402777777778 0.9706790123456791 0.36545138888888895 0.9413580246913581
0 0.4748263888888889 0.8765432098765432 0.5868055555555555 0.8765432098765433 0.5868055555555555 0.9691358024691359 0.4765625 0.9753086419753085
0 0.587673611111111 0.8749999999999999 0.7022569444444444 0.8765432098765433 0.6961805555555556 1 0.6805555555555556 0.9984567901234567 0.662326388888889 0.9660493827160493 0.5885416666666666 0.972222222222222
0 0.7482638888888888 0.45370370370370383 0.7543402777777778 0.2932098765432099 0.8819444444444444 0.29475308641975306 0.873263888888889 0.44907407407407407
0 0.8784722222222222 0.45987654320987653 0.8862847222222222 0.2962962962962963 1 0.29783950617283955 0.9982638888888891 0.4537037037037038
0 0.7430555555555555 0.6111111111111112 0.748263888888889 0.4583333333333334 0.873263888888889 0.4521604938271606 0.8628472222222222 0.6033950617283951
0 0.8663194444444443 0.6095679012345678 0.8758680555555556 0.45679012345679015 1 0.45370370370370383 0.9861111111111112 0.6033950617283951
0 0.7404513888888888 0.7530864197530863 0.7430555555555555 0.6111111111111112 0.8628472222222222 0.6018518518518519 0.8559027777777778 0.7438271604938271
0 0.8602430555555556 0.7515432098765432 0.868923611111111 0.6095679012345678 0.990451388888889 0.6049382716049381 0.9774305555555557 0.7469135802469135
0 0.9800347222222222 0.7407407407407406 0.9904513888888891 0.6049382716049382 1 0.6064814814814816 1 0.7422839506172838
0 0.7387152777777778 0.8919753086419756 0.7430555555555556 0.7546296296296299 0.857638888888889 0.7453703703703703 0.8515625 0.8811728395061729
0 0.8550347222222221 0.8827160493827163 0.861111111111111 0.7530864197530863 0.9791666666666666 0.7453703703703705 0.9696180555555555 0.8749999999999999
0 0.9696180555555557 0.8780864197530865 0.9800347222222222 0.7391975308641975 1 0.7376543209876543 1 0.8703703703703703
0 0.7378472222222221 0.8888888888888887 0.8524305555555556 0.8811728395061729 0.8446180555555556 1 0.7352430555555555 0.9984567901234569
0 0.8541666666666665 0.8796296296296295 0.9670138888888891 0.8765432098765433 0.9557291666666666 1 0.8472222222222221 1
0 0.9687499999999999 0.8749999999999999 1 0.8749999999999999 1 1 0.959201388888889 0.9999999999999998