1 0.04947916666666666 0.4753086419753086 0.055555555555555566 0.37808641975308643 0 0.375 0 0.4722222222222222
1 0.04861111111111109 0.4753086419753086 0.0564236111111111 0.37808641975308643 0.13715277777777773 0.38117283950617287 0.1310763888888889 0.47376543209876537
1 0.13107638888888887 0.4753086419753086 0.13715277777777776 0.37808641975308643 0.2144097222222222 0.38271604938271603 0.21093749999999997 0.47685185185185186
1 0.1223958333333333 0.5725308641975307 0.13020833333333331 0.4722222222222221 0.2126736111111111 0.47685185185185186 0.20746527777777776 0.572530864197531
1 0.11718749999999997 0.6697530864197531 0.1232638888888889 0.5756172839506172 0.20572916666666666 0.574074074074074 0.20572916666666666 0.6172839506172839 0.19184027777777776 0.6157407407407407 0.18836805555555555 0.6697530864197532
1 0.1128472222222222 0.7299382716049382 0.1163194444444444 0.6666666666666665 0.1892361111111111 0.6728395061728395 0.18402777777777776 0.7299382716049382
1 0.04086224937828267 0.5659726481051691 0.048790745526307674 0.4759808285788682 0 0.47272811221044775 0.0006098843190788461 0.563804170526222
1 0.04147213369736152 0.5659726481051691 0.032323868911178825 0.6689753331051519 0 0.6678910943156784 0 0.563804170526222
1 0.03171398459209998 0.668975333105152 0.026834910039469213 0.7275242277367211 0 0.7231872725788271 0 0.6646383779472579
1 0.04269190233551921 0.5648884093156956 0.05001051416446536 0.4727281122104477 0.12868559132563648 0.4748965897893948 0.1219768638157692 0.5713938420525366
1 0.031104100273021122 0.6668068555262049 0.04147213369736153 0.565972648105169 0.12258674813484802 0.57247808084201 0.11648790494405956 0.6700595718946254
1 0.2829772332115612 0.43970677798437674 0.2872974963140278 0.3321802296563196 0.3596619032803431 0.3360204635251787 0.3575017717291098 0.44546712878766553
1 0.3564217059534931 0.44354701185323575 0.3585818375047264 0.3379405804596084 0.43094624447104163 0.34370093126289714 0.4287861129198084 0.44930736265652477
1 0.4287861129198084 0.4473872457220951 0.4320263102466583 0.3417808143284676 0.5033106514373569 0.35330151593504505 0.5011505198861237 0.4531475965253839
1 0.27865697010909457 0.551073560181293 0.2829772332115612 0.44162689491880625 0.3564217059534931 0.4435470118532358 0.3542615744022599 0.5549137940501522
1 0.35426157440225986 0.5510735601812929 0.3564217059534931 0.4435470118532358 0.4298661786954251 0.4493073626565246 0.42770604714419186 0.5568339109845819
1 0.4266259813685751 0.5568339109845818 0.4309462444710416 0.4493073626565246 0.5022305856617404 0.4531475965253838 0.4989903883348904 0.5606741448534411
1 0.27001644390416146 0.6605202254437799 0.27757690433347804 0.5510735601812932 0.35210144285102657 0.5529936771157227 0.34778117974856 0.6643604593126392
1 0.34562104819732664 0.6605202254437799 0.3521014428510265 0.5549137940501524 0.42554591559295846 0.5587540279190114 0.4223057182661085 0.6662805762470686
1 0.4223057182661085 0.6662805762470687 0.42662598136857505 0.5568339109845819 0.49791032255927364 0.5606741448534411 0.49791032255927364 0.6682006931814983
1 0.2689363781285448 0.6605202254437799 0.34454098242170994 0.6624403423782094 0.34454098242171 0.7354047858865339 0.26677624657731147 0.7354047858865339
1 0.34454098242171 0.6586001085093502 0.42446584981734176 0.6682006931814981 0.4233857840417251 0.7450053705586819 0.34454098242170994 0.735404785886534
1 0.42338578404172517 0.6662805762470687 0.4989903883348903 0.6701208101159278 0.4989903883348903 0.7680467737718372 0.4223057182661084 0.7526858382964006
1 0.8392111076541339 0.4358665441155175 0.8370509761029005 0.3629021006071932 0.9493778167670317 0.37250268527934105 0.9536980798694983 0.4435470118532359
1 0.954778145645115 0.4473872457220951 0.9504578825426482 0.3763429191482002 0.9979807766697808 0.3801831530170594 0.9990608424453974 0.44738724572209515
1 0.8402911734297506 0.5049907537549828 0.8370509761029006 0.43586654411551745 0.9526180140938817 0.4397067779843768 0.9547781456451149 0.5107511045582716
1 0.956938277196348 0.5088309876238419 0.9536980798694983 0.44162689491880636 0.9990608424453974 0.4493073626565247 1 0.5145913384271309
1 0.8413712392053672 0.5741149633944482 0.8392111076541338 0.5011505198861236 0.9558582114207315 0.5088309876238419 0.9590984087475817 0.5817954311321666
1 0.9601784745231983 0.5798753141977369 0.9558582114207314 0.5107511045582717 0.9990608424453974 0.5126712214927012 0.9990608424453974 0.5817954311321666
1 0.8424513049809838 0.5741149633944482 0.9601784745231983 0.5779551972633075 0.963418671850048 0.6489995238372023 0.8435313707566003 0.6432391730339136
1 0.9601784745231983 0.5779551972633074 1 0.5837155480665961 1 0.6278782375584767 0.963418671850048 0.6489995238372022
1 0.9688190007281315 0.7200438504110972 0.963418671850048 0.6509196407716317 0.8705330151470164 0.6432391730339136 0.8737732124738664 0.7142834996078086
1 0.9677389349525146 0.7181237334766677 0.9666588691768979 0.6720409270503575 1 0.6566799915749205 1 0.7277243181488154
1 0.8737732124738665 0.712363382673379 0.9677389349525145 0.7162036165422381 0.9688190007281314 0.7507657213619708 0.8726931466982498 0.7411651366898226
1 0.9698990665037481 0.7181237334766677 1 0.7181237334766677 1 0.7526858382964005 0.969899066503748 0.7488456044275412