0 0.031249999999999993 0.45987654320987653 0.01736111111111113 0.2932098765432099 0.16232638888888887 0.28395061728395055 0.16840277777777776 0.4598765432098764
0 0.1675347222222222 0.4614197530864197 0.1597222222222222 0.28086419753086406 0.3038194444444444 0.2824074074074074 0.30642361111111105 0.45987654320987653
0 0.3046875 0.45987654320987653 0.3029513888888889 0.28086419753086417 0.44010416666666663 0.28858024691358025 0.44010416666666674 0.45679012345679015
0 0.0234375 0.46296296296296297 0.1631944444444444 0.45987654320987653 0.171875 0.617283950617284 0.03819444444444445 0.6203703703703703
0 0.1631944444444444 0.45679012345679015 0.3003472222222222 0.46296296296296297 0.30208333333333337 0.6141975308641975 0.1710069444444444 0.6141975308641976
0 0.3029513888888889 0.45987654320987653 0.4357638888888889 0.45987654320987653 0.43402777777777773 0.6126543209876544 0.3055555555555555 0.6095679012345678
0 0.03993055555555554 0.6188271604938271 0.17013888888888892 0.6141975308641976 0.1796875 0.7592592592592593 0.05208333333333332 0.7654320987654321
0 0.1753472222222222 0.6111111111111112 0.3055555555555556 0.6141975308641976 0.3098958333333333 0.7546296296296297 0.18142361111111113 0.757716049382716
0 0.3072916666666667 0.6080246913580246 0.4366319444444445 0.6095679012345678 0.4357638888888888 0.7561728395061728 0.31249999999999994 0.757716049382716
0 0.0546875 0.7669753086419753 0.1831597222222222 0.7638888888888888 0.19270833333333334 0.8935185185185183 0.0703125 0.896604938271605
0 0.1909722222222222 0.8935185185185184 0.18402777777777773 0.7608024691358025 0.3116319444444444 0.7577160493827161 0.31423611111111105 0.8842592592592592
0 0.3133680555555555 0.8827160493827161 0.3116319444444445 0.7530864197530864 0.43750000000000006 0.7530864197530864 0.4366319444444445 0.8796296296296295
0 0.0798611111111111 0.8966049382716049 0.20225694444444448 0.8950617283950618 0.20572916666666666 0.9660493827160496 0.0842013888888889 0.9629629629629629
0 0.20052083333333337 0.8919753086419754 0.3263888888888889 0.8858024691358025 0.3298611111111111 0.964506172839506 0.203125 0.9675925925925926
0 0.3272569444444444 0.8827160493827161 0.4479166666666667 0.8811728395061729 0.4505208333333333 0.9984567901234569 0.4409722222222222 0.9984567901234569 0.4114583333333333 0.9567901234567903 0.328125 0.9598765432098768
0 0.48958333333333326 0.6203703703703703 0.48871527777777785 0.4722222222222223 0.5668402777777779 0.4645061728395061 0.5659722222222222 0.6188271604938272
0 0.5651041666666665 0.6219135802469136 0.568576388888889 0.4691358024691358 0.646701388888889 0.4660493827160494 0.6432291666666666 0.6141975308641975
0 0.6432291666666665 0.6219135802469136 0.6458333333333334 0.4722222222222222 0.7230902777777779 0.4737654320987655 0.7178819444444443 0.6234567901234568
0 0.717013888888889 0.6250000000000001 0.7239583333333334 0.4645061728395061 0.798611111111111 0.46759259259259267 0.7890625 0.6188271604938272
0 0.7899305555555555 0.6188271604938271 0.7994791666666667 0.46450617283950624 0.8732638888888888 0.4645061728395061 0.8619791666666665 0.6141975308641975
0 0.4878472222222222 0.6188271604938271 0.5659722222222222 0.617283950617284 0.5651041666666666 0.7530864197530864 0.4895833333333333 0.7561728395061728
0 0.5659722222222221 0.6188271604938271 0.642361111111111 0.6141975308641976 0.638888888888889 0.7577160493827159 0.5642361111111112 0.7577160493827159
0 0.6432291666666665 0.6234567901234567 0.717013888888889 0.6234567901234568 0.7109375 0.7561728395061728 0.6362847222222221 0.7608024691358025
0 0.7118055555555555 0.757716049382716 0.7170138888888891 0.6234567901234568 0.7881944444444444 0.6203703703703703 0.7847222222222222 0.7561728395061726
0 0.7847222222222221 0.7530864197530863 0.7907986111111109 0.6188271604938271 0.861111111111111 0.6126543209876543 0.8524305555555556 0.7515432098765432
0 0.48697916666666663 0.8858024691358024 0.4861111111111112 0.7561728395061726 0.5607638888888888 0.7530864197530863 0.5590277777777779 0.8858024691358025
0 0.5590277777777778 0.8873456790123457 0.560763888888889 0.7546296296296297 0.6328125 0.7546296296296298 0.6302083333333334 0.888888888888889
0 0.6319444444444443 0.8873456790123457 0.634548611111111 0.7577160493827161 0.7065972222222222 0.7546296296296298 0.6987847222222222 0.8827160493827162
0 0.6987847222222221 0.8842592592592592 0.7057291666666667 0.7561728395061729 0.779513888888889 0.7561728395061729 0.7690972222222222 0.8858024691358023
0 0.7699652777777778 0.8873456790123457 0.7803819444444443 0.7515432098765433 0.8480902777777778 0.7515432098765433 0.837673611111111 0.8827160493827162
0 0.4861111111111111 0.9891975308641975 0.4869791666666667 0.8827160493827161 0.5598958333333333 0.8858024691358025 0.5572916666666666 0.9969135802469137 0.4861111111111112 1
0 0.5581597222222221 0.9984567901234567 0.5590277777777779 0.8873456790123458 0.6284722222222222 0.8873456790123457 0.625 1
0 0.6267361111111109 0.9999999999999998 0.6276041666666666 0.8827160493827163 0.6987847222222222 0.8827160493827161 0.6927083333333334 1
0 0.6927083333333333 0.9984567901234567 0.6996527777777779 0.8827160493827162 0.7673611111111112 0.8811728395061729 0.7604166666666666 0.9953703703703703
0 0.7621527777777778 0.9938271604938274 0.7690972222222222 0.8842592592592593 0.8368055555555557 0.8811728395061726 0.826388888888889 0.9969135802469137