0 0.06857638888888887 0.38734567901234573 0.20052083333333334 0.388888888888889 0.21180555555555552 0.5679012345679012 0.08333333333333333 0.5709876543209876
0 0.06336805555555555 0.39351851851851855 0.07899305555555557 0.5694444444444445 0 0.5679012345679012 0 0.39043209876543206
0 0.0911458333333333 0.5740740740740741 0.21788194444444448 0.5725308641975307 0.22743055555555552 0.7376543209876543 0.10503472222222224 0.7391975308641974
0 0.08593749999999997 0.5725308641975307 0.10243055555555558 0.7407407407407408 2.2204460492503132e-17 0.7376543209876544 7.401486830834377e-18 0.5694444444444445
0 0.1085069444444444 0.7391975308641975 0.23090277777777776 0.7361111111111112 0.2378472222222222 0.8858024691358025 0.1223958333333333 0.8904320987654322
0 0.1050347222222222 0.7407407407407407 0.11805555555555555 0.8919753086419753 0 0.8919753086419755 0.000868055555555558 0.7376543209876544
0 0.1206597222222222 0.8904320987654321 0.23871527777777776 0.8873456790123458 0.2465277777777778 1 0.13194444444444445 1
0 0.0008680555555555433 0.8904320987654321 0.12065972222222222 0.8919753086419753 0.13020833333333334 1 0.009548611111111115 1 0.0008680555555555506 0.9197530864197532
0 0.27777777777777773 0.6311728395061728 0.46874999999999994 0.6327160493827159 0.47135416666666663 0.8564814814814814 0.2864583333333333 0.853395061728395
0 0.46874999999999994 0.6358024691358024 0.6597222222222222 0.6327160493827161 0.65625 0.8549382716049383 0.4713541666666667 0.8580246913580248
0 0.2873263888888889 0.8564814814814814 0.47135416666666663 0.8564814814814813 0.4713541666666666 0.9984567901234569 0.29427083333333326 1
0 0.4730902777777778 0.8549382716049383 0.65625 0.8518518518518519 0.6510416666666666 1 0.47309027777777785 1
0 0.8168402777777778 0.6111111111111112 0.8307291666666666 0.3688271604938272 0.9982638888888891 0.36265432098765427 0.9973958333333334 0.6234567901234567
0 0.7986111111111109 0.8348765432098765 0.8133680555555556 0.6126543209876543 0.9991319444444444 0.6203703703703703 0.9800347222222222 0.8348765432098765
0 0.7881944444444443 0.9999999999999998 0.7994791666666665 0.8379629629629629 0.9800347222222222 0.8348765432098765 0.9635416666666666 1
0 0.9817708333333333 0.8348765432098765 1 0.8379629629629629 1 1 0.9644097222222222 1
1 0.3836805555555555 0.31172839506172834 0.4609375 0.3132716049382716 0.46093749999999994 0.4182098765432099 0.384548611111111 0.4166666666666667
1 0.4618055555555555 0.31327160493827155 0.5416666666666666 0.31635802469135804 0.5407986111111112 0.4166666666666667 0.46093750000000006 0.4166666666666667
1 0.5425347222222221 0.3148148148148148 0.618923611111111 0.3179012345679012 0.6171875 0.4166666666666668 0.5399305555555556 0.41666666666666674
1 0.3836805555555555 0.4166666666666667 0.46180555555555547 0.4197530864197531 0.46354166666666674 0.5108024691358025 0.38541666666666674 0.5108024691358024
1 0.4609375 0.41820987654320985 0.5407986111111112 0.4197530864197531 0.5407986111111112 0.5092592592592593 0.46354166666666674 0.5123456790123456
1 0.540798611111111 0.4166666666666667 0.6163194444444444 0.41666666666666663 0.6137152777777778 0.5108024691358025 0.5399305555555556 0.5092592592592593
1 0.5399305555555556 0.507716049382716 0.6102430555555556 0.5092592592592593 0.6085069444444444 0.5709876543209877 0.5425347222222222 0.5709876543209876
1 0.4644097222222222 0.5092592592592593 0.5407986111111112 0.5108024691358024 0.5399305555555556 0.5787037037037037 0.4713541666666667 0.5740740740740741 0.4713541666666667 0.5339506172839505 0.46440972222222227 0.5339506172839505