0 0.12152777777777773 0.5617283950617283 0.10850694444444443 0.3719135802469137 0.28559027777777773 0.3672839506172839 0.29340277777777773 0.5663580246913581
0 0.29340277777777773 0.566358024691358 0.2847222222222222 0.3657407407407408 0.4618055555555555 0.3641975308641976 0.46267361111111105 0.5570987654320987
0 0.11979166666666667 0.5617283950617284 0.2916666666666667 0.5648148148148148 0.29861111111111105 0.7361111111111112 0.1328125 0.7330246913580247
0 0.2925347222222222 0.5632716049382716 0.4609375 0.5555555555555557 0.4618055555555555 0.7268518518518519 0.2977430555555556 0.7345679012345678
0 0.13368055555555552 0.7314814814814815 0.296875 0.7345679012345677 0.3046875 0.8919753086419755 0.1440972222222222 0.8904320987654322
0 0.2986111111111111 0.7314814814814815 0.4600694444444445 0.7268518518518519 0.4600694444444445 0.8858024691358024 0.3038194444444444 0.8904320987654322
0 0.14236111111111108 0.8904320987654321 0.29861111111111105 0.8935185185185183 0.3038194444444444 0.9907407407407407 0.1484375 0.9953703703703703
0 0.30642361111111105 0.8904320987654321 0.4618055555555556 0.8858024691358025 0.46267361111111105 1 0.4227430555555555 0.9891975308641977 0.3107638888888889 0.9953703703703703
0 0.4930555555555555 0.5895061728395061 0.4921874999999999 0.47685185185185186 0.4991319444444445 0.4753086419753086 0.5008680555555556 0.5046296296296297 0.6840277777777778 0.5015432098765432 0.6822916666666666 0.5833333333333334
0 0.6814236111111109 0.5879629629629629 0.6848958333333333 0.5046296296296298 0.8706597222222222 0.4969135802469137 0.865451388888889 0.5740740740740742
0 0.49218749999999994 0.5895061728395061 0.6788194444444444 0.5879629629629629 0.6762152777777778 0.6882716049382716 0.4921875 0.6990740740740741
0 0.6779513888888888 0.691358024691358 0.6805555555555556 0.5848765432098765 0.865451388888889 0.5787037037037038 0.8585069444444444 0.6820987654320988
0 0.4930555555555555 0.7978395061728397 0.4930555555555556 0.6959876543209877 0.6762152777777778 0.6898148148148149 0.6727430555555556 0.7947530864197532
0 0.671875 0.7901234567901235 0.6770833333333334 0.6898148148148149 0.8559027777777778 0.6820987654320986 0.849826388888889 0.7839506172839505
0 0.49218749999999994 0.7993827160493826 0.6710069444444444 0.79320987654321 0.6684027777777778 0.8873456790123458 0.4921875 0.8935185185185186
0 0.6718749999999999 0.7916666666666666 0.849826388888889 0.7824074074074074 0.8437500000000001 0.8796296296296297 0.6675347222222222 0.8888888888888887
0 0.5026041666666666 0.898148148148148 0.6675347222222222 0.8888888888888888 0.6675347222222222 0.9706790123456791 0.5434027777777779 0.9799382716049384 0.5017361111111112 0.9228395061728396
0 0.6684027777777778 0.8858024691358024 0.8489583333333334 0.8719135802469135 0.84375 0.9614197530864199 0.6788194444444444 0.9783950617283951 0.6675347222222222 0.9706790123456791