0 0.04861111111111109 0.5108024691358024 0.038194444444444434 0.6450617283950618 0 0.6450617283950618 0.0017361111111111123 0.513888888888889
0 0.04947916666666665 0.5108024691358024 0.16753472222222224 0.5200617283950617 0.1553819444444444 0.6990740740740742 0.12152777777777773 0.6373456790123456 0.0373263888888889 0.6388888888888888
0 0.04079861111111111 0.5092592592592594 0.0529513888888889 0.33950617283950624 0 0.33950617283950607 0.001736111111111116 0.5108024691358024
0 0.047743055555555546 0.5092592592592593 0.059895833333333336 0.3410493827160494 0.1796875 0.34413580246913583 0.1657986111111111 0.5231481481481481
0 0.06423611111111109 0.33796296296296297 0.07638888888888885 0.18209876543209877 0.1883680555555556 0.18055555555555555 0.1753472222222222 0.34567901234567905
0 0.05468750000000001 0.3333333333333333 0.07031249999999999 0.17901234567901234 0 0.18055555555555555 7.401486830834377e-18 0.3410493827160494
0 0.0763888888888889 0.1790123456790123 0.08940972222222224 0.02932098765432095 0.19965277777777776 0.03240740740740739 0.1875 0.18518518518518515
0 0.07638888888888887 0.18055555555555552 0.08767361111111113 0.029320987654320927 0 0.03395061728395061 0.0008680555555555654 0.18055555555555552
0 0.2951388888888889 0.7037037037037037 0.30121527777777773 0.5401234567901234 0.44010416666666674 0.5432098765432098 0.4366319444444445 0.7083333333333335
0 0.4375 0.7098765432098765 0.44010416666666674 0.5432098765432098 0.5789930555555556 0.5478395061728395 0.5798611111111112 0.7098765432098765
0 0.5833333333333334 0.7083333333333333 0.5833333333333333 0.5478395061728396 0.7161458333333334 0.5555555555555557 0.720486111111111 0.7098765432098766
0 0.3081597222222222 0.5401234567901234 0.3133680555555555 0.3858024691358025 0.44878472222222227 0.3888888888888889 0.4461805555555556 0.5478395061728395
0 0.4461805555555555 0.5432098765432098 0.44704861111111105 0.3904320987654321 0.5807291666666666 0.39814814814814825 0.5815972222222222 0.5478395061728396
0 0.5824652777777778 0.5462962962962963 0.5815972222222222 0.39506172839506176 0.712673611111111 0.40432098765432106 0.7152777777777778 0.5540123456790124
0 0.3142361111111111 0.3811728395061728 0.3211805555555555 0.2376543209876543 0.44618055555555547 0.2407407407407407 0.4461805555555555 0.39043209876543206
0 0.4487847222222222 0.38734567901234573 0.4496527777777778 0.2438271604938272 0.5772569444444445 0.2515432098765432 0.5798611111111112 0.3981481481481482
0 0.5807291666666665 0.39351851851851855 0.5807291666666666 0.2469135802469136 0.7065972222222222 0.25154320987654327 0.709201388888889 0.4043209876543209
0 0.3159722222222222 0.23611111111111108 0.32031250000000006 0.09259259259259256 0.44704861111111105 0.095679012345679 0.44704861111111105 0.23611111111111105
0 0.44704861111111105 0.23919753086419746 0.4487847222222222 0.09722222222222231 0.5729166666666666 0.10802469135802471 0.5746527777777779 0.24845679012345684
0 0.5755208333333333 0.24691358024691354 0.5755208333333334 0.10802469135802469 0.6987847222222222 0.1219135802469136 0.6987847222222222 0.25617283950617287
0 0.3185763888888889 0.09104938271604937 0.3194444444444444 0 0.4453125 0 0.4444444444444444 0.09722222222222222
0 0.4444444444444444 0.09722222222222222 0.4470486111111111 0.0015432098765431879 0.5694444444444445 2.6316397620744452e-17 0.5703125 0.10648148148148145
0 0.5694444444444444 0.10648148148148145 0.5694444444444445 0 0.6909722222222222 0 0.6918402777777778 0.1157407407407407
0 0.7552083333333333 0.5925925925925926 0.8289930555555557 0.5879629629629629 0.8333333333333335 0.691358024691358 0.8038194444444443 0.691358024691358 0.7960069444444443 0.6666666666666667 0.7760416666666665 0.6558641975308642 0.7612847222222221 0.6898148148148149
0 0.8298611111111109 0.5895061728395061 0.9053819444444444 0.5910493827160495 0.9114583333333334 0.7006172839506173 0.8342013888888888 0.691358024691358
0 0.9053819444444443 0.5879629629629629 0.9800347222222222 0.5879629629629629 0.9878472222222222 0.7037037037037037 0.9105902777777778 0.6975308641975307
0 0.9791666666666665 0.5879629629629629 1 0.5879629629629629 0.9999999999999999 0.7067901234567902 0.9887152777777776 0.7052469135802469
0 0.75 0.45061728395061723 0.8949652777777778 0.4521604938271605 0.9045138888888891 0.5925925925925926 0.7569444444444445 0.5895061728395061
0 0.8967013888888888 0.4552469135802469 0.96875 0.45524691358024694 0.9800347222222224 0.5879629629629629 0.9045138888888891 0.5864197530864197
0 0.9687500000000001 0.455246913580247 1 0.45370370370370366 0.998263888888889 0.5864197530864197 0.9791666666666666 0.5879629629629629
0 0.7430555555555556 0.32561728395061723 0.8159722222222222 0.3317901234567901 0.8229166666666666 0.45216049382716056 0.7482638888888888 0.4521604938271605
0 0.8142361111111109 0.3287037037037037 0.8871527777777779 0.33024691358024694 0.8940972222222222 0.45370370370370383 0.8211805555555556 0.4506172839506173
0 0.8845486111111109 0.32561728395061723 0.9574652777777778 0.3287037037037037 0.967013888888889 0.45370370370370383 0.892361111111111 0.4537037037037037
0 0.9557291666666665 0.3302469135802469 1 0.32870370370370366 0.9991319444444444 0.4537037037037037 0.9652777777777778 0.4552469135802469
0 0.7439236111111109 0.32561728395061723 0.7387152777777778 0.2098765432098765 0.8758680555555555 0.2083333333333333 0.8836805555555556 0.3317901234567901
0 0.8845486111111109 0.3256172839506173 0.876736111111111 0.2037037037037037 0.9418402777777776 0.20679012345679015 0.953125 0.32561728395061734
0 0.9522569444444444 0.324074074074074 0.9409722222222222 0.20524691358024694 1 0.2067901234567901 1 0.3287037037037037
0 0.8715277777777776 0.2052469135802469 0.8637152777777776 0.08487654320987656 0.9296875 0.0895061728395062 0.9383680555555557 0.20524691358024694
0 0.9383680555555555 0.2052469135802469 0.9288194444444444 0.08487654320987656 1 0.08333333333333336 0.9991319444444445 0.20524691358024694