0 0.5590277777777778 0.6219135802469136 0.5616319444444445 0.4675925925925926 0.6883680555555556 0.4660493827160493 0.6848958333333334 0.6157407407407407
0 0.6848958333333334 0.6157407407407408 0.6901041666666666 0.4614197530864197 0.8159722222222222 0.45987654320987653 0.8064236111111109 0.6080246913580247
0 0.8072916666666665 0.6064814814814815 0.8159722222222222 0.4614197530864197 0.9383680555555556 0.4660493827160493 0.921875 0.6095679012345679
0 0.5572916666666665 0.7608024691358024 0.5581597222222222 0.6234567901234567 0.6822916666666666 0.6203703703703703 0.6762152777777778 0.7546296296296295
0 0.6779513888888888 0.7515432098765432 0.6848958333333334 0.6157407407407407 0.8038194444444444 0.6126543209876543 0.7942708333333334 0.7469135802469136
0 0.7977430555555555 0.7469135802469136 0.8055555555555557 0.6064814814814815 0.9210069444444444 0.6064814814814815 0.9071180555555555 0.7438271604938271
0 0.5494791666666665 0.8827160493827163 0.5520833333333334 0.7608024691358023 0.6710069444444444 0.7561728395061729 0.6666666666666666 0.8765432098765433
0 0.6675347222222221 0.8765432098765432 0.6727430555555556 0.7530864197530863 0.7916666666666665 0.7484567901234568 0.7821180555555556 0.8811728395061729
0 0.7847222222222222 0.8749999999999998 0.7925347222222222 0.7484567901234568 0.9071180555555556 0.7453703703703705 0.8940972222222224 0.8688271604938274
0 0.550347222222222 0.8827160493827161 0.6640624999999999 0.8796296296296294 0.6623263888888888 1 0.5607638888888888 0.9984567901234569 0.5659722222222221 0.9583333333333334 0.5512152777777778 0.9506172839506172
0 0.6649305555555555 0.8780864197530864 0.7821180555555557 0.8780864197530865 0.7743055555555557 0.9907407407407405 0.6605902777777778 0.9969135802469135
0 0.7838541666666665 0.8780864197530864 0.8949652777777779 0.8688271604938274 0.8871527777777776 0.9567901234567903 0.8645833333333333 0.9861111111111112 0.7743055555555557 0.992283950617284
0 0.1085069444444444 0.4305555555555556 0.10243055555555557 0.3271604938271605 0.17447916666666669 0.32407407407407407 0.18055555555555555 0.4228395061728395
0 0.18055555555555552 0.4212962962962963 0.1753472222222222 0.3194444444444444 0.24826388888888887 0.3209876543209877 0.2534722222222222 0.4228395061728395
0 0.2552083333333333 0.42592592592592593 0.25 0.3209876543209877 0.3272569444444444 0.3209876543209877 0.3289930555555555 0.42438271604938277
0 0.32986111111111105 0.42438271604938277 0.328125 0.31790123456790115 0.3993055555555555 0.31790123456790115 0.40190972222222227 0.4243827160493827
0 0.4019097222222222 0.4212962962962963 0.40017361111111105 0.3148148148148148 0.4748263888888889 0.32407407407407407 0.4730902777777778 0.4228395061728395
0 0.11371527777777776 0.5216049382716049 0.10503472222222224 0.42592592592592593 0.1736111111111111 0.4243827160493827 0.18315972222222224 0.5262345679012345
0 0.1753472222222222 0.42592592592592593 0.25347222222222215 0.42746913580246904 0.2612847222222222 0.5231481481481483 0.1857638888888889 0.5246913580246914
0 0.2543402777777778 0.42592592592592593 0.3289930555555556 0.42592592592592593 0.3315972222222222 0.5216049382716049 0.2586805555555555 0.5216049382716049
0 0.3289930555555555 0.4228395061728395 0.40190972222222227 0.4228395061728395 0.40277777777777773 0.5200617283950618 0.3315972222222222 0.5216049382716049
0 0.40277777777777773 0.4212962962962963 0.47482638888888895 0.4243827160493827 0.47309027777777785 0.5185185185185185 0.4027777777777778 0.5169753086419753
0 0.11111111111111108 0.5216049382716049 0.18315972222222224 0.5246913580246914 0.19097222222222224 0.6126543209876543 0.12065972222222224 0.6141975308641975
0 0.1831597222222222 0.5231481481481481 0.2578125 0.5200617283950617 0.26215277777777785 0.6111111111111113 0.19184027777777776 0.6141975308641975
0 0.2586805555555555 0.5185185185185185 0.3315972222222222 0.5216049382716049 0.33246527777777773 0.6080246913580246 0.2630208333333333 0.6064814814814815
0 0.3315972222222222 0.5200617283950617 0.40277777777777773 0.5200617283950617 0.4019097222222222 0.6080246913580246 0.3333333333333333 0.6095679012345678
0 0.4036458333333333 0.5169753086419753 0.4756944444444445 0.5169753086419753 0.47309027777777785 0.6080246913580245 0.40364583333333337 0.6064814814814815
0 0.1128472222222222 0.6141975308641975 0.18489583333333334 0.6126543209876543 0.19097222222222227 0.7021604938271604 0.12152777777777776 0.7021604938271604
0 0.1866319444444444 0.6126543209876544 0.2569444444444445 0.6126543209876544 0.2586805555555556 0.6990740740740742 0.19097222222222224 0.7021604938271606
0 0.2595486111111111 0.6080246913580246 0.3307291666666667 0.6095679012345677 0.3342013888888889 0.7006172839506174 0.2612847222222222 0.6990740740740742
0 0.3333333333333333 0.6064814814814814 0.4053819444444445 0.6080246913580246 0.4053819444444445 0.6990740740740741 0.3350694444444445 0.6975308641975307
0 0.40277777777777773 0.6049382716049382 0.4730902777777778 0.6080246913580246 0.47222222222222215 0.6944444444444444 0.40364583333333326 0.6929012345679012
0 0.1223958333333333 0.7006172839506173 0.1909722222222222 0.7006172839506174 0.19618055555555552 0.7854938271604938 0.12847222222222224 0.7901234567901235
0 0.19270833333333331 0.7006172839506173 0.2630208333333333 0.6975308641975309 0.265625 0.7824074074074076 0.1970486111111111 0.7854938271604939
0 0.2630208333333333 0.6975308641975307 0.33420138888888895 0.7006172839506174 0.3350694444444444 0.7824074074074074 0.26475694444444453 0.7839506172839505
0 0.3342013888888889 0.7824074074074074 0.3333333333333333 0.6990740740740741 0.4045138888888889 0.6990740740740742 0.4045138888888889 0.7808641975308641
0 0.4045138888888889 0.7808641975308641 0.40451388888888895 0.6929012345679013 0.47309027777777785 0.691358024691358 0.47222222222222227 0.7824074074074074
0 0.12934027777777773 0.7901234567901234 0.19791666666666666 0.7854938271604938 0.2013888888888889 0.8657407407407406 0.1362847222222222 0.8703703703703703
0 0.19791666666666663 0.7854938271604938 0.2647569444444445 0.7839506172839507 0.26996527777777773 0.8641975308641978 0.20138888888888892 0.8688271604938274
0 0.26562500000000006 0.7854938271604937 0.3359375 0.7854938271604937 0.3376736111111111 0.8672839506172839 0.27170138888888895 0.8641975308641976
0 0.3368055555555555 0.7839506172839505 0.4045138888888889 0.7839506172839507 0.40798611111111105 0.8626543209876544 0.3368055555555555 0.8641975308641977
0 0.4045138888888889 0.779320987654321 0.4696180555555555 0.7808641975308641 0.4696180555555555 0.8549382716049382 0.40625 0.8641975308641975
0 0.13454861111111108 0.8688271604938272 0.203125 0.8672839506172838 0.20920138888888884 0.9521604938271606 0.14236111111111116 0.9521604938271606
0 0.2022569444444444 0.8672839506172838 0.2708333333333333 0.8688271604938272 0.27517361111111105 0.9444444444444445 0.20833333333333331 0.9444444444444445
0 0.2708333333333333 0.8626543209876543 0.3350694444444444 0.8641975308641977 0.3411458333333333 0.9459876543209877 0.27690972222222227 0.9413580246913581
0 0.3359375 0.861111111111111 0.4071180555555556 0.8641975308641977 0.4097222222222222 0.9490740740740741 0.3420138888888889 0.9444444444444444
0 0.4045138888888889 0.8641975308641976 0.46875 0.8564814814814813 0.4696180555555555 0.933641975308642 0.4097222222222222 0.9459876543209877
0 0.15104166666666663 0.9506172839506172 0.21267361111111113 0.9521604938271606 0.2152777777777778 1 0.15364583333333334 1
0 0.21440972222222207 0.9444444444444443 0.2812499999999999 0.947530864197531 0.28472222222222215 1 0.21874999999999997 1
0 0.27777777777777773 0.941358024691358 0.3446180555555555 0.9429012345679014 0.34722222222222227 1 0.28125000000000006 1
0 0.3446180555555555 0.941358024691358 0.40972222222222227 0.9429012345679014 0.4123263888888888 1 0.34809027777777773 1
0 0.41059027777777773 0.9398148148148147 0.47569444444444453 0.9290123456790125 0.47743055555555547 1 0.4131944444444444 1
0 0.013020833333333325 0.5154320987654321 0.024305555555555542 0.6064814814814816 0 0.6049382716049383 0 0.5185185185185186
0 0.02604166666666666 0.6033950617283951 0.03472222222222222 0.6959876543209876 0 0.6975308641975307 0 0.6049382716049382
0 0.029513888888888878 0.6944444444444444 0.03732638888888887 0.7824074074074074 0 0.7808641975308642 0 0.6959876543209877
0 0.03472222222222221 0.7793209876543209 0.04427083333333335 0.8641975308641976 0 0.8657407407407407 0 0.7824074074074076
0 0.04340277777777776 0.8641975308641976 0.05208333333333335 0.9398148148148147 0 0.9459876543209877 7.401486830834377e-18 0.8657407407407407
0 0.052951388888888874 0.9382716049382717 0.06076388888888888 1 0 1 7.401486830834377e-18 0.9413580246913581