0 0.12934027777777773 0.5246913580246914 0.11545138888888887 0.6882716049382717 0 0.6805555555555557 0 0.5185185185185185
0 0.1284722222222222 0.5216049382716049 0.26388888888888884 0.5246913580246914 0.2534722222222222 0.6913580246913581 0.11631944444444443 0.6882716049382717
0 0.2630208333333333 0.5262345679012345 0.3975694444444444 0.5370370370370371 0.39236111111111105 0.6820987654320987 0.3576388888888889 0.6790123456790123 0.3055555555555555 0.691358024691358 0.25520833333333337 0.6898148148148148
0 0.009548611111111115 0.36574074074074076 0.140625 0.37191358024691357 0.13020833333333334 0.5231481481481483 0 0.5200617283950618 0 0.45524691358024694
0 0.1423611111111111 0.37191358024691346 0.2725694444444444 0.37654320987654316 0.2612847222222222 0.5246913580246912 0.12934027777777776 0.5246913580246914
0 0.27517361111111105 0.37345679012345684 0.40277777777777773 0.3811728395061729 0.3975694444444444 0.5385802469135803 0.2638888888888889 0.5277777777777778
0 0.011284722222222232 0.36574074074074076 0.02777777777777777 0.21913580246913583 0.15364583333333334 0.21913580246913583 0.14322916666666666 0.37191358024691357
0 0.1423611111111111 0.3688271604938271 0.15538194444444445 0.2175925925925926 0.28472222222222227 0.22530864197530862 0.27517361111111105 0.3765432098765432
0 0.2847222222222222 0.22376543209876543 0.4131944444444444 0.23456790123456783 0.40625 0.38271604938271603 0.27517361111111105 0.37654320987654316
0 0.03038194444444442 0.21604938271604934 0.046875 0.0740740740740741 0.16666666666666669 0.07561728395061727 0.15711805555555555 0.220679012345679
0 0.15798611111111108 0.21759259259259262 0.16840277777777776 0.07407407407407413 0.2942708333333333 0.08796296296296299 0.2855902777777778 0.2283950617283951
0 0.2855902777777778 0.22376543209876543 0.2951388888888889 0.08796296296296299 0.4210069444444444 0.09876543209876548 0.4140625 0.2361111111111111
0 0.4600694444444445 0.2345679012345679 0.46354166666666674 0.08796296296296299 0.5859375 0.09104938271604938 0.5859375 0.2391975308641975
0 0.5859374999999999 0.23919753086419746 0.5859375 0.08641975308641976 0.709201388888889 0.0972222222222222 0.7144097222222222 0.24537037037037038
0 0.7161458333333333 0.24537037037037038 0.7100694444444444 0.09567901234567905 0.8289930555555556 0.11419753086419757 0.8376736111111109 0.25154320987654327
0 0.459201388888889 0.38734567901234573 0.4618055555555556 0.2361111111111111 0.5894097222222222 0.24074074074074073 0.5894097222222222 0.38734567901234573
0 0.5902777777777778 0.38580246913580246 0.5885416666666665 0.2391975308641975 0.7161458333333334 0.24228395061728397 0.720486111111111 0.39197530864197533
0 0.7204861111111109 0.39351851851851855 0.717013888888889 0.2469135802469136 0.842013888888889 0.25154320987654327 0.8480902777777776 0.3966049382716049
0 0.4539930555555555 0.5385802469135803 0.45486111111111105 0.3827160493827161 0.5876736111111112 0.38271604938271614 0.5885416666666666 0.5447530864197531
0 0.5876736111111112 0.5447530864197531 0.5885416666666666 0.38425925925925936 0.7152777777777778 0.38888888888888895 0.7213541666666666 0.5462962962962963
0 0.7196180555555555 0.5478395061728395 0.7161458333333334 0.39197530864197533 0.8437500000000001 0.3950617283950617 0.8506944444444444 0.5493827160493826
0 0.4522569444444445 0.6296296296296298 0.4522569444444445 0.5385802469135801 0.5859375 0.5447530864197531 0.5868055555555555 0.6296296296296297
0 0.5885416666666665 0.632716049382716 0.5885416666666666 0.5447530864197532 0.720486111111111 0.5447530864197532 0.7230902777777778 0.6327160493827161
0 0.7213541666666665 0.5447530864197531 0.8506944444444444 0.5478395061728395 0.859375 0.6898148148148148 0.8229166666666666 0.6342592592592594 0.7239583333333334 0.6327160493827161