0 0.2838541666666667 0.4537037037037037 0.4774305555555556 0.4645061728395061 0.47222222222222227 0.712962962962963 0.4305555555555556 0.6404320987654322 0.2734375 0.638888888888889
0 0.08506944444444443 0.4444444444444444 0.2838541666666667 0.45216049382716056 0.27517361111111105 0.6419753086419754 0.07031250000000003 0.6311728395061729
0 0.08854166666666664 0.4444444444444444 0.1076388888888889 0.21296296296296297 0.296875 0.2222222222222222 0.2821180555555555 0.45370370370370366
0 0.2821180555555555 0.45061728395061723 0.2977430555555555 0.220679012345679 0.4852430555555556 0.2330246913580247 0.4774305555555555 0.4675925925925926
0 0.296875 0.22222222222222224 0.3090277777777778 0 0.3628472222222222 0.0015432098765432274 0.4878472222222222 0.01543209876543213 0.4835069444444444 0.23302469135802467
0 0.10590277777777776 0.21141975308641975 0.12413194444444443 0 0.3072916666666667 0.0030864197530864417 0.29774305555555547 0.22222222222222218
1 0.5104166666666666 0.47685185185185186 0.5112847222222222 0.37345679012345684 0.576388888888889 0.37500000000000006 0.576388888888889 0.47839506172839513
1 0.5772569444444444 0.48148148148148145 0.5772569444444445 0.3765432098765431 0.6449652777777778 0.37654320987654316 0.6484375 0.4799382716049382
1 0.6493055555555555 0.48148148148148145 0.6449652777777778 0.37654320987654316 0.7118055555555557 0.38271604938271603 0.7152777777777778 0.4861111111111111
1 0.5086805555555556 0.5771604938271604 0.5078125 0.4753086419753087 0.5772569444444445 0.47685185185185186 0.578125 0.5787037037037037
1 0.5772569444444444 0.5802469135802468 0.5755208333333333 0.478395061728395 0.6475694444444444 0.478395061728395 0.6484375 0.5802469135802468
1 0.6493055555555555 0.58179012345679 0.6475694444444444 0.47685185185185186 0.7152777777777778 0.48456790123456783 0.7187499999999999 0.58179012345679
1 0.5104166666666666 0.5756172839506173 0.5789930555555555 0.5771604938271604 0.5815972222222222 0.6851851851851853 0.5104166666666666 0.6851851851851851
1 0.5807291666666665 0.5771604938271604 0.650173611111111 0.5833333333333334 0.6519097222222222 0.6898148148148148 0.5798611111111112 0.6851851851851852
1 0.6501736111111109 0.5802469135802468 0.720486111111111 0.58179012345679 0.7239583333333334 0.6913580246913581 0.6510416666666666 0.6882716049382717
1 0.5130208333333333 0.6820987654320987 0.584201388888889 0.6851851851851852 0.5850694444444445 0.7824074074074073 0.515625 0.7824074074074073
1 0.5833333333333334 0.6836419753086419 0.6571180555555556 0.6867283950617282 0.6605902777777778 0.7947530864197532 0.5859375 0.7885802469135802
1 0.6562499999999999 0.6867283950617283 0.7274305555555556 0.691358024691358 0.7300347222222222 0.7916666666666667 0.6614583333333334 0.7901234567901235
0 0.012152777777777775 0.1728395061728395 0.03125 0.02932098765432098 0 0.020061728395061745 0 0.17592592592592587