0 0.3055555555555555 0.6990740740740741 0.30381944444444453 0.5848765432098765 0.4765625 0.5694444444444444 0.4774305555555556 0.6712962962962963
0 0.11979166666666664 0.8209876543209876 0.11371527777777775 0.7145061728395062 0.296875 0.7160493827160493 0.3020833333333333 0.8209876543209879
0 0.3029513888888889 0.8179012345679013 0.2977430555555555 0.7114197530864198 0.48611111111111105 0.7083333333333335 0.4861111111111111 0.8117283950617284
0 0.11545138888888887 0.8256172839506173 0.30034722222222227 0.8271604938271606 0.3055555555555556 0.9259259259259259 0.12065972222222227 0.9243827160493828
0 0.3003472222222222 0.8225308641975309 0.4835069444444444 0.8163580246913581 0.4835069444444445 0.9120370370370371 0.3020833333333333 0.9197530864197531
0 0.2960069444444444 0.9259259259259258 0.296875 0.9768518518518519 0.1171875 0.9737654320987655 0.11458333333333333 0.9351851851851852
0 0.29861111111111105 0.9305555555555555 0.4817708333333332 0.9274691358024693 0.4835069444444445 1 0.4600694444444444 1 0.4427083333333333 0.9691358024691357 0.29687500000000006 0.9753086419753085
0 0.595486111111111 0.8765432098765432 0.7039930555555556 0.8780864197530865 0.7005208333333334 0.9814814814814815 0.6128472222222222 0.9830246913580247 0.6128472222222222 0.9691358024691359 0.5963541666666666 0.9413580246913581
0 0.7057291666666665 0.8796296296296295 0.8159722222222224 0.8811728395061729 0.8090277777777778 0.9783950617283951 0.701388888888889 0.9830246913580247
0 0.8177083333333333 0.8796296296296295 0.9253472222222221 0.8811728395061726 0.9114583333333334 1 0.9053819444444444 1 0.8897569444444444 0.9706790123456791 0.8090277777777778 0.9753086419753088
0 0.5963541666666665 0.8780864197530864 0.5980902777777779 0.7237654320987655 0.7118055555555556 0.720679012345679 0.704861111111111 0.8796296296296294
0 0.7039930555555556 0.8780864197530867 0.712673611111111 0.7237654320987654 0.828125 0.720679012345679 0.8177083333333334 0.8827160493827161
0 0.8185763888888888 0.8811728395061728 0.8307291666666666 0.7222222222222222 0.9461805555555557 0.7222222222222223 0.9288194444444444 0.8811728395061728
0 0.5980902777777778 0.7268518518518519 0.6015625 0.5524691358024691 0.7193460069448016 0.5555555555555557 0.712401562500357 0.7237654320987655
0 0.7141376736114681 0.720679012345679 0.7210821180559125 0.5524691358024691 0.8426098958336904 0.5540123456790123 0.8295890625003569 0.7237654320987654
0 0.8304571180559125 0.7237654320987654 0.8417418402781347 0.5540123456790124 0.9597973958336905 0.5540123456790123 0.9407001736114681 0.7222222222222222
0 0.6038946180559125 0.3688271604938272 0.7271585069448016 0.37037037037037046 0.7202140625003569 0.5570987654320988 0.603026562500357 0.5524691358024693
0 0.7288946180559125 0.37037037037037035 0.853026562500357 0.37037037037037035 0.8400057291670235 0.5555555555555556 0.7210821180559126 0.5570987654320987
0 0.8556307291670235 0.37037037037037035 0.9771585069448014 0.37345679012345673 0.9580612847225793 0.5555555555555556 0.8408737847225793 0.5524691358024691