0 0.00347222222222221 0.720679012345679 0.11545138888888887 0.7237654320987654 0.13628472222222224 0.8981481481481484 0.019097222222222217 0.8919753086419755
0 0.1163194444444444 0.720679012345679 0.2274305555555556 0.7222222222222222 0.2378472222222222 0.8904320987654321 0.1319444444444444 0.8966049382716049
0 0.021701388888888878 0.8935185185185185 0.1345486111111111 0.8996913580246915 0.14583333333333334 1 0.0347222222222222 1
0 0.13541666666666663 0.8935185185185185 0.23958333333333331 0.8935185185185185 0.24826388888888887 1 0.14409722222222224 1
0 0.021701388888888878 0.8950617283950618 0.033854166666666664 1 0 1 0 0.8904320987654322
0 0.3263888888888889 0.5941358024691357 0.3211805555555555 0.4089506172839507 0.4618055555555555 0.40740740740740733 0.4618055555555555 0.595679012345679
0 0.3289930555555555 0.7669753086419753 0.3211805555555556 0.5956790123456791 0.4583333333333333 0.5987654320987654 0.46093750000000006 0.7685185185185186
0 0.33246527777777773 0.9197530864197531 0.3263888888888889 0.7669753086419755 0.4600694444444444 0.7716049382716048 0.4618055555555555 0.9243827160493826
0 0.3342013888888889 0.9197530864197531 0.4557291666666667 0.9259259259259259 0.4565972222222222 1 0.3342013888888889 0.9984567901234567
0 0.45746527777777773 0.9243827160493826 0.5842013888888888 0.925925925925926 0.5824652777777779 1 0.4548611111111111 0.9953703703703703
0 0.5842013888888888 0.9212962962962963 0.7100694444444444 0.9274691358024693 0.7057291666666666 1 0.5815972222222221 1
0 0.4600694444444444 0.7669753086419753 0.5902777777777779 0.7746913580246912 0.5868055555555557 0.9259259259259259 0.46006944444444453 0.9212962962962962
0 0.5911458333333333 0.7685185185185185 0.720486111111111 0.7685185185185184 0.709201388888889 0.9290123456790125 0.5868055555555556 0.9243827160493826
0 0.4600694444444444 0.5972222222222222 0.5954861111111112 0.5987654320987655 0.5920138888888888 0.7716049382716049 0.4609375 0.7669753086419752
0 0.5980902777777778 0.5910493827160493 0.732638888888889 0.5910493827160495 0.7256944444444444 0.7700617283950618 0.592013888888889 0.7700617283950618
0 0.45920138888888895 0.5987654320987654 0.46006944444444436 0.40740740740740733 0.6041666666666666 0.40895061728395077 0.6015625 0.5987654320987654
0 0.6015625 0.5895061728395062 0.6050347222222222 0.4058641975308642 0.7430555555555556 0.40432098765432106 0.7352430555555555 0.595679012345679
0 0.8385416666666665 0.49845679012345673 0.845486111111111 0.37037037037037035 1 0.3626543209876544 0.9991319444444444 0.4861111111111111
0 0.8315972222222221 0.6172839506172838 0.8420138888888888 0.4938271604938273 1 0.48456790123456794 0.9991319444444443 0.6033950617283951
0 0.8229166666666665 0.7237654320987653 0.834201388888889 0.6141975308641975 1 0.5987654320987653 0.9991319444444443 0.7098765432098765
0 0.8159722222222221 0.8271604938271604 0.8246527777777776 0.7222222222222222 1 0.7160493827160495 0.9973958333333334 0.8179012345679012
0 0.810763888888889 0.9259259259259259 0.8211805555555557 0.8256172839506174 0.9982638888888888 0.8179012345679012 0.9852430555555557 0.9243827160493825
0 0.8055555555555555 0.9984567901234567 0.8125 0.9228395061728396 0.9835069444444444 0.9228395061728396 0.9739583333333334 1