0 0.15798611111111108 0.23148148148148148 0.17100694444444445 0.08179012345679011 0.296875 0.08950617283950622 0.2899305555555556 0.2376543209876543
0 0.2907986111111111 0.23456790123456783 0.29861111111111105 0.08641975308641979 0.42447916666666674 0.09413580246913582 0.421875 0.2438271604938272
0 0.42361111111111105 0.24537037037037032 0.4288194444444444 0.09876543209876548 0.5538194444444445 0.10956790123456789 0.5512152777777779 0.2515432098765432
0 0.15711805555555555 0.23148148148148148 0.2847222222222222 0.2376543209876543 0.2786458333333333 0.3858024691358025 0.14583333333333331 0.38734567901234573
0 0.28645833333333337 0.2345679012345679 0.4175347222222222 0.24228395061728392 0.41406250000000006 0.39660493827160487 0.27864583333333337 0.3888888888888889
0 0.41840277777777773 0.24691358024691354 0.5442708333333334 0.2515432098765431 0.5460069444444445 0.40586419753086417 0.41406250000000006 0.396604938271605
0 0.14756944444444445 0.38580246913580246 0.2760416666666667 0.3904320987654323 0.2682291666666667 0.5447530864197532 0.1345486111111111 0.5401234567901235
0 0.27777777777777773 0.38580246913580246 0.4123263888888889 0.396604938271605 0.40625000000000006 0.5509259259259259 0.26909722222222227 0.5447530864197532
0 0.4131944444444444 0.3966049382716049 0.5434027777777779 0.40432098765432106 0.5425347222222221 0.5586419753086421 0.4062500000000001 0.5524691358024693
0 0.1319444444444444 0.5401234567901234 0.265625 0.5478395061728395 0.2621527777777778 0.6358024691358024 0.125 0.6280864197530864
0 0.26562499999999994 0.5447530864197531 0.4053819444444445 0.5540123456790124 0.40364583333333337 0.6435185185185185 0.26041666666666663 0.6373456790123457
0 0.40625 0.5493827160493826 0.5460069444444445 0.5601851851851852 0.5442708333333334 0.7175925925925926 0.49913194444444453 0.6496913580246914 0.4036458333333334 0.6466049382716049
0 0.05034722222222221 0.12345679012345677 0.036458333333333336 0.22993827160493827 0 0.22993827160493827 0.0008680555555555396 0.11882716049382715
0 0.03472222222222221 0.23148148148148148 0.0251736111111111 0.3364197530864198 0 0.3333333333333333 3.7007434154171884e-18 0.2299382716049383
1 0.5729166666666665 0.5015432098765431 0.5729166666666666 0.4058641975308642 0.6493055555555556 0.4058641975308643 0.6519097222222222 0.5015432098765433
1 0.6510416666666665 0.5030864197530863 0.6493055555555557 0.4027777777777778 0.728298611111111 0.4043209876543212 0.7317708333333333 0.5030864197530865
1 0.7317708333333333 0.5030864197530863 0.728298611111111 0.4027777777777778 0.8055555555555557 0.40895061728395077 0.8090277777777776 0.5030864197530865
1 0.5763888888888888 0.5972222222222222 0.5737847222222222 0.5 0.6519097222222222 0.5015432098765432 0.6553819444444444 0.5941358024691358
1 0.6562499999999999 0.5972222222222222 0.6527777777777778 0.5 0.7317708333333334 0.5030864197530864 0.7352430555555556 0.595679012345679
1 0.736111111111111 0.595679012345679 0.732638888888889 0.5 0.8098958333333334 0.5030864197530863 0.8151041666666665 0.5987654320987654
1 0.5763888888888888 0.5987654320987653 0.6553819444444444 0.595679012345679 0.6597222222222222 0.6929012345679013 0.5789930555555556 0.6929012345679014
1 0.6545138888888888 0.595679012345679 0.7352430555555556 0.5925925925925926 0.7413194444444444 0.6913580246913579 0.6597222222222222 0.6929012345679013
1 0.7361111111111109 0.5925925925925926 0.8168402777777778 0.5972222222222222 0.8220486111111112 0.6929012345679013 0.7413194444444444 0.691358024691358
1 0.5772569444444444 0.6898148148148148 0.6579861111111112 0.6959876543209876 0.6597222222222222 0.7499999999999999 0.5772569444444445 0.7484567901234567
1 0.6588541666666665 0.6898148148148148 0.740451388888889 0.691358024691358 0.7439236111111112 0.7530864197530864 0.657986111111111 0.7484567901234569
1 0.7421874999999999 0.6929012345679012 0.8220486111111112 0.6959876543209875 0.8255208333333334 0.79320987654321 0.8020833333333334 0.7530864197530863 0.743923611111111 0.7484567901234567
1 0.8723958333333335 0.462962962962963 0.8663194444444445 0.3580246913580248 0.9366319444444445 0.3626543209876544 0.9444444444444445 0.4691358024691358
1 0.9453125 0.46759259259259256 0.935763888888889 0.3611111111111111 1 0.3626543209876544 1 0.4675925925925926
1 0.8793402777777778 0.5725308641975309 0.8723958333333334 0.4614197530864197 0.9444444444444444 0.4660493827160493 0.9513888888888891 0.5756172839506173
1 0.9531249999999999 0.5771604938271604 0.9444444444444443 0.4675925925925926 1 0.4691358024691359 1 0.5756172839506174
1 0.8802083333333333 0.5725308641975307 0.9522569444444445 0.5787037037037037 0.9565972222222224 0.6867283950617283 0.8932291666666667 0.683641975308642 0.8906250000000001 0.6419753086419754 0.8836805555555557 0.6419753086419754
1 0.9531249999999999 0.5787037037037037 1 0.5787037037037037 0.9991319444444443 0.6882716049382716 0.9574652777777776 0.6882716049382718
1 0.8932291666666665 0.6867283950617282 0.959201388888889 0.6913580246913579 0.9635416666666666 0.7608024691358023 0.8975694444444444 0.7592592592592592
1 0.9583333333333333 0.6867283950617282 1 0.6898148148148148 1 0.7546296296296297 0.9644097222222222 0.7561728395061728