0 0.28125 0.529320987654321 0.4123263888888889 0.5308641975308641 0.41059027777777773 0.638888888888889 0.27690972222222227 0.6373456790123457
0 0.4140625 0.5308641975308642 0.546875 0.5354938271604938 0.545138888888889 0.6450617283950618 0.4097222222222222 0.6388888888888888
0 0.5477430555555555 0.5339506172839505 0.6753472222222224 0.5401234567901235 0.6805555555555556 0.7114197530864197 0.6293402777777778 0.6466049382716049 0.545138888888889 0.6466049382716049
0 0.2821180555555555 0.529320987654321 0.2899305555555555 0.35648148148148157 0.4157986111111111 0.36265432098765427 0.4149305555555555 0.5324074074074074
0 0.4149305555555555 0.5370370370370371 0.41753472222222227 0.36728395061728386 0.5460069444444445 0.3688271604938272 0.5460069444444445 0.5339506172839505
0 0.5460069444444445 0.5308641975308641 0.546875 0.3672839506172839 0.6684027777777776 0.3734567901234569 0.6762152777777778 0.5401234567901234
0 0.29079861111111105 0.35339506172839513 0.29687500000000006 0.20061728395061734 0.41927083333333337 0.2083333333333334 0.41666666666666674 0.3641975308641976
0 0.41753472222222227 0.36265432098765427 0.42013888888888895 0.2037037037037037 0.5434027777777779 0.2083333333333333 0.5442708333333334 0.3672839506172839
0 0.5442708333333334 0.3688271604938272 0.5425347222222222 0.20679012345679015 0.6649305555555556 0.21450617283950624 0.670138888888889 0.3719135802469136
0 0.29861111111111105 0.20216049382716045 0.30208333333333337 0.057098765432098755 0.4201388888888889 0.0586419753086419 0.41840277777777773 0.2067901234567901
0 0.41927083333333326 0.2052469135802469 0.4201388888888889 0.06018518518518521 0.5399305555555555 0.06327160493827164 0.5399305555555556 0.20987654320987656
0 0.5407986111111112 0.20679012345679007 0.5399305555555556 0.06327160493827158 0.6571180555555556 0.07098765432098762 0.6597222222222222 0.21450617283950613
0 0.9045138888888891 0.4074074074074074 0.8993055555555556 0.30092592592592604 1 0.3024691358024692 1 0.4089506172839507
0 0.7239583333333333 0.5123456790123456 0.724826388888889 0.404320987654321 0.9071180555555556 0.4104938271604939 0.9114583333333334 0.5216049382716049
0 0.9114583333333333 0.5231481481481481 0.9071180555555555 0.4089506172839506 1 0.4089506172839507 1 0.5200617283950616
0 0.7300347222222222 0.5108024691358025 0.9149305555555557 0.5200617283950617 0.9192708333333334 0.6234567901234567 0.7300347222222222 0.6188271604938271
0 0.9123263888888888 0.5200617283950617 1 0.5246913580246915 1 0.6280864197530863 0.9201388888888888 0.6265432098765432
0 0.7343750000000001 0.6604938271604938 0.732638888888889 0.6188271604938271 0.9227430555555555 0.6280864197530864 0.9244791666666667 0.6604938271604939
1 0.06033433999762991 0.46713690448839945 0.0699201697168795 0.35987585560372404 0.1370209777516268 0.3638856144405343 0.12912676504165652 0.4671369044883994
1 0.1285628927052301 0.4641295853607917 0.13758485008805327 0.36288317473133175 0.20694114746850634 0.36589049385893935 0.20130242410424187 0.4661344647791969
1 0.05977046766120346 0.4671369044883994 0.12799902036880365 0.468139344197602 0.12066867999525982 0.5713906342454672 0.050748510278380295 0.5663784356994542
1 0.1285628927052301 0.46513202506999424 0.19791919008568312 0.4691417839068045 0.19228046672141866 0.5713906342454671 0.12066867999525979 0.5683833151178593
1 0.05131238261480675 0.5673808754086568 0.1206686799952598 0.5713906342454672 0.11390221195814246 0.6766468037117374 0.04285429756841004 0.6746419242933323
1 0.12236029700453915 0.5673808754086568 0.19397208373069805 0.5703881945362645 0.18607787102072773 0.6786516831301425 0.11502995663099534 0.6736394845841297
1 0.043982042241262925 0.6756443640025348 0.11728544597670115 0.6786516831301425 0.11051897793958375 0.780900533468805 0.03721557420414555 0.7758883349227921
1 0.11784931831312759 0.6736394845841297 0.19058884971213935 0.6806565625485477 0.18720561569358063 0.7778932143411973 0.11221059494886312 0.7788956540503998
1 0.20017467943138897 0.46713690448839945 0.20581340279565344 0.3648880541497369 0.22498506223415266 0.36589049385893946 0.21878246653346173 0.47014422361600716
1 0.20017467943138897 0.4671369044883994 0.21878246653346173 0.4691417839068045 0.21314374316919726 0.5723930739546697 0.19397208373069802 0.571390634245467
1 0.18889723270286 0.6786516831301425 0.19509982840355097 0.5713906342454671 0.21370761550562367 0.5733955136638722 0.20694114746850634 0.6786516831301425
1 0.1911527220485658 0.6806565625485477 0.20806889214135924 0.6826614419669528 0.2018662964406683 0.7778932143411973 0.18833336036643358 0.7778932143411974