0 0.13368055555555555 0.3688271604938272 0.3315972222222222 0.3672839506172839 0.3394097222222222 0.6203703703703703 0.14930555555555555 0.6157407407407407
0 0.3394097222222222 0.6188271604938271 0.33246527777777773 0.36419753086419765 0.5312499999999999 0.3688271604938273 0.5269097222222222 0.617283950617284
0 0.15104166666666666 0.6157407407407407 0.34027777777777773 0.6188271604938271 0.34635416666666674 0.8379629629629629 0.16579861111111113 0.8395061728395062
0 0.34027777777777773 0.6188271604938271 0.5286458333333334 0.6157407407407407 0.5260416666666666 0.8348765432098764 0.3463541666666667 0.8379629629629629
0 0.16579861111111108 0.8395061728395061 0.3472222222222222 0.8379629629629629 0.3541666666666667 1 0.17621527777777782 0.9969135802469137
0 0.3463541666666667 0.8364197530864198 0.5260416666666666 0.8364197530864199 0.5260416666666666 1 0.35156250000000006 1
0 0.5850694444444444 0.5339506172839505 0.5868055555555556 0.35339506172839513 0.704861111111111 0.35185185185185186 0.6987847222222222 0.5324074074074074
0 0.6996527777777776 0.5308641975308641 0.7057291666666665 0.3503086419753087 0.8272569444444444 0.3487654320987655 0.8159722222222222 0.5324074074074074
0 0.8185763888888891 0.5277777777777778 0.8281250000000001 0.34567901234567905 0.9461805555555556 0.3487654320987654 0.9314236111111112 0.5277777777777778
0 0.5807291666666665 0.6959876543209876 0.5824652777777779 0.5308641975308641 0.6961805555555556 0.5308641975308642 0.6901041666666666 0.699074074074074
0 0.6901041666666665 0.6975308641975307 0.697048611111111 0.5293209876543209 0.814236111111111 0.5324074074074073 0.8046875 0.6990740740740741
0 0.806423611111111 0.6990740740740742 0.8159722222222222 0.5262345679012347 0.9288194444444444 0.529320987654321 0.9140625 0.6944444444444445
0 0.5798611111111112 0.8549382716049382 0.5807291666666666 0.6959876543209876 0.6901041666666666 0.6959876543209876 0.6875 0.8533950617283951
0 0.6874999999999999 0.8549382716049382 0.6918402777777776 0.6990740740740741 0.8046875 0.6990740740740741 0.795138888888889 0.8487654320987654
0 0.796875 0.8503086419753085 0.8055555555555557 0.6990740740740741 0.9166666666666666 0.697530864197531 0.904513888888889 0.851851851851852
0 0.5807291666666665 0.8564814814814815 0.6866319444444444 0.8549382716049384 0.6840277777777778 0.9953703703703706 0.6119791666666666 0.9953703703703703 0.5833333333333334 0.9521604938271602
0 0.6874999999999999 0.8503086419753085 0.7968750000000001 0.8533950617283951 0.7890624999999999 0.9984567901234569 0.6831597222222222 0.9969135802469135
0 0.7986111111111109 0.8503086419753085 0.9053819444444444 0.8518518518518519 0.8958333333333334 0.9922839506172842 0.7899305555555556 0.9938271604938269