0 0.028645833333333325 0.6033950617283951 0.014756944444444465 0.4537037037037037 0.15277777777777776 0.4583333333333333 0.1623263888888889 0.6111111111111112
0 0.1631944444444444 0.6111111111111112 0.15190972222222224 0.4552469135802469 0.21440972222222224 0.4583333333333333 0.22222222222222218 0.6095679012345678
0 0.22309027777777776 0.6080246913580246 0.2152777777777778 0.4583333333333333 0.27517361111111105 0.4614197530864197 0.28125 0.6111111111111112
0 0.2803819444444444 0.6095679012345679 0.2734375 0.46296296296296297 0.3342013888888889 0.4675925925925926 0.3402777777777777 0.6111111111111112
0 0.3394097222222222 0.6111111111111113 0.3333333333333333 0.4629629629629631 0.3949652777777778 0.46296296296296297 0.4010416666666667 0.6095679012345679
0 0.03645833333333333 0.6064814814814815 0.09201388888888888 0.6080246913580247 0.09982638888888888 0.7453703703703705 0.04513888888888887 0.742283950617284
0 0.10069444444444443 0.7453703703703703 0.0920138888888889 0.6049382716049383 0.15017361111111113 0.6111111111111112 0.15711805555555552 0.7469135802469137
0 0.15711805555555552 0.7469135802469136 0.1484375 0.6080246913580246 0.2039930555555555 0.6095679012345678 0.21267361111111113 0.7515432098765433
0 0.2126736111111111 0.75 0.20486111111111113 0.6080246913580246 0.2638888888888889 0.6141975308641974 0.2708333333333333 0.7561728395061728
0 0.26996527777777773 0.7561728395061728 0.2621527777777778 0.6111111111111112 0.3984375 0.6111111111111112 0.4010416666666667 0.7546296296296297
0 0.046875 0.7453703703703703 0.1762152777777778 0.7515432098765431 0.18489583333333334 0.8858024691358025 0.0607638888888889 0.8827160493827161
0 0.17795138888888887 0.7484567901234567 0.23350694444444445 0.7515432098765433 0.24045138888888887 0.8827160493827161 0.1857638888888889 0.8827160493827162
0 0.23350694444444445 0.7515432098765432 0.2899305555555556 0.7561728395061728 0.2960069444444444 0.8842592592592591 0.2387152777777778 0.8842592592592593
0 0.29079861111111105 0.7561728395061728 0.34635416666666674 0.7561728395061728 0.3532986111111111 0.8919753086419755 0.29513888888888895 0.8888888888888888
0 0.3463541666666667 0.7561728395061728 0.4053819444444444 0.7577160493827161 0.4079861111111111 0.8919753086419755 0.3515625 0.8904320987654322
0 0.06684027777777776 0.8842592592592592 0.12152777777777775 0.8858024691358025 0.12499999999999999 0.9521604938271606 0.07204861111111113 0.9459876543209877
0 0.1206597222222222 0.8827160493827161 0.17361111111111113 0.8842592592592593 0.17881944444444445 0.9598765432098764 0.125 0.9537037037037037
0 0.1753472222222222 0.8858024691358024 0.22743055555555552 0.8858024691358025 0.23177083333333334 0.9645061728395062 0.17881944444444448 0.9598765432098766
0 0.2274305555555555 0.8827160493827161 0.2847222222222222 0.8842592592592591 0.2890625 0.9675925925925923 0.2300347222222222 0.9629629629629629
0 0.2847222222222222 0.8858024691358024 0.4131944444444444 0.8935185185185185 0.41579861111111105 1 0.4053819444444444 1 0.3897569444444444 0.9722222222222222 0.2881944444444444 0.9675925925925926
0 0.5434027777777778 0.6404320987654321 0.546875 0.4830246913580248 0.681423611111111 0.4845679012345677 0.677951388888889 0.6450617283950617
0 0.6770833333333333 0.6481481481481481 0.6822916666666666 0.48302469135802467 0.8246527777777778 0.48765432098765427 0.8168402777777778 0.6512345679012345
0 0.8142361111111109 0.6512345679012345 0.8272569444444444 0.4861111111111111 0.9600694444444443 0.4922839506172839 0.9435763888888891 0.6512345679012345
0 0.5416666666666665 0.7885802469135802 0.5425347222222222 0.6419753086419754 0.6744791666666666 0.6435185185185186 0.6710069444444444 0.7870370370370371
0 0.6718749999999999 0.7916666666666666 0.6788194444444445 0.6450617283950617 0.810763888888889 0.6481481481481481 0.8003472222222224 0.7978395061728396
0 0.8029513888888888 0.7870370370370371 0.8133680555555556 0.6496913580246914 0.9444444444444444 0.6481481481481481 0.9288194444444444 0.7932098765432098
0 0.5390624999999999 0.9197530864197532 0.5416666666666666 0.7839506172839507 0.6710069444444444 0.7885802469135803 0.6640625 0.9212962962962962
0 0.665798611111111 0.9197530864197532 0.6710069444444444 0.7885802469135803 0.8003472222222222 0.7947530864197532 0.7899305555555556 0.9305555555555554
0 0.7907986111111109 0.9197530864197532 0.8020833333333334 0.7870370370370371 0.9262152777777779 0.79320987654321 0.9131944444444443 0.9290123456790125
0 0.5416666666666665 0.9197530864197532 0.6640625 0.9197530864197532 0.6631944444444444 1 0.5407986111111112 1
0 0.6657986111111109 0.9212962962962962 0.787326388888889 0.9290123456790125 0.7855902777777778 1 0.662326388888889 1
0 0.7907986111111109 0.9197530864197532 0.9114583333333333 0.9274691358024691 0.9045138888888888 1 0.7855902777777776 1