0 0.3940972222222222 0.6342592592592593 0.3975694444444444 0.48919753086419754 0.5225694444444445 0.4938271604938272 0.5234375 0.6342592592592593
0 0.5225694444444444 0.6373456790123456 0.5217013888888888 0.49537037037037035 0.6475694444444444 0.5015432098765432 0.650173611111111 0.6327160493827161
0 0.6493055555555555 0.6358024691358023 0.650173611111111 0.5015432098765433 0.7708333333333333 0.5015432098765433 0.7821180555555556 0.70679012345679 0.7404513888888888 0.632716049382716 0.6475694444444445 0.6342592592592592
0 0.3975694444444444 0.49074074074074076 0.40277777777777773 0.294753086419753 0.5234375000000001 0.2978395061728395 0.521701388888889 0.4938271604938272
0 0.5225694444444444 0.4938271604938271 0.5243055555555556 0.2978395061728395 0.6440972222222222 0.29938271604938277 0.6493055555555556 0.49691358024691357
0 0.6493055555555556 0.4969135802469137 0.6440972222222222 0.30092592592592593 0.7664930555555556 0.3024691358024692 0.7725694444444444 0.5015432098765431
0 0.40277777777777773 0.2932098765432099 0.4071180555555555 0.11265432098765434 0.5217013888888888 0.11419753086419757 0.5225694444444444 0.30092592592592593
0 0.5208333333333334 0.29475308641975306 0.521701388888889 0.11111111111111116 0.6414930555555556 0.1157407407407408 0.646701388888889 0.29938271604938277
0 0.6458333333333333 0.2993827160493827 0.6440972222222222 0.11728395061728392 0.7569444444444444 0.11882716049382717 0.765625 0.3024691358024691
0 0.4071180555555555 0.11265432098765434 0.40972222222222227 0 0.5217013888888888 0 0.521701388888889 0.11419753086419752
0 0.5217013888888888 0.1111111111111111 0.5234375 0 0.6362847222222222 0.004629629629629629 0.638888888888889 0.11882716049382715
0 0.6388888888888888 0.11419753086419751 0.6362847222222224 0 0.7465277777777778 0 0.7526041666666666 0.11728395061728386
1 0.05525948896979189 0.38994904687980125 0.06428144635261504 0.2997294730515696 0 0.29471727450555674 0.0005638723364264298 0.38593928804299094
1 0.04905689326910093 0.3899490468798013 0.04059880822270423 0.48317593983564056 0 0.48016862070803285 3.7007434154171884e-18 0.3849368483337884
1 0.03552395719486621 0.4851808192540458 0.028193616821322386 0.5794101519190877 0 0.57640283279148 0 0.47816374128962774
1 0.10769961625745153 0.3869417277521935 0.11333833962171598 0.2907075156687464 0.1934082113942716 0.29170995537794897 0.1877694880300071 0.38794416746139604
1 0.18664174335715422 0.3869417277521935 0.19340821139427158 0.2887026362503412 0.2729142108304007 0.28970507595954387 0.26896710447541555 0.3839344086245858
1 0.2689671044754156 0.38493684833378833 0.2734780831668272 0.2887026362503412 0.35185633793010346 0.2927123950871516 0.34734535923869186 0.38894660717059865
1 0.09867765887462836 0.48317593983564067 0.10657187158459865 0.38593928804299094 0.18495012634787486 0.38593928804299094 0.18156689232931617 0.4821735001264381
1 0.18213076466574263 0.48016862070803285 0.1866417433571542 0.3839344086245858 0.2672754874661363 0.3859392880429909 0.2638922534475776 0.47816374128962763
1 0.264456125784004 0.47716130158042513 0.2700948491482685 0.3839344086245857 0.3473453592386918 0.3889466071705986 0.3445259975565595 0.4821735001264381
1 0.09416668018321678 0.5743979533730748 0.10093314822033417 0.48016862070803285 0.18043914765646327 0.4821735001264381 0.17536429662862527 0.5794101519190877
1 0.17592816896505167 0.5774052725006825 0.18100301999288973 0.47716130158042513 0.26332838111115114 0.47816374128962774 0.25938127475616596 0.5784077122098852
1 0.25994514709259237 0.57640283279148 0.26558387045685694 0.47716130158042513 0.34508986989298596 0.48317593983564056 0.34283438054728016 0.5794101519190877
1 0.0862724674732465 0.6756443640025347 0.09416668018321676 0.5754003930822773 0.17536429662862524 0.5784077122098851 0.17141719027364008 0.6776492434209399
1 0.17198106261006657 0.6766468037117372 0.17649204130147814 0.5733955136638722 0.25881740241973955 0.57640283279148 0.2554341684011809 0.6776492434209398
1 0.2559980407376073 0.679654122839345 0.2599451470925923 0.57640283279148 0.3422705082108538 0.5804125916282903 0.34114276353800094 0.6235174991240009 0.3371956571830158 0.6245199388332036 0.32309884877235456 0.6445687330172549 0.32084335942664877 0.6806565625485477
1 0.08627246747324649 0.6756443640025348 0.17085331793721364 0.6796541228393451 0.16634233924580205 0.7718785760859819 0.08965570149180517 0.7738834555043869 0.08852795681895227 0.7377956259730943 0.08288923345468782 0.7377956259730943
1 0.17198106261006657 0.6756443640025348 0.2554341684011809 0.6796541228393451 0.2503593173733428 0.7798980937596025 0.16634233924580208 0.773883455504387
1 0.25656191307403375 0.6776492434209399 0.3219711040995017 0.6816590022577501 0.32027948709022236 0.7798980937596025 0.25205093438262216 0.7798980937596025