0 0.0026041666666666518 0.49845679012345673 0 0.47376543209876537 0 0.3348765432098766 0.12499999999999999 0.3271604938271605 0.13888888888888887 0.49691358024691357
0 0.13888888888888892 0.49691358024691357 0.12326388888888891 0.32870370370370383 0.26909722222222227 0.3271604938271605 0.2760416666666667 0.4922839506172839
0 0.2743055555555556 0.48919753086419754 0.2682291666666667 0.33024691358024694 0.4045138888888889 0.3256172839506173 0.40972222222222227 0.4922839506172839
0 0.014756944444444435 0.6543209876543209 0 0.49845679012345673 0.13541666666666666 0.4922839506172839 0.1475694444444444 0.6496913580246914
0 0.1467013888888889 0.6512345679012346 0.1345486111111111 0.49691358024691357 0.2725694444444444 0.4891975308641975 0.28298611111111105 0.6450617283950618
0 0.2821180555555555 0.6450617283950618 0.27690972222222227 0.4922839506172839 0.41059027777777773 0.4876543209876544 0.4097222222222222 0.6342592592592594
0 0.02690972222222221 0.7947530864197531 0.012152777777777783 0.6512345679012345 0.14409722222222224 0.6466049382716048 0.15451388888888887 0.7854938271604937
0 0.15451388888888887 0.7870370370370371 0.14409722222222224 0.6512345679012345 0.2743055555555555 0.6466049382716049 0.2821180555555555 0.779320987654321
0 0.2838541666666667 0.7808641975308641 0.2795138888888889 0.6435185185185185 0.4071180555555555 0.6358024691358023 0.4088541666666667 0.7716049382716048
0 0.05034722222222221 0.9197530864197532 0.03298611111111112 0.7978395061728395 0.15711805555555555 0.7901234567901235 0.16753472222222224 0.9151234567901235
0 0.16579861111111108 0.9151234567901235 0.15885416666666663 0.7870370370370371 0.2847222222222222 0.7808641975308642 0.2881944444444444 0.9058641975308642
0 0.28906250000000006 0.9089506172839504 0.2847222222222222 0.7762345679012346 0.40798611111111105 0.7716049382716049 0.41145833333333337 0.9027777777777777
0 0.05381944444444443 0.9212962962962962 0.1675347222222222 0.9151234567901236 0.171875 0.9876543209876542 0.05902777777777777 0.9861111111111112
0 0.16666666666666663 0.9104938271604939 0.3003472222222222 0.9074074074074074 0.3020833333333333 0.984567901234568 0.17274305555555555 0.984567901234568
0 0.2994791666666667 0.9058641975308642 0.41927083333333326 0.8996913580246915 0.4210069444444444 0.9984567901234569 0.3897569444444444 0.9845679012345678 0.3003472222222222 0.9876543209876542
0 0.9583333333333333 1 0.9722222222222224 0.867283950617284 1 0.8719135802469136 1 1
0 0.9748263888888891 0.8657407407407406 0.9947916666666667 0.7114197530864198 1 0.7129629629629629 0.9991319444444444 0.8703703703703701
0 0.5266116524353882 0.438908202277255 0.5277845068951551 0.33986715900804065 0.6022607650903604 0.3367395471153286 0.5987422017110594 0.4357805903845429
0 0.5987422017110594 0.4368231276821136 0.6028471923202439 0.33361193522261656 0.6767370232855655 0.33361193522261656 0.6743913143660317 0.4357805903845429
0 0.672632032676381 0.4336955157894016 0.6755641688257986 0.3315268606274753 0.7523861359405378 0.3283992487347632 0.7482811453313533 0.4347380530869722
0 0.7476947181014698 0.4357805903845429 0.7517997087106544 0.3273567114371926 0.8274488213656266 0.3263141741396218 0.822170976296675 0.4336955157894016
0 0.8221709762966749 0.4336955157894016 0.8274488213656266 0.3315268606274752 0.9007522251010649 0.33882462171047 0.8907829621930451 0.4357805903845429
0 0.5283709341250387 0.5337790963561866 0.5266116524353882 0.4347380530869722 0.5993286289409429 0.4347380530869722 0.5963964927915254 0.5285664098683331
0 0.5987422017110594 0.5327365590586159 0.6005014834007099 0.4336955157894016 0.671459178216614 0.43473805308697233 0.6702863237568472 0.5316940217610453
0 0.6696998965269636 0.5316940217610452 0.6720456054464975 0.4347380530869723 0.7459354364118194 0.432652978491831 0.7418304458026348 0.5316940217610453
0 0.7418304458026348 0.5316940217610453 0.7465218636417028 0.4336955157894016 0.8204116946070245 0.4316104411942602 0.8133745678484224 0.5296089471659039
0 0.8139609950783059 0.5296089471659038 0.8204116946070245 0.43265297849183093 0.8919558166528122 0.4347380530869722 0.8825729809746761 0.5306514844634745
0 0.5266116524353882 0.6223947666496942 0.5254387979756211 0.5285664098683333 0.5969829200214088 0.5296089471659039 0.5963964927915253 0.6223947666496942
0 0.5963964927915253 0.6213522293521234 0.598155774481176 0.5306514844634745 0.667940614837313 0.5275238725707625 0.6673541876074296 0.6223947666496942
0 0.6661813331476625 0.6203096920545528 0.66911346929708 0.5296089471659038 0.7418304458026347 0.5296089471659039 0.7377254551934502 0.6203096920545528
0 0.7377254551934502 0.6203096920545528 0.7418304458026347 0.5275238725707626 0.8133745678484224 0.5285664098683331 0.8098560044691214 0.619267154756982
0 0.8080967227794709 0.619267154756982 0.8122017133886554 0.5285664098683331 0.8837458354344431 0.5296089471659038 0.8755358542160742 0.6223947666496942
0 0.5271980796652717 0.7130955115383429 0.5260252252055045 0.6213522293521234 0.5963964927915253 0.6203096920545528 0.5963964927915253 0.7089253623480603
0 0.5952236383317583 0.709967899645631 0.5963964927915253 0.6203096920545528 0.6667677603775459 0.6223947666496941 0.6644220514580119 0.7110104369432015
0 0.6650084786878955 0.7089253623480604 0.6673541876074296 0.6192671547569821 0.7371390279635667 0.6213522293521234 0.734206891814149 0.7078828250504895
0 0.7342068918141493 0.7057977504553483 0.7388983096532172 0.619267154756982 0.806923868319704 0.6203096920545528 0.8028188777105194 0.7057977504553482
0 0.8022324504806359 0.7057977504553483 0.8075102955495874 0.6182246174594113 0.8737765725264236 0.6203096920545528 0.8679123002275885 0.7026701385626362
0 0.5271980796652717 0.7933708834512853 0.5266116524353882 0.7110104369432017 0.5975693472512923 0.7078828250504895 0.5963964927915253 0.7912858088561437
0 0.5969829200214088 0.7923283461537144 0.5969829200214088 0.706840287752919 0.6673541876074295 0.7078828250504895 0.665594905917779 0.7912858088561437
0 0.6638356242281286 0.790243271558573 0.6691134692970802 0.7057977504553482 0.7353797462739161 0.7078828250504895 0.7324476101244987 0.7923283461537144
0 0.7330340373543822 0.7902432715585731 0.7347933190440326 0.7068402877529188 0.8016460232507523 0.7068402877529188 0.7993003143312183 0.7923283461537144
0 0.797541032641568 0.7850305850707197 0.8028188777105194 0.7026701385626362 0.8714308636068896 0.7026701385626363 0.8661530185379379 0.7829455104755783
0 0.5301302158146892 0.8778164045545099 0.5295437885848057 0.793370883451285 0.5975693472512923 0.7923283461537144 0.5969829200214088 0.8736462553642271
0 0.5969829200214088 0.874688792661798 0.5975693472512924 0.7912858088561437 0.6644220514580119 0.7892007342610025 0.6638356242281286 0.8746887926617979
0 0.6638356242281286 0.8757313299593686 0.665594905917779 0.7902432715585732 0.734206891814149 0.7912858088561439 0.7318611828946151 0.874688792661798
0 0.7324476101244985 0.8726037180666565 0.7359661735037998 0.7933708834512853 0.7981274598714514 0.7954559580464265 0.7981274598714514 0.8757313299593686
0 0.7963681781818008 0.8726037180666565 0.7993003143312183 0.7892007342610025 0.8737765725264235 0.787115659665861 0.8649801640781709 0.8694761061739446
0 0.5336487791939902 0.9507940153844574 0.5313030702744562 0.8778164045545098 0.5969829200214088 0.8736462553642271 0.5975693472512924 0.95496416457474
0 0.5987422017110594 0.9518365526820279 0.5975693472512923 0.8746887926617979 0.665594905917779 0.8757313299593684 0.6603170608488275 0.9518365526820279
0 0.6614899153085946 0.9528790899795987 0.6638356242281286 0.8757313299593685 0.7318611828946151 0.8757313299593685 0.7295154739750811 0.9497514780868866
0 0.7301019012049647 0.9487089407893159 0.7324476101244987 0.8715611807690857 0.7975410326415677 0.8705186434715152 0.7928496148024997 0.9518365526820279
0 0.7940224692622666 0.9528790899795985 0.7963681781818008 0.8705186434715152 0.8638073096184039 0.8715611807690857 0.8597023190092195 0.9445387915990331
0 0.5313030702744562 0.9497514780868866 0.5963964927915253 0.95496416457474 0.5958100655616417 1 0.5336487791939902 1
0 0.5969829200214088 0.9524948107314485 0.662076342538478 0.9524948107314485 0.662076342538478 1 0.5958100655616418 0.9983664518245582
0 0.6614899153085946 0.9514522734338777 0.7271697650555472 0.9514522734338777 0.7271697650555472 1 0.6603170608488275 1
0 0.7283426195153141 0.9493671988387364 0.7934360420323832 0.9514522734338777 0.7928496148024997 1 0.7242376289061297 1
0 0.7940224692622668 0.9514522734338777 0.8585294645494523 0.9483246615411657 0.8555973284000349 1 0.7922631875726162 0.9983664518245582