0 0.03211805555555556 0.5169753086419753 0.009548611111111124 0.6975308641975309 0 0.6959876543209876 0 0.5169753086419753
0 0.032118055555555546 0.5154320987654321 0.04513888888888888 0.3549382716049383 0 0.35030864197530864 0 0.5185185185185185
0 0.04687500000000001 0.35185185185185197 0.06336805555555555 0.1913580246913581 0 0.183641975308642 0 0.34722222222222227
0 0.06336805555555554 0.1882716049382716 0.07899305555555555 0.02623456790123459 0 0.016975308641975318 0 0.1867283950617284
0 0.07812499999999997 0.02623456790123455 0.2065972222222222 0.04320987654320988 0.1892361111111111 0.2052469135802469 0.06423611111111115 0.19290123456790123
0 0.06336805555555554 0.19135802469135801 0.1918402777777778 0.20524691358024694 0.17621527777777776 0.36419753086419754 0.05295138888888888 0.3503086419753087
0 0.05815972222222221 0.3472222222222222 0.18055555555555555 0.36574074074074087 0.17013888888888887 0.529320987654321 0.03819444444444445 0.5200617283950616
0 0.035590277777777776 0.5169753086419753 0.1675347222222222 0.5246913580246914 0.14930555555555552 0.691358024691358 0.015625000000000014 0.6929012345679013
0 0.23090277777777776 0.5833333333333334 0.44791666666666674 0.5817901234567902 0.4487847222222222 0.6358024691358023 0.22743055555555552 0.6373456790123456
0 0.4487847222222222 0.5848765432098765 0.662326388888889 0.5833333333333335 0.6675347222222222 0.712962962962963 0.657986111111111 0.712962962962963 0.6050347222222222 0.6296296296296298 0.4496527777777778 0.6311728395061729
0 0.2361111111111111 0.4583333333333333 0.44878472222222227 0.4614197530864197 0.44704861111111105 0.5848765432098765 0.2291666666666666 0.5848765432098765
0 0.4479166666666667 0.4614197530864197 0.6614583333333333 0.4645061728395061 0.662326388888889 0.5864197530864198 0.4470486111111111 0.5833333333333335
0 0.2361111111111111 0.4614197530864197 0.24131944444444448 0.3410493827160494 0.4513888888888889 0.34413580246913583 0.4487847222222222 0.46141975308641975
0 0.4479166666666667 0.46296296296296297 0.45138888888888895 0.3410493827160494 0.6545138888888888 0.34722222222222227 0.657986111111111 0.46759259259259256
0 0.23958333333333331 0.3410493827160494 0.24305555555555552 0.22376543209876557 0.4496527777777778 0.22839506172839513 0.44878472222222227 0.3410493827160495
0 0.4487847222222222 0.34567901234567905 0.4513888888888889 0.2299382716049383 0.6519097222222222 0.23302469135802475 0.6553819444444444 0.34876543209876537
0 0.24652777777777776 0.2253086419753086 0.25260416666666674 0.1188271604938272 0.4487847222222222 0.12654320987654322 0.4487847222222222 0.23148148148148145
0 0.4479166666666667 0.2314814814814815 0.44878472222222215 0.12345679012345682 0.6458333333333334 0.125 0.6493055555555555 0.2345679012345679
0 0.2508680555555555 0.11882716049382717 0.2569444444444445 0.009259259259259285 0.4479166666666667 0.012345679012345687 0.4479166666666667 0.13117283950617287
0 0.44704861111111105 0.1265432098765432 0.44878472222222227 0.006172839506172857 0.638888888888889 0.015432098765432103 0.6432291666666666 0.125
0 0.7925347222222221 0.22839506172839505 0.7855902777777778 0.08024691358024694 0.9123263888888888 0.08024691358024694 0.9210069444444444 0.22839506172839508
0 0.7934027777777778 0.3811728395061728 0.787326388888889 0.2237654320987654 0.9175347222222222 0.2268518518518518 0.9253472222222222 0.3796296296296296
0 0.7977430555555555 0.5354938271604938 0.7925347222222222 0.37654320987654327 0.9218749999999999 0.37962962962962965 0.9340277777777778 0.5354938271604938
0 0.7960069444444443 0.5401234567901234 0.9305555555555555 0.5385802469135803 0.943576388888889 0.7021604938271604 0.818576388888889 0.6867283950617283 0.814236111111111 0.6234567901234567 0.798611111111111 0.6234567901234567
0 0.9123263888888888 0.07716049382716048 1 0.08024691358024694 0.9991319444444443 0.23148148148148145 0.9210069444444443 0.23148148148148148
0 0.9184027777777776 0.22685185185185183 1 0.22839506172839508 1 0.38271604938271603 0.9253472222222224 0.37962962962962965
0 0.9227430555555555 0.37808641975308643 1 0.38117283950617287 1 0.5401234567901234 0.9331597222222221 0.5385802469135803
0 0.9314236111111109 0.5385802469135802 1 0.5385802469135801 0.9991319444444445 0.7052469135802468 0.9427083333333335 0.7037037037037038