0 0.02256944444444442 0.3333333333333333 0.15972222222222224 0.33179012345679015 0.171875 0.49691358024691346 0.03819444444444445 0.5
0 0.16145833333333331 0.33179012345679004 0.3003472222222222 0.33024691358024694 0.30642361111111105 0.49537037037037046 0.17361111111111116 0.49845679012345673
0 0.3029513888888889 0.3302469135802469 0.4392361111111111 0.3348765432098766 0.4392361111111111 0.49537037037037035 0.3090277777777778 0.4938271604938271
0 0.02864583333333335 0.5015432098765433 0.16666666666666666 0.5 0.17621527777777776 0.6496913580246914 0.04340277777777778 0.654320987654321
0 0.16579861111111108 0.49691358024691357 0.3038194444444444 0.49845679012345673 0.3072916666666667 0.6496913580246914 0.17534722222222224 0.6496913580246915
0 0.3038194444444444 0.4922839506172839 0.43750000000000006 0.49845679012345673 0.43750000000000006 0.6481481481481483 0.3072916666666667 0.6450617283950617
0 0.0425347222222222 0.6512345679012345 0.171875 0.6481481481481481 0.18142361111111113 0.7901234567901234 0.054687500000000014 0.7916666666666665
0 0.17361111111111108 0.6481481481481481 0.2994791666666667 0.6481481481481481 0.30729166666666674 0.7885802469135802 0.18142361111111113 0.7901234567901234
0 0.3072916666666667 0.6435185185185185 0.43576388888888895 0.6481481481481481 0.43489583333333337 0.7870370370370371 0.31076388888888895 0.7854938271604939
0 0.0546875 0.7947530864197531 0.1796875 0.7901234567901235 0.19010416666666669 0.9259259259259259 0.0651041666666667 0.9274691358024693
0 0.17968749999999997 0.7901234567901234 0.3081597222222222 0.7885802469135802 0.3116319444444444 0.9243827160493826 0.1901041666666667 0.9320987654320988
0 0.3098958333333333 0.7870370370370371 0.4340277777777778 0.7870370370370371 0.43229166666666663 0.91820987654321 0.3107638888888888 0.9197530864197532
0 0.07118055555555554 0.9305555555555555 0.19010416666666666 0.9274691358024693 0.19618055555555555 1 0.07552083333333333 1
0 0.1909722222222222 0.9274691358024691 0.3125 0.9259259259259257 0.3151041666666667 1 0.1944444444444444 1
0 0.3159722222222222 0.9212962962962962 0.4288194444444444 0.9212962962962963 0.4305555555555555 1 0.31684027777777773 1
1 0.4965277777777778 0.5370370370370371 0.4973958333333333 0.4552469135802469 0.5746527777777779 0.45679012345679015 0.5729166666666665 0.5324074074074074
1 0.5729166666666665 0.5324074074074074 0.5746527777777779 0.4552469135802469 0.6501736111111112 0.45679012345679015 0.6493055555555556 0.5324074074074074
1 0.5017361111111112 0.5339506172839505 0.609375 0.5354938271604938 0.6085069444444444 0.6095679012345679 0.5017361111111112 0.6080246913580247
1 0.6128472222222221 0.529320987654321 0.7178819444444444 0.529320987654321 0.717013888888889 0.6033950617283951 0.609375 0.6095679012345678
1 0.4991319444444445 0.6064814814814815 0.5737847222222222 0.6111111111111112 0.5746527777777779 0.6450617283950617 0.5 0.6419753086419753
1 0.5737847222222221 0.6080246913580246 0.6484375 0.6064814814814815 0.6484375 0.6450617283950617 0.5729166666666667 0.6435185185185185
1 0.6484374999999999 0.6049382716049382 0.7187499999999999 0.6033950617283951 0.7196180555555556 0.6466049382716049 0.6484375000000001 0.6435185185185185
0 0.9999999999999999 0.9799382716049382 0.9401041666666665 0.9799382716049384 0.920138888888889 0.9552469135802468 0.9288194444444444 0.8364197530864199 1 0.8410493827160496
0 0.9296875000000001 0.8348765432098767 0.9444444444444444 0.6944444444444446 1 0.6959876543209879 1 0.8395061728395061
0 0.9444444444444443 0.6944444444444444 0.9600694444444444 0.529320987654321 1 0.529320987654321 1 0.6944444444444445
0 0.9609374999999999 0.529320987654321 0.9765625000000001 0.35185185185185186 1 0.35185185185185186 1 0.529320987654321