0 0.8159722222222221 0.9197530864197532 0.9374999999999999 0.9151234567901236 0.9322916666666667 0.9799382716049384 0.8142361111111112 0.9753086419753088
0 0.9383680555555555 0.9074074074074073 0.9991319444444444 0.9058641975308643 0.9991319444444444 0.9953703703703701 0.9296875 0.9953703703703703
0 0.8116319444444443 0.9166666666666665 0.818576388888889 0.7808641975308642 0.9427083333333334 0.7746913580246915 0.9314236111111109 0.9120370370370371
0 0.9314236111111109 0.9104938271604939 0.9444444444444444 0.7731481481481483 1 0.7716049382716049 0.9991319444444445 0.904320987654321
0 0.8194444444444445 0.7793209876543209 0.8281250000000001 0.632716049382716 0.9557291666666667 0.6280864197530863 0.9427083333333335 0.7731481481481481
0 0.9444444444444444 0.7716049382716049 0.9600694444444445 0.6265432098765434 1 0.6250000000000001 1 0.7746913580246916
0 0.8281249999999999 0.6311728395061728 0.8385416666666667 0.47685185185185197 0.9704861111111112 0.47376543209876537 0.9565972222222224 0.6296296296296297
0 0.9574652777777778 0.625 0.9722222222222222 0.47067901234567905 1 0.47067901234567905 0.9991319444444444 0.6280864197530863
0 0.8515624999999999 0.4722222222222222 0.8619791666666666 0.3040123456790123 0.9939236111111112 0.3117283950617284 0.9817708333333335 0.4691358024691358
0 0.9835069444444444 0.4691358024691358 0.9947916666666667 0.3148148148148148 1 0.3148148148148148 0.9991319444444444 0.47067901234567894
0 0.32465277777777773 0.5447530864197531 0.3177083333333333 0.3518518518518519 0.4444444444444444 0.35030864197530875 0.44704861111111105 0.54320987654321
0 0.4470486111111112 0.5447530864197532 0.44618055555555564 0.3518518518518519 0.5711805555555556 0.34876543209876537 0.5703125 0.5401234567901234
0 0.572048611111111 0.5324074074074074 0.5737847222222222 0.3425925925925926 0.6987847222222222 0.3441358024691357 0.6901041666666666 0.5308641975308641
0 0.3229166666666667 0.5416666666666666 0.4461805555555556 0.5416666666666666 0.4487847222222222 0.7160493827160495 0.3272569444444444 0.720679012345679
0 0.44965277777777773 0.720679012345679 0.44791666666666663 0.5401234567901235 0.5694444444444445 0.5401234567901235 0.5694444444444445 0.7145061728395061
0 0.5694444444444445 0.7175925925925927 0.5711805555555556 0.529320987654321 0.6901041666666666 0.5308641975308641 0.6848958333333334 0.70679012345679
0 0.3342013888888889 0.7175925925925926 0.45052083333333337 0.7175925925925926 0.4522569444444444 0.8765432098765433 0.3385416666666667 0.8796296296296295
0 0.45312500000000006 0.8827160493827161 0.45052083333333337 0.7191358024691359 0.5694444444444445 0.712962962962963 0.568576388888889 0.875
0 0.568576388888889 0.8719135802469136 0.5694444444444445 0.7160493827160495 0.6857638888888888 0.70679012345679 0.6805555555555556 0.8657407407407406
0 0.3385416666666667 0.8780864197530864 0.4522569444444444 0.8734567901234567 0.4539930555555555 0.9891975308641977 0.345486111111111 1
0 0.453125 0.8811728395061728 0.5668402777777779 0.8765432098765433 0.5659722222222222 0.9753086419753088 0.5 0.978395061728395 0.45572916666666674 0.9907407407407407
0 0.5694444444444444 0.8719135802469136 0.6770833333333334 0.8657407407407405 0.6744791666666666 1 0.6649305555555556 1 0.6397569444444444 0.9629629629629629 0.5668402777777779 0.9753086419753088
0 0 0.33225816511021056 0.041190722360496916 0.33225816511021056 0.051027312774943955 0.4382747506881396 0 0.4393677051786337
0 0.04979773897313808 0.4349958872166572 0.04057593545959397 0.33444407409119875 0.11619472427065546 0.3355370285816929 0.12295738018058784 0.4349958872166573
0 0.12357216708149078 0.43390293272616315 0.11680951117155838 0.3333511196007047 0.18812479167629928 0.336629983072187 0.19611702138803758 0.43390293272616315
0 0 0.5355477003421157 0 0.4382747506881396 0.04918295207223513 0.4382747506881396 0.057789968684876285 0.5355477003421157
0 0.058404755585779206 0.5344547458516216 0.049182952072235116 0.4349958872166572 0.12418695398239371 0.43390293272616315 0.130949609892326 0.5322688368706333
0 0.13094960989232604 0.5355477003421157 0.1229573801805878 0.4349958872166572 0.19611702138803758 0.43390293272616315 0.201650103496164 0.5333617913611275
0 0 0.624077014072139 0 0.5355477003421157 0.058404755585779185 0.5344547458516216 0.06701177219842033 0.6240770140721389
0 0.06578219839661446 0.6240770140721389 0.057789968684876306 0.5311758823801392 0.13033482299142307 0.5333617913611276 0.13832705270316126 0.6218911050911506
0 0.13832705270316129 0.6229840595816448 0.13033482299142307 0.5344547458516216 0.2028796772979699 0.5333617913611275 0.2077979725051934 0.625169968562633
0 0.004918295207223533 0.7104204188211739 0 0.6240770140721389 0.0663969852975174 0.6251699685626331 0.07500400191015857 0.7104204188211739
0 0.07623357571196444 0.711513373311668 0.06762655909932326 0.6229840595816448 0.13955662650496714 0.6251699685626331 0.14570449551399658 0.7126063278021622
0 0.14508970861309362 0.7104204188211739 0.13771226580225834 0.6229840595816449 0.2090275463069992 0.6251699685626331 0.21394584151422275 0.7082345098401857
0 0.01598445942347643 0.7923920056082324 0.0055330821081264565 0.7093274643306796 0.0756187888110615 0.7104204188211739 0.0836110185227997 0.7956708690797147
0 0.08607016612641148 0.7912990511177384 0.07869272331557624 0.711513373311668 0.1463192824148995 0.7136992822926562 0.15246715142392891 0.7934849600987265
0 0.15246715142392891 0.7934849600987265 0.14570449551399658 0.7082345098401857 0.21456062841512577 0.7093274643306796 0.22009371052325216 0.7934849600987265
0 0.027050623639729328 0.8754565468857851 0.017828820126185238 0.7934849600987266 0.08545537922550854 0.7934849600987265 0.09344760893724674 0.8743635923952909
0 0.09652154344176145 0.8776424558667734 0.08914410063092615 0.7934849600987265 0.15492629902754063 0.7956708690797148 0.16107416803657 0.8743635923952909
0 0.15984459423476416 0.8754565468857851 0.15369672522573471 0.7934849600987266 0.2280859402349904 0.7945779145892207 0.23177466164040794 0.8798283648477615
0 0.03811678785598224 0.953056315710867 0.028280197441535183 0.8765495013762792 0.09590675654085849 0.8787354103572673 0.10328419935169375 0.9497774522393848
0 0.10635813385620849 0.9541492702013611 0.10021026484717903 0.8776424558667734 0.16353331564018175 0.8743635923952909 0.17091075845101708 0.9541492702013611
0 0.17091075845101708 0.9563351791823494 0.16291852873927884 0.8754565468857851 0.23115987473950508 0.8787354103572673 0.23546338304582565 0.951963361220373
0 0.03934636165778812 0.9508704067298789 0.10635813385620843 0.953056315710867 0.1118912159643349 1 0.046723804468623356 1
0 0.10574334695530553 0.9508704067298789 0.17214033225282288 0.9541492702013611 0.1764438405591435 0.9978674498211259 0.11066164216252904 0.9978674498211259
0 0.1721403322528229 0.953056315710867 0.2366929568476315 0.953056315710867 0.23915210445124327 1 0.17644384055914353 1
0 0.04119072236049689 0.953056315710867 0.04979773897313808 1 0 1 0 0.9497774522393848
0 0.03934636165778812 0.951963361220373 0.027050623639729342 0.8754565468857851 0 0.8743635923952909 0 0.9508704067298789
0 0.028280197441535204 0.8721776834143027 0.017214033225282303 0.7934849600987265 0 0.7923920056082324 0.000614786900902938 0.8743635923952908
0 0.01598445942347643 0.7923920056082324 0.004303508306320599 0.7082345098401857 0 0.7082345098401857 0 0.7923920056082324