0 0.09982638888888887 0.3688271604938272 0.3046875 0.3672839506172839 0.3046875 0.492283950617284 0.10590277777777773 0.4969135802469137
0 0.3029513888888889 0.3688271604938272 0.4982638888888889 0.37037037037037035 0.4982638888888889 0.48456790123456783 0.3072916666666667 0.4938271604938271
0 0.1076388888888889 0.4969135802469137 0.3046875 0.4891975308641975 0.3116319444444444 0.6033950617283951 0.1154513888888889 0.6095679012345678
0 0.3064236111111111 0.492283950617284 0.4956597222222223 0.48302469135802467 0.4965277777777779 0.5910493827160493 0.310763888888889 0.6003086419753086
0 0.11979166666666664 0.6033950617283951 0.31423611111111105 0.6018518518518519 0.3194444444444444 0.7052469135802469 0.12673611111111105 0.7129629629629629
0 0.3116319444444445 0.5987654320987655 0.5008680555555557 0.5895061728395062 0.5026041666666666 0.691358024691358 0.31684027777777773 0.7021604938271604
0 0.12760416666666663 0.7098765432098765 0.31684027777777773 0.7021604938271604 0.3203125 0.7993827160493826 0.13541666666666666 0.8086419753086419
0 0.31684027777777773 0.7006172839506173 0.4982638888888889 0.6882716049382716 0.4973958333333333 0.7854938271604937 0.3203125 0.7993827160493825
0 0.13368055555555552 0.8086419753086419 0.31684027777777773 0.7978395061728396 0.32204861111111105 0.898148148148148 0.14062500000000003 0.8996913580246914
0 0.31684027777777773 0.7978395061728395 0.4947916666666667 0.7854938271604939 0.49565972222222227 0.8796296296296294 0.3211805555555556 0.8966049382716049
0 0.13715277777777776 0.898148148148148 0.31684027777777773 0.8904320987654322 0.3185763888888889 0.9830246913580245 0.19184027777777776 0.9861111111111112 0.19097222222222224 0.9475308641975311 0.13802083333333334 0.9382716049382719
0 0.3185763888888889 0.8935185185185184 0.4913194444444445 0.8811728395061729 0.4930555555555556 0.9722222222222222 0.31857638888888895 0.984567901234568
0 0.5607638888888888 0.4135802469135802 0.5598958333333334 0.31635802469135804 0.6380208333333334 0.3101851851851852 0.6380208333333334 0.4104938271604938
0 0.6361093447992363 0.4120107399999316 0.6391587663946307 0.31442924894731616 0.7160041905985653 0.3111765325788956 0.7129547690031709 0.41092650121045793
0 0.7129547690031709 0.41092650121045804 0.7160041905985653 0.3133450101578426 0.7910199618452632 0.3079238162104751 0.7879705402498689 0.406589546052564
0 0.788580424568948 0.4044210684736169 0.7910199618452632 0.3090080549999486 0.862986311496567 0.30575533863152815 0.859327005582094 0.408758023631511
0 0.8599368899011729 0.4076737848420375 0.863596195815646 0.3035868610525811 0.9325131238715555 0.30033414468416064 0.9270241649998459 0.39683139694730246
0 0.5604836892334595 0.5052552758946529 0.5610935735525383 0.4120107399999316 0.6373291134373941 0.40984226242098454 0.6361093447992363 0.5009183207367589
0 0.6348895761610787 0.5009183207367589 0.6367192291183151 0.40984226242098454 0.7117350003650132 0.408758023631511 0.7111251160459344 0.49983408194728535
0 0.7105152317268556 0.5009183207367589 0.712344884684092 0.408758023631511 0.7855310029735537 0.4065895460525639 0.7824815813781593 0.49874984315781185
0 0.7837013500163171 0.49874984315781185 0.7861408872926323 0.40333682968414347 0.8611566585393304 0.406589546052564 0.859327005582094 0.49983408194728524
0 0.8581072369439362 0.4965813655788648 0.8611566585393305 0.404421068473617 0.9306834709143189 0.39683139694730246 0.9239747434044517 0.4879074552630767
0 0.5617034578716171 0.5930786178420067 0.562313342190696 0.5052552758946528 0.6354994604801576 0.5020025595262323 0.6348895761610787 0.5909101402630597
0 0.6342796918419997 0.5909101402630597 0.6348895761610787 0.5020025595262323 0.708685578769619 0.5009183207367589 0.7062460414933036 0.5865731851051655
0 0.7074658101314614 0.5887416626841127 0.7092954630886978 0.5009183207367589 0.7824815813781593 0.49983408194728524 0.7794321597827649 0.5854889463156921
0 0.7794321597827651 0.5844047075262186 0.7824815813781593 0.5009183207367589 0.8568874683057787 0.49874984315781185 0.8520083937531477 0.5844047075262186
0 0.8501787407959114 0.5800677523683246 0.8556676996676208 0.4976656043683383 0.922754974766294 0.4889916940525504 0.9160462472564266 0.5724780808420101
0 0.5610935735525383 0.67764924342094 0.5610935735525383 0.5930786178420067 0.6342796918419997 0.5887416626841127 0.6324500388847631 0.673312288263046
0 0.6324500388847633 0.675480765841993 0.6342796918419997 0.5898259014735862 0.7056361571742248 0.5876574238946393 0.7038065042169883 0.671143810684099
0 0.7025867355788306 0.668975333105152 0.7050262728551461 0.5865731851051655 0.7769926225064497 0.5844047075262186 0.7733333165919768 0.6689753331051519
0 0.7733333165919768 0.6668068555262049 0.7776025068255286 0.5811519911577981 0.8501787407959113 0.5789835135788511 0.8440798976051229 0.6624699003683109
0 0.8459095505623594 0.6613856615788374 0.8501787407959113 0.5768150359999041 0.9160462472564267 0.5703096032630631 0.9105572883847172 0.6537959900525228
0 0.5580441519571441 0.7589671526314529 0.5592639205953017 0.67764924342094 0.630010501608448 0.673312288263046 0.6287907329702903 0.7546301974735589
0 0.6287907329702903 0.7546301974735589 0.6306203859275268 0.6743965270525193 0.7007570826215941 0.6700595718946254 0.6983175453452788 0.7502932423156647
0 0.6983175453452787 0.7513774811051382 0.7013669669406729 0.6678910943156785 0.7702838949965825 0.6678910943156785 0.7654048204439516 0.7459562871577707
0 0.7672344734011883 0.7437878095788237 0.7702838949965826 0.6646383779472579 0.839200823052492 0.6613856615788374 0.8361514014570979 0.7405350932104032
0 0.8373711700952556 0.7394508544209297 0.8392008230524921 0.6592171839998904 0.9062880981511651 0.6537959900525228 0.9007991392794554 0.7372823768419827
0 0.5568243833189863 0.837032345473545 0.5574342676380653 0.7600513914209261 0.6275709643321326 0.7546301974735589 0.625741311374896 0.834863867894598
0 0.625741311374896 0.8337796291051245 0.6269610800130536 0.7546301974735588 0.697097776707121 0.7513774811051381 0.6922187021544902 0.830526912736704
0 0.6946582394308056 0.8305269127367041 0.6964878923880421 0.7524617198946117 0.7647949361248727 0.7492090035261912 0.7623553988485575 0.8261899575788101
0 0.7629652831676362 0.82618995757881 0.7654048204439516 0.7437878095788236 0.8349316328189401 0.7416193319998768 0.8276130209899939 0.8261899575788101
0 0.8288327896281518 0.8251057187893365 0.8331019798617035 0.7383666156314561 0.9020189079176131 0.7372823768419826 0.8953101804077458 0.815347569684075
0 0.5556046146808288 0.9150975383156373 0.5568243833189863 0.837032345473545 0.6251314270558171 0.8337796291051244 0.6239116584176595 0.9107605831577432
0 0.6233017740985806 0.9118448219472168 0.6251314270558171 0.8326953903156511 0.6928285864735689 0.8294426739472305 0.6909989335163327 0.9042551504209023
0 0.6903890491972536 0.9053393892103758 0.6934384707926479 0.8272741963682835 0.7599158615722421 0.8251057187893364 0.7574763242959267 0.8999181952630082
0 0.7586960929340844 0.9010024340524818 0.7611356302103999 0.8240214799998631 0.8282229053090728 0.8240214799998631 0.8227339464373633 0.8944970013156408
0 0.8239537150755211 0.8934127625261671 0.827613020989994 0.8229372412103896 0.8934805274505092 0.8164318084735485 0.8879915685787998 0.8901600461577468
0 0.554384846042671 0.9899100147893093 0.5549947303617498 0.9150975383156373 0.6226918897795017 0.9107605831577433 0.6208622368222652 0.9790676268945739
0 0.6214721211413441 0.9801518656840476 0.6226918897795016 0.9107605831577433 0.6897791648781748 0.9053393892103758 0.688559396240017 0.9779833881051008
0 0.6891692805590959 0.9758149105261534 0.6909989335163325 0.9042551504209023 0.7562565556577691 0.8999181952630083 0.7538170183814537 0.9736464329472067
0 0.7550367870196113 0.9725621941577332 0.7574763242959268 0.8988339564735347 0.8239537150755211 0.8955812401051144 0.8202944091610479 0.9660567614208923
0 0.8209042934801267 0.9671410002103656 0.8233438307564421 0.8923285237366938 0.8879915685787998 0.8901600461577468 0.8843322626643267 0.9562986123156305
0 0.9684962986972074 0.9552143735261571 0.9721556046116805 0.8923285237366939 1 0.8923285237366939 1 0.9476247019998426
0 0.9727654889307594 0.8890758073682732 0.9770346791643111 0.8142633308946016 1 0.8142633308946016 1 0.8890758073682733
0 0.9764247948452325 0.817516047263022 0.9831335223550998 0.7394508544209297 0.9996003989702285 0.7372823768419827 1 0.8142633308946016
0 0.982902380643591 0.7395098229527864 0.9914148146560934 0.6598082185690618 0.9999272486685956 0.6598082185690619 0.9999272486685954 0.740518704020935