0 0.1319444444444444 0.5200617283950616 0.20225694444444448 0.5185185185185185 0.21093749999999997 0.6450617283950616 0.14236111111111108 0.6481481481481481
0 0.05468749999999999 0.5231481481481481 0.13368055555555552 0.5231481481481481 0.140625 0.6466049382716049 0.06597222222222224 0.6466049382716049
0 0.0017361111111111086 0.5185185185185185 0.057291666666666664 0.5200617283950617 0.06684027777777778 0.6450617283950616 0 0.6466049382716049
0 0.1440972222222222 0.6466049382716049 0.2118055555555555 0.6450617283950617 0.21961805555555552 0.7608024691358024 0.14930555555555555 0.7654320987654323
0 0.07899305555555554 0.7654320987654322 0.14930555555555555 0.7654320987654321 0.14149305555555552 0.6512345679012348 0.0685763888888889 0.6466049382716049
0 0.01041666666666666 0.7700617283950618 0 0.6512345679012346 0.0685763888888889 0.646604938271605 0.07899305555555557 0.7654320987654322
0 0.013020833333333325 0.7669753086419753 0.07899305555555554 0.7669753086419753 0.08680555555555557 0.8750000000000002 0.02083333333333335 0.875
0 0.07812499999999997 0.7669753086419753 0.1484375 0.7654320987654322 0.15625 0.8796296296296298 0.08593750000000001 0.8780864197530863
0 0.1475694444444444 0.7623456790123456 0.21875 0.7608024691358024 0.22569444444444448 0.875 0.15711805555555555 0.8734567901234567
0 0.019965277777777776 0.875 0.08593749999999999 0.8734567901234567 0.09461805555555555 0.9953703703703703 0.028645833333333332 0.9969135802469139
0 0.08593749999999997 0.875 0.1553819444444444 0.8765432098765433 0.16232638888888892 0.9907407407407407 0.09635416666666666 0.9938271604938271
0 0.1553819444444444 0.875 0.22482638888888887 0.8750000000000001 0.23003472222222218 0.9876543209876544 0.16232638888888892 0.9922839506172842
0 0.01996527777777776 0.8734567901234567 0.028645833333333332 0.9969135802469135 0.0008680555555555414 0.9938271604938274 0.0008680555555555525 0.8734567901234568
0 0.3263888888888889 0.3487654320987654 0.5243055555555556 0.3472222222222221 0.5269097222222222 0.46296296296296297 0.3315972222222222 0.4691358024691358
0 0.5251736111111112 0.345679012345679 0.7274305555555556 0.3364197530864198 0.7222222222222222 0.4567901234567901 0.5269097222222222 0.46296296296296297
0 0.3315972222222222 0.470679012345679 0.5286458333333334 0.4614197530864198 0.5295138888888888 0.5756172839506173 0.33767361111111105 0.5817901234567902
0 0.5277777777777778 0.46450617283950607 0.7222222222222222 0.4552469135802469 0.720486111111111 0.5725308641975309 0.5303819444444445 0.5771604938271605
0 0.3394097222222222 0.58179012345679 0.53125 0.5771604938271606 0.5321180555555556 0.6805555555555557 0.34375 0.6867283950617284
0 0.5295138888888888 0.5756172839506172 0.7222222222222222 0.574074074074074 0.7196180555555556 0.6790123456790123 0.53125 0.6851851851851851
0 0.3428819444444444 0.6882716049382716 0.53125 0.683641975308642 0.5321180555555555 0.7839506172839508 0.3472222222222222 0.787037037037037
0 0.5312499999999999 0.6820987654320986 0.717013888888889 0.6790123456790123 0.7118055555555557 0.7777777777777778 0.5321180555555557 0.7854938271604938
0 0.3472222222222222 0.7854938271604938 0.5303819444444444 0.7824074074074073 0.5312499999999999 0.8796296296296297 0.3524305555555555 0.882716049382716
0 0.5321180555555556 0.7839506172839507 0.7144097222222222 0.7808641975308642 0.7135416666666666 0.8765432098765433 0.5329861111111112 0.8796296296296297
0 0.35329861111111105 0.882716049382716 0.5347222222222221 0.8811728395061728 0.5347222222222221 0.9706790123456791 0.3567708333333333 0.9691358024691359
0 0.5347222222222221 0.8811728395061729 0.7135416666666666 0.8765432098765434 0.7118055555555557 0.9645061728395062 0.535590277777778 0.9660493827160496
0 0.7482638888888888 0.5108024691358023 0.8168402777777778 0.5108024691358024 0.8125 0.6358024691358025 0.7430555555555555 0.6327160493827161
0 0.8185763888888888 0.507716049382716 0.8914930555555556 0.5123456790123457 0.8836805555555555 0.6358024691358024 0.8124999999999999 0.6373456790123457
0 0.7560763888888888 0.5030864197530863 0.7612847222222222 0.38580246913580246 0.7708333333333334 0.3858024691358025 0.767361111111111 0.4645061728395061 0.8940972222222221 0.4645061728395061 0.8923611111111109 0.5123456790123457
0 0.892361111111111 0.5123456790123457 0.8949652777777778 0.46296296296296297 0.9687500000000001 0.4675925925925926 0.9670138888888891 0.5200617283950617
0 0.967013888888889 0.515432098765432 0.9678819444444444 0.4660493827160494 1 0.4660493827160494 1 0.5154320987654321
0 0.8923611111111109 0.5108024691358023 0.9635416666666667 0.5185185185185185 0.9539930555555556 0.6388888888888888 0.8836805555555557 0.6373456790123456
0 0.9539930555555556 0.6342592592592593 0.9644097222222222 0.5138888888888888 1 0.5154320987654321 1 0.6388888888888888
0 0.7456597222222221 0.6373456790123456 0.8828124999999999 0.6373456790123456 0.875 0.7577160493827161 0.7395833333333334 0.7530864197530864
0 0.875 0.7530864197530863 0.8828124999999999 0.6373456790123456 0.953125 0.6388888888888887 0.9461805555555556 0.7592592592592592
0 0.9479166666666665 0.757716049382716 0.9531250000000001 0.6342592592592592 1 0.6342592592592593 0.998263888888889 0.7515432098765432
0 0.7378472222222221 0.757716049382716 0.8046875 0.7546296296296297 0.798611111111111 0.8595679012345678 0.7352430555555556 0.8595679012345679
0 0.8055555555555555 0.7530864197530863 0.8732638888888888 0.7561728395061729 0.8628472222222221 0.8549382716049381 0.7994791666666666 0.8595679012345677
0 0.865451388888889 0.8549382716049382 0.8732638888888891 0.7546296296296297 0.9409722222222222 0.7592592592592592 0.9340277777777778 0.8580246913580248
0 0.9357638888888891 0.8595679012345678 0.9435763888888891 0.7577160493827163 1 0.7561728395061728 1 0.8626543209876544
0 0.7248263888888888 0.8595679012345678 0.8602430555555556 0.8595679012345679 0.8489583333333334 0.9737654320987658 0.7612847222222222 0.9737654320987655 0.724826388888889 0.9104938271604938
0 0.8645833333333333 0.8518518518518519 0.9340277777777779 0.8580246913580248 0.9201388888888891 0.9753086419753088 0.8498263888888888 0.9691358024691361
0 0.9357638888888888 0.8549382716049382 0.998263888888889 0.8580246913580247 0.9887152777777778 0.9737654320987658 0.9210069444444445 0.9706790123456791