0 0.06510416666666666 0.43209876543209874 0.05555555555555555 0.3287037037037037 0.1310763888888889 0.3302469135802469 0.13715277777777773 0.42746913580246915
0 0.13888888888888892 0.4305555555555556 0.13194444444444448 0.32716049382716056 0.20138888888888887 0.3287037037037038 0.20833333333333334 0.42901234567901236
0 0.20833333333333331 0.4274691358024691 0.203125 0.3287037037037038 0.27777777777777773 0.3287037037037038 0.2821180555555556 0.4351851851851853
0 0.2847222222222222 0.4305555555555556 0.2795138888888889 0.32561728395061723 0.3541666666666667 0.32561728395061723 0.3576388888888889 0.4290123456790123
0 0.3576388888888889 0.42592592592592604 0.3541666666666667 0.3194444444444444 0.4288194444444445 0.32407407407407407 0.43142361111111105 0.42746913580246915
0 0.06684027777777776 0.43055555555555564 0.13715277777777773 0.43055555555555564 0.1449652777777778 0.5277777777777777 0.07378472222222222 0.5277777777777777
0 0.13802083333333337 0.4305555555555556 0.2126736111111112 0.42901234567901236 0.21961805555555555 0.5262345679012345 0.1449652777777778 0.5308641975308642
0 0.2118055555555555 0.42901234567901225 0.2821180555555556 0.4305555555555556 0.2864583333333333 0.5308641975308642 0.21701388888888887 0.5277777777777778
0 0.28472222222222227 0.43209876543209885 0.3576388888888889 0.43055555555555564 0.36111111111111105 0.5277777777777778 0.2873263888888889 0.529320987654321
0 0.36111111111111105 0.523148148148148 0.3602430555555556 0.42283950617283955 0.43315972222222227 0.43055555555555564 0.43142361111111105 0.5231481481481481
0 0.08333333333333333 0.6203703703703703 0.0729166666666667 0.5277777777777777 0.14670138888888892 0.529320987654321 0.15190972222222227 0.6203703703703702
0 0.1545138888888889 0.6203703703703703 0.14756944444444445 0.5277777777777777 0.21961805555555552 0.5324074074074073 0.22309027777777782 0.6234567901234568
0 0.2248263888888889 0.6219135802469137 0.21961805555555552 0.529320987654321 0.2881944444444444 0.5324074074074073 0.29253472222222227 0.6234567901234567
0 0.2916666666666667 0.6203703703703702 0.2881944444444444 0.529320987654321 0.36197916666666674 0.529320987654321 0.3637152777777778 0.6157407407407407
0 0.36545138888888895 0.6157407407407407 0.36458333333333337 0.5200617283950617 0.435763888888889 0.523148148148148 0.43402777777777785 0.6141975308641975
0 0.09027777777777776 0.7098765432098765 0.08246527777777778 0.6203703703703703 0.1545138888888889 0.6219135802469136 0.16059027777777776 0.7052469135802468
0 0.16232638888888887 0.7083333333333333 0.15538194444444445 0.6203703703703703 0.22482638888888887 0.6219135802469137 0.2300347222222222 0.7083333333333334
0 0.23003472222222218 0.7083333333333333 0.22569444444444448 0.6203703703703702 0.29513888888888895 0.6203703703703702 0.2994791666666667 0.7083333333333333
0 0.29947916666666674 0.7052469135802468 0.2951388888888889 0.6141975308641975 0.3654513888888889 0.6172839506172839 0.36718750000000006 0.70679012345679
0 0.3680555555555556 0.7037037037037036 0.3663194444444444 0.6141975308641974 0.4357638888888889 0.6141975308641975 0.4357638888888889 0.7021604938271604
0 0.09201388888888887 0.7083333333333333 0.16145833333333334 0.7114197530864197 0.16579861111111108 0.7916666666666665 0.10069444444444443 0.7885802469135803
0 0.16232638888888887 0.7083333333333333 0.2309027777777778 0.7083333333333334 0.23611111111111113 0.7916666666666666 0.1701388888888889 0.7916666666666665
0 0.23177083333333331 0.7098765432098765 0.3020833333333333 0.7114197530864197 0.30642361111111105 0.7885802469135803 0.23611111111111113 0.7901234567901234
0 0.3020833333333333 0.70679012345679 0.3689236111111111 0.70679012345679 0.3732638888888889 0.7839506172839507 0.3064236111111111 0.787037037037037
0 0.3697916666666667 0.7037037037037036 0.43750000000000006 0.6990740740740742 0.43923611111111105 0.785493827160494 0.37152777777777773 0.7870370370370371
0 0.09982638888888887 0.7901234567901234 0.16927083333333337 0.7932098765432098 0.17708333333333334 0.8703703703703706 0.10850694444444443 0.8734567901234566
0 0.17013888888888887 0.7916666666666665 0.23697916666666666 0.7916666666666666 0.24131944444444448 0.875 0.17621527777777776 0.8750000000000002
0 0.23697916666666663 0.7901234567901234 0.30642361111111105 0.7916666666666665 0.3098958333333333 0.8688271604938274 0.24131944444444448 0.875
0 0.3081597222222222 0.787037037037037 0.3732638888888889 0.7885802469135802 0.3758680555555556 0.867283950617284 0.30989583333333337 0.8703703703703706
0 0.3732638888888889 0.7854938271604938 0.4383680555555555 0.787037037037037 0.4401041666666667 0.8672839506172837 0.375 0.8688271604938272
0 0.1076388888888889 0.8719135802469137 0.1779513888888889 0.8703703703703703 0.18315972222222224 0.9506172839506174 0.11371527777777776 0.9537037037037037
0 0.17795138888888887 0.8734567901234567 0.24305555555555555 0.8734567901234569 0.2465277777777778 0.9490740740740741 0.18315972222222224 0.9537037037037037
0 0.2439236111111111 0.8734567901234567 0.3116319444444444 0.8765432098765433 0.31423611111111105 0.9444444444444446 0.2508680555555556 0.9490740740740741
0 0.3125 0.8703703703703703 0.3776041666666667 0.8703703703703706 0.3819444444444444 0.9429012345679014 0.3177083333333333 0.9444444444444446
0 0.3784722222222222 0.9444444444444444 0.37760416666666674 0.8611111111111113 0.44184027777777773 0.8611111111111113 0.4444444444444445 0.9444444444444444
0 0.1145833333333333 0.9537037037037037 0.1857638888888889 0.9537037037037037 0.19010416666666663 1 0.1189236111111111 0.9984567901234569
0 0.18229166666666663 0.9506172839506172 0.2508680555555555 0.9506172839506172 0.2534722222222222 1 0.1875 0.9984567901234569
0 0.24999999999999997 0.9459876543209875 0.3159722222222222 0.9429012345679013 0.32031250000000006 1 0.2543402777777778 0.9984567901234569
0 0.3159722222222222 0.9444444444444444 0.38020833333333337 0.9459876543209877 0.3828125 1 0.3211805555555555 1
0 0.3819444444444444 0.9444444444444444 0.4461805555555555 0.9429012345679014 0.44704861111111105 1 0.3828125 0.9984567901234569
0 0.5729166666666665 0.5277777777777777 0.5746527777777779 0.34722222222222227 0.7335069444444444 0.34259259259259267 0.732638888888889 0.5324074074074074
0 0.7300347222222222 0.5277777777777778 0.7335069444444444 0.3425925925925926 0.9019097222222222 0.34259259259259267 0.8880208333333334 0.5262345679012345
0 0.5711805555555555 0.6944444444444443 0.5720486111111112 0.5231481481481481 0.7309027777777778 0.5277777777777777 0.7265625 0.6929012345679012
0 0.728298611111111 0.6929012345679012 0.734375 0.5185185185185185 0.8897569444444444 0.5231481481481481 0.8802083333333334 0.6898148148148148
0 0.5755208333333333 0.8518518518518519 0.576388888888889 0.6944444444444443 0.728298611111111 0.6929012345679011 0.7222222222222222 0.8518518518518521
0 0.7239583333333334 0.845679012345679 0.728298611111111 0.6882716049382716 0.8784722222222224 0.6882716049382717 0.8689236111111112 0.8410493827160493
0 0.5772569444444445 0.9891975308641975 0.5772569444444445 0.8472222222222224 0.7230902777777778 0.8472222222222223 0.7152777777777778 0.9814814814814817
0 0.7161458333333334 0.9799382716049384 0.7230902777777778 0.845679012345679 0.868923611111111 0.8379629629629631 0.8602430555555557 0.978395061728395