0 0.0989583333333333 0.8549382716049382 0.21788194444444445 0.8410493827160493 0.22569444444444448 0.9722222222222222 0.11197916666666667 0.9830246913580245
0 0.0972222222222222 0.8657407407407407 0.10677083333333331 0.9876543209876542 0 0.9938271604938274 0.0008680555555555433 0.8688271604938271
0 0.21614583333333331 0.8425925925925926 0.20486111111111113 0.699074074074074 0.0807291666666667 0.7114197530864197 0.0980902777777778 0.8595679012345678
0 0.09635416666666664 0.8595679012345678 0.08246527777777776 0.7129629629629629 0 0.7175925925925924 1.4802973661668754e-17 0.8657407407407408
0 0.0833333333333333 0.70679012345679 0.06423611111111112 0.5447530864197532 0.19444444444444448 0.5401234567901235 0.20572916666666666 0.7021604938271605
0 0.0833333333333333 0.7114197530864197 0.062499999999999986 0.5462962962962963 0 0.5509259259259259 1.4802973661668754e-17 0.7067901234567902
0 0.060763888888888874 0.5447530864197532 0.04253472222222222 0.3765432098765432 0.17621527777777776 0.3703703703703704 0.19270833333333334 0.5385802469135802
0 0.06163194444444442 0.5493827160493826 0.04253472222222222 0.37962962962962976 0 0.38117283950617287 1.850371707708594e-17 0.5540123456790123
0 0.24913194444444445 0.4583333333333332 0.23697916666666666 0.29166666666666674 0.3723958333333333 0.287037037037037 0.3784722222222222 0.455246913580247
0 0.3784722222222222 0.4537037037037036 0.3723958333333333 0.28703703703703703 0.5095486111111112 0.27932098765432106 0.5104166666666665 0.44753086419753085
0 0.5121527777777779 0.4475308641975309 0.5095486111111112 0.28240740740740744 0.6397569444444443 0.2839506172839506 0.6362847222222222 0.44444444444444453
0 0.25781250000000006 0.6064814814814815 0.24913194444444448 0.4583333333333332 0.37934027777777773 0.4537037037037036 0.38454861111111105 0.5987654320987655
0 0.3880208333333333 0.6003086419753085 0.3819444444444445 0.45216049382716045 0.5121527777777778 0.4475308641975309 0.5121527777777779 0.5972222222222222
0 0.5147569444444444 0.5925925925925926 0.515625 0.44598765432098775 0.642361111111111 0.44290123456790115 0.6371527777777778 0.5925925925925926
0 0.2621527777777778 0.6064814814814814 0.3871527777777778 0.5972222222222222 0.3932291666666667 0.742283950617284 0.2708333333333333 0.7453703703703702
0 0.3932291666666667 0.7391975308641975 0.390625 0.5972222222222222 0.5147569444444445 0.597222222222222 0.515625 0.7345679012345679
0 0.5182291666666666 0.7345679012345678 0.5182291666666666 0.595679012345679 0.6414930555555556 0.5925925925925924 0.6371527777777778 0.7283950617283951
0 0.27517361111111105 0.7453703703703702 0.39496527777777773 0.7407407407407407 0.40104166666666674 0.8688271604938274 0.28298611111111105 0.8703703703703703
0 0.3958333333333333 0.7391975308641975 0.5182291666666666 0.7314814814814815 0.5199652777777779 0.8641975308641976 0.40104166666666674 0.8703703703703705
0 0.5217013888888888 0.8595679012345678 0.5199652777777779 0.7330246913580247 0.6397569444444444 0.7237654320987655 0.6362847222222222 0.8487654320987654
0 0.2838541666666667 0.875 0.40277777777777773 0.8672839506172838 0.40798611111111105 0.9444444444444446 0.28645833333333337 0.9444444444444446
0 0.4019097222222222 0.8703703703703703 0.5208333333333334 0.8626543209876544 0.5225694444444445 0.9305555555555559 0.40451388888888895 0.9398148148148149
0 0.5208333333333333 0.8580246913580245 0.6354166666666666 0.8549382716049382 0.634548611111111 0.964506172839506 0.6015625 0.9243827160493827 0.521701388888889 0.9274691358024691
0 0.7456597222222221 0.9753086419753085 0.7526041666666666 0.8580246913580247 0.8645833333333335 0.8549382716049384 0.8541666666666666 0.9722222222222222
0 0.8559027777777779 0.9706790123456791 0.8637152777777776 0.8549382716049384 0.9809027777777778 0.8503086419753085 0.9696180555555557 0.9691358024691357
0 0.9687499999999999 0.9675925925925926 0.9791666666666666 0.8503086419753086 1 0.8487654320987654 1 0.9629629629629631
0 0.7552083333333333 0.8518518518518519 0.7612847222222222 0.7314814814814815 0.8758680555555556 0.7253086419753088 0.8671875 0.8564814814814816
0 0.8671874999999999 0.853395061728395 0.876736111111111 0.7237654320987655 0.9965277777777779 0.7175925925925926 0.9843750000000001 0.8487654320987653
0 0.7604166666666665 0.7283950617283951 0.767361111111111 0.595679012345679 0.8854166666666666 0.5864197530864198 0.876736111111111 0.7253086419753086
0 0.8776041666666667 0.722222222222222 0.8871527777777778 0.587962962962963 1 0.5833333333333335 1 0.6712962962962963 0.9947916666666666 0.7222222222222222
0 0.7630208333333334 0.5925925925925926 0.765625 0.44598765432098775 0.8897569444444443 0.4398148148148148 0.8828124999999999 0.5848765432098765
0 0.8836805555555555 0.58179012345679 0.8932291666666666 0.4351851851851852 1 0.433641975308642 1 0.5833333333333333
0 0.7656249999999999 0.44598765432098775 0.7734375 0.2870370370370371 0.9036458333333334 0.28086419753086417 0.8958333333333334 0.441358024691358
0 0.8958333333333333 0.4351851851851852 0.9036458333333335 0.27777777777777773 1 0.27777777777777773 1 0.42901234567901225