0 0.051215277777777755 0.26080246913580246 0.06163194444444442 0.11419753086419754 0.1857638888888889 0.10802469135802475 0.1779513888888889 0.25925925925925924
0 0.17534722222222224 0.2561728395061728 0.1857638888888889 0.11111111111111113 0.3107638888888889 0.11882716049382715 0.30642361111111105 0.2623456790123457
0 0.30642361111111105 0.26080246913580246 0.3107638888888889 0.11728395061728389 0.43315972222222227 0.125 0.4305555555555555 0.2638888888888889
0 0.04687499999999999 0.2561728395061728 0.17534722222222224 0.2608024691358024 0.16666666666666666 0.39969135802469136 0.0373263888888889 0.39660493827160487
0 0.1753472222222222 0.25925925925925924 0.3055555555555556 0.26080246913580246 0.30034722222222227 0.40432098765432095 0.1675347222222223 0.39969135802469136
0 0.30642361111111105 0.25925925925925924 0.43142361111111105 0.26543209876543206 0.4279513888888889 0.4089506172839506 0.30121527777777773 0.404320987654321
0 0.03559027777777779 0.39506172839506176 0.16753472222222227 0.39814814814814803 0.15972222222222224 0.5493827160493827 0.0217013888888889 0.5478395061728395
0 0.1675347222222222 0.39969135802469136 0.2994791666666667 0.40432098765432106 0.2942708333333333 0.5462962962962963 0.1579861111111111 0.5478395061728395
0 0.3003472222222222 0.40277777777777773 0.4288194444444445 0.4104938271604939 0.4262152777777778 0.5524691358024691 0.2934027777777778 0.5462962962962963
0 0.02256944444444442 0.5478395061728394 0.15625 0.5524691358024691 0.14583333333333334 0.6959876543209876 0.007812499999999985 0.691358024691358 0.02690972222222223 0.6296296296296297 0.013888888888888899 0.6265432098765432
0 0.1553819444444444 0.5478395061728394 0.2951388888888889 0.5478395061728395 0.2899305555555556 0.6959876543209875 0.14670138888888892 0.6959876543209876
0 0.29340277777777773 0.5462962962962963 0.42621527777777773 0.5524691358024691 0.4244791666666667 0.6682098765432097 0.39236111111111105 0.6975308641975307 0.3472222222222222 0.691358024691358 0.2907986111111111 0.6959876543209876
0 0.5390625 0.191358024691358 0.5425347222222222 0.03395061728395062 0.7109375 0.03703703703703706 0.7161458333333334 0.19907407407407404
0 0.7135416666666665 0.19907407407407407 0.7100694444444444 0.04012345679012352 0.8723958333333334 0.04629629629629635 0.8854166666666666 0.20216049382716048
0 0.5399305555555556 0.191358024691358 0.7144097222222222 0.19753086419753085 0.7196180555555556 0.3611111111111111 0.5390625 0.35493827160493824
0 0.7144097222222224 0.19907407407407407 0.8836805555555556 0.2021604938271605 0.896701388888889 0.3626543209876544 0.7196180555555556 0.35956790123456794
0 0.5399305555555555 0.35648148148148145 0.7196180555555556 0.3626543209876544 0.7274305555555556 0.5370370370370371 0.5390625 0.5308641975308642
0 0.7196180555555555 0.3595679012345679 0.8984375 0.36419753086419754 0.9105902777777778 0.5354938271604939 0.7274305555555556 0.5354938271604939
0 0.5399305555555555 0.5308641975308641 0.728298611111111 0.5385802469135802 0.7352430555555556 0.6959876543209875 0.5902777777777779 0.6666666666666665 0.5789930555555556 0.6743827160493826 0.5651041666666666 0.6496913580246912 0.5399305555555556 0.6419753086419753
0 0.7274305555555555 0.5370370370370371 0.9105902777777779 0.5370370370370371 0.9210069444444445 0.6805555555555555 0.7769097222222222 0.6959876543209876 0.7352430555555556 0.6944444444444444
0 0.9652777777777776 0.21450617283950613 0.9479166666666665 0.0663580246913581 1 0.06172839506172841 0.9991319444444444 0.21141975308641972
0 0.9618055555555555 0.220679012345679 1 0.2175925925925926 0.9982638888888888 0.3765432098765432 0.9800347222222221 0.37345679012345684