0 0.1145833333333333 0.2098765432098765 0.12586805555555555 0.0524691358024691 0.2430555555555555 0.052469135802469126 0.2378472222222222 0.20987654320987648
0 0.2439236111111111 0.05401234567901233 0.3645833333333333 0.06018518518518518 0.3602430555555556 0.20987654320987656 0.23697916666666666 0.21141975308641972
0 0.3645833333333333 0.05709876543209878 0.48003472222222215 0.06018518518518518 0.47829861111111105 0.21450617283950618 0.3602430555555555 0.21141975308641978
0 0.11718749999999997 0.20833333333333334 0.2378472222222222 0.2098765432098765 0.23177083333333337 0.36419753086419754 0.10850694444444443 0.3626543209876543
0 0.23784722222222218 0.2098765432098765 0.36197916666666674 0.21296296296296297 0.35937500000000006 0.36574074074074076 0.2300347222222222 0.36728395061728397
0 0.3602430555555555 0.2098765432098765 0.4826388888888889 0.212962962962963 0.48177083333333326 0.3611111111111111 0.359375 0.3688271604938272
0 0.10416666666666664 0.3657407407407407 0.22916666666666663 0.3626543209876544 0.22222222222222218 0.5277777777777778 0.09201388888888887 0.5246913580246914
0 0.23177083333333331 0.3626543209876543 0.3585069444444444 0.36574074074074076 0.3550347222222222 0.5308641975308642 0.22395833333333334 0.5277777777777778
0 0.359375 0.36419753086419754 0.48437499999999994 0.367283950617284 0.4826388888888889 0.5308641975308642 0.35590277777777773 0.5324074074074074
0 0.09375 0.5262345679012346 0.22395833333333334 0.529320987654321 0.21354166666666663 0.697530864197531 0.08940972222222224 0.6929012345679014 0.09461805555555557 0.6450617283950618 0.0842013888888889 0.6342592592592594
0 0.22309027777777776 0.5277777777777778 0.3541666666666667 0.5308641975308641 0.3498263888888889 0.7083333333333334 0.21354166666666666 0.7052469135802468
0 0.3541666666666667 0.5277777777777778 0.48437499999999994 0.5308641975308641 0.48350694444444453 0.7052469135802468 0.3515625 0.7052469135802469
0 0.5416666666666665 0.15895061728395057 0.5434027777777779 0.06327160493827158 0.7230902777777778 0.06481481481481478 0.7291666666666666 0.162037037037037
0 0.7282986111111109 0.16358024691358022 0.7239583333333334 0.06327160493827158 0.9010416666666666 0.06944444444444442 0.9097222222222224 0.16820987654320985
0 0.5390624999999999 0.26851851851851855 0.5407986111111112 0.16049382716049376 0.728298611111111 0.16203703703703703 0.7309027777777778 0.2669753086419753
0 0.7300347222222222 0.2685185185185185 0.7265624999999999 0.16358024691358017 0.90625 0.1666666666666667 0.9149305555555557 0.2700617283950617
0 0.5399305555555555 0.3719135802469136 0.5399305555555556 0.2654320987654322 0.7309027777777778 0.26851851851851866 0.7352430555555556 0.3719135802469137
0 0.7335069444444443 0.3719135802469136 0.7300347222222222 0.26697530864197533 0.9157986111111112 0.26851851851851855 0.9253472222222224 0.37345679012345673
0 0.5399305555555555 0.47685185185185186 0.5425347222222222 0.37037037037037035 0.7335069444444444 0.37345679012345684 0.7387152777777778 0.48302469135802456
0 0.7378472222222221 0.48765432098765416 0.7343750000000001 0.367283950617284 0.9244791666666667 0.37345679012345684 0.9340277777777779 0.48456790123456794
0 0.5425347222222222 0.5910493827160495 0.5416666666666665 0.47685185185185175 0.7378472222222222 0.4861111111111112 0.7430555555555556 0.6018518518518519
0 0.7430555555555555 0.603395061728395 0.7378472222222222 0.48302469135802467 0.9296874999999999 0.48765432098765427 0.9401041666666665 0.5972222222222222
0 0.5425347222222222 0.7098765432098764 0.5442708333333334 0.5895061728395061 0.743923611111111 0.6018518518518519 0.7465277777777778 0.7160493827160493
0 0.7473958333333333 0.7129629629629629 0.7456597222222224 0.5972222222222222 0.9409722222222222 0.5987654320987654 0.9513888888888891 0.7175925925925926