0 0.028645833333333325 0.9043209876543209 0.04166666666666668 1 0 1 0.000868055555555558 0.9058641975308643
0 0 0.773148148148148 0.013020833333333337 0.7731481481481481 0.02604166666666666 0.9089506172839507 0 0.9135802469135803
0 0.07552083333333333 0.5216049382716049 0.06510416666666666 0.3441358024691358 0.18663194444444448 0.3410493827160493 0.19791666666666666 0.5216049382716049
0 0.19704861111111108 0.5185185185185184 0.1866319444444444 0.34104938271604934 0.3072916666666667 0.33950617283950624 0.31597222222222215 0.5169753086419753
0 0.3151041666666667 0.5185185185185184 0.3046875 0.34104938271604934 0.421875 0.3379629629629631 0.4279513888888889 0.5108024691358025
0 0.08072916666666664 0.5200617283950617 0.19618055555555555 0.5169753086419754 0.2092013888888889 0.6805555555555555 0.09375 0.683641975308642
0 0.19704861111111108 0.5154320987654321 0.30989583333333337 0.5169753086419754 0.3203125 0.6790123456790123 0.2057291666666667 0.6805555555555556
0 0.3098958333333333 0.5169753086419753 0.4262152777777778 0.5154320987654321 0.43229166666666674 0.6805555555555556 0.3168402777777778 0.683641975308642
0 0.09201388888888887 0.6898148148148147 0.20572916666666666 0.6867283950617283 0.22135416666666663 0.8472222222222223 0.10850694444444446 0.8487654320987653
0 0.21006944444444445 0.6836419753086419 0.3194444444444444 0.6805555555555555 0.3289930555555555 0.8410493827160495 0.2230902777777778 0.8425925925925926
0 0.3211805555555555 0.6820987654320987 0.43229166666666674 0.6790123456790124 0.43749999999999994 0.8364197530864198 0.32899305555555547 0.8410493827160492
0 0.1145833333333333 0.8487654320987653 0.22135416666666663 0.8472222222222224 0.2326388888888889 0.9737654320987653 0.14496527777777773 0.9799382716049384 0.1571180555555555 0.9259259259259258 0.11805555555555554 0.9104938271604939
0 0.22309027777777776 0.845679012345679 0.3307291666666667 0.8425925925925928 0.3368055555555555 0.9722222222222222 0.23177083333333334 0.9768518518518519
0 0.33593749999999994 0.9660493827160493 0.33072916666666663 0.8410493827160495 0.4375 0.8333333333333333 0.43923611111111105 0.9459876543209877 0.4114583333333333 0.9629629629629629
0 0.5815972222222222 0.8657407407407406 0.697048611111111 0.8657407407407407 0.6927083333333334 0.984567901234568 0.5911458333333334 0.992283950617284 0.5946180555555556 0.9429012345679014 0.5824652777777778 0.9382716049382718
0 0.6987847222222221 0.8626543209876543 0.8125000000000001 0.8533950617283951 0.8029513888888888 0.9768518518518519 0.6927083333333335 0.984567901234568
0 0.8081597222222222 0.9691358024691359 0.814236111111111 0.8472222222222222 0.9236111111111112 0.8317901234567904 0.9140625 0.9614197530864199
0 0.5833333333333334 0.8595679012345679 0.5850694444444444 0.7222222222222223 0.7065972222222221 0.7098765432098765 0.697048611111111 0.8611111111111109
0 0.6987847222222222 0.8595679012345679 0.7065972222222221 0.712962962962963 0.8237847222222221 0.7052469135802469 0.814236111111111 0.8503086419753086
0 0.8168402777777779 0.845679012345679 0.8255208333333335 0.7021604938271604 0.9401041666666667 0.6882716049382714 0.9270833333333335 0.83179012345679
0 0.5885416666666666 0.720679012345679 0.5902777777777778 0.5617283950617284 0.7144097222222221 0.5524691358024691 0.7100694444444444 0.7114197530864198
0 0.7100694444444444 0.7083333333333334 0.7152777777777779 0.5540123456790123 0.837673611111111 0.54320987654321 0.8289930555555555 0.7037037037037038
0 0.829861111111111 0.7021604938271604 0.8368055555555555 0.5401234567901234 0.959201388888889 0.5324074074074074 0.9453125000000001 0.691358024691358
0 0.5894097222222222 0.5601851851851853 0.592013888888889 0.39197530864197533 0.7222222222222221 0.38425925925925924 0.7135416666666666 0.5540123456790123
0 0.7135416666666666 0.5493827160493827 0.7213541666666666 0.38580246913580246 0.8498263888888888 0.37962962962962965 0.8402777777777778 0.5416666666666666
0 0.8411458333333334 0.5385802469135802 0.8515624999999999 0.37808641975308643 0.9739583333333335 0.36419753086419754 0.959201388888889 0.5339506172839505