0 0.2118055555555555 0.4614197530864197 0.20225694444444445 0.7114197530864198 0.005208333333333348 0.7052469135802469 0.03038194444444442 0.4537037037037036
0 0.03125 0.45061728395061723 0.05121527777777778 0.24228395061728397 0.2265625 0.24382716049382713 0.2152777777777778 0.46296296296296297
0 0.05381944444444445 0.23611111111111105 0.07378472222222222 0.023148148148148123 0.23958333333333331 0.02932098765432103 0.2265625 0.24228395061728392
0 0.05208333333333334 0.2376543209876543 0.0746527777777778 0.02160493827160492 0.0008680555555555433 0.020061728395061772 0 0.2361111111111111
0 0.05121527777777777 0.24537037037037038 0.031250000000000014 0.4598765432098765 7.401486830834377e-18 0.4583333333333333 0.0008680555555555506 0.2361111111111111
0 0.30642361111111105 0.26080246913580246 0.31250000000000006 0.11728395061728397 0.4288194444444444 0.11419753086419757 0.42708333333333337 0.2577160493827161
0 0.4253472222222222 0.2561728395061728 0.4270833333333333 0.11265432098765431 0.5468749999999999 0.11265432098765434 0.5494791666666666 0.25617283950617287
0 0.5494791666666665 0.2530864197530864 0.5486111111111112 0.11111111111111116 0.6684027777777778 0.11265432098765434 0.673611111111111 0.25462962962962965
0 0.30034722222222227 0.4027777777777779 0.30642361111111105 0.25771604938271603 0.4270833333333333 0.2561728395061728 0.4253472222222222 0.3981481481481482
0 0.42621527777777773 0.3996913580246913 0.4270833333333333 0.2530864197530864 0.5520833333333334 0.25617283950617287 0.5520833333333334 0.3966049382716049
0 0.5555555555555555 0.39660493827160487 0.552951388888889 0.25154320987654316 0.6796875 0.24999999999999994 0.6831597222222222 0.39660493827160487
0 0.3038194444444444 0.4027777777777778 0.4270833333333333 0.39506172839506165 0.4236111111111111 0.5509259259259259 0.2942708333333333 0.5524691358024691
0 0.4314236111111111 0.3996913580246914 0.5520833333333334 0.39660493827160487 0.5581597222222222 0.5478395061728396 0.42881944444444436 0.5478395061728396
0 0.5581597222222221 0.39660493827160487 0.6848958333333334 0.3966049382716049 0.6909722222222222 0.5416666666666666 0.5598958333333334 0.5432098765432098
0 0.29947916666666674 0.5524691358024693 0.4270833333333333 0.5493827160493826 0.4244791666666667 0.6975308641975309 0.3029513888888889 0.699074074074074 0.3107638888888889 0.6342592592592592 0.296875 0.6358024691358024
0 0.4288194444444444 0.5462962962962962 0.5581597222222221 0.5462962962962963 0.5607638888888888 0.6990740740740741 0.4253472222222223 0.6975308641975309
0 0.5598958333333333 0.5401234567901234 0.6927083333333334 0.5416666666666666 0.6979166666666666 0.7021604938271605 0.5625 0.7021604938271605
0 0.8168402777777776 0.5401234567901234 0.814236111111111 0.492283950617284 1 0.48456790123456794 0.9982638888888891 0.5246913580246915
0 0.8177083333333333 0.5895061728395061 0.8177083333333334 0.5401234567901235 1 0.5262345679012346 1 0.5802469135802469
0 0.8255208333333333 0.6280864197530863 0.8211805555555556 0.5864197530864198 1 0.5817901234567902 1 0.6265432098765433
0 0.8272569444444443 0.6728395061728395 0.8272569444444444 0.6311728395061728 1 0.6249999999999999 0.9982638888888891 0.6728395061728395
0 0.8333333333333334 0.7129629629629629 0.8298611111111109 0.6759259259259257 1 0.6712962962962963 1 0.7098765432098765