0 0.0407986111111111 0.353395061728395 0.24479166666666666 0.35185185185185197 0.2569444444444445 0.5972222222222222 0.06510416666666669 0.6018518518518517
0 0.24479166666666663 0.35185185185185186 0.44531250000000006 0.34876543209876537 0.44965277777777773 0.5925925925925926 0.2543402777777778 0.5972222222222222
0 0.0642361111111111 0.6018518518518517 0.2552083333333333 0.6003086419753086 0.2682291666666667 0.814814814814815 0.08072916666666664 0.8209876543209876
0 0.2552083333333333 0.5972222222222221 0.4453125 0.5910493827160495 0.4505208333333333 0.808641975308642 0.265625 0.8132716049382718
0 0.0815972222222222 0.8194444444444444 0.2682291666666667 0.814814814814815 0.2786458333333333 1 0.09895833333333333 1
0 0.2682291666666667 0.8101851851851852 0.4470486111111111 0.8070987654320986 0.4522569444444444 0.9984567901234567 0.2769097222222222 1
0 0.5312499999999999 0.4753086419753086 0.53125 0.3132716049382716 0.6631944444444444 0.3101851851851851 0.6631944444444444 0.4675925925925925
0 0.6614583333333334 0.4753086419753087 0.6631944444444444 0.3132716049382716 0.7994791666666666 0.31172839506172845 0.7899305555555556 0.4722222222222222
0 0.7899305555555555 0.47685185185185175 0.8012152777777778 0.31018518518518523 0.9322916666666666 0.3055555555555555 0.9192708333333334 0.46296296296296297
0 0.5321180555555556 0.6203703703703702 0.5329861111111112 0.4722222222222222 0.6597222222222222 0.46296296296296297 0.657986111111111 0.6095679012345679
0 0.6579861111111109 0.6157407407407406 0.6614583333333334 0.47067901234567894 0.790798611111111 0.4660493827160494 0.78125 0.6157407407407407
0 0.7838541666666665 0.6157407407407406 0.7916666666666666 0.4675925925925926 0.9184027777777779 0.4660493827160494 0.9062499999999999 0.6157407407407406
0 0.5295138888888888 0.7546296296296295 0.53125 0.6141975308641975 0.65625 0.6095679012345678 0.654513888888889 0.7546296296296295
0 0.6562499999999999 0.7530864197530863 0.6588541666666666 0.6172839506172839 0.7838541666666666 0.617283950617284 0.7760416666666666 0.75
0 0.7760416666666665 0.7515432098765432 0.7829861111111112 0.611111111111111 0.9071180555555556 0.6141975308641975 0.8949652777777778 0.7499999999999999
0 0.5338541666666665 0.7530864197530863 0.6553819444444444 0.7515432098765432 0.6536458333333334 0.882716049382716 0.5347222222222222 0.8873456790123458
0 0.6614583333333333 0.7499999999999999 0.7803819444444444 0.75 0.7743055555555557 0.8796296296296299 0.65625 0.8842592592592595
0 0.7838541666666665 0.7499999999999999 0.9019097222222222 0.7484567901234568 0.888888888888889 0.8780864197530865 0.7760416666666665 0.8811728395061729
0 0.5338541666666665 0.8873456790123456 0.6527777777777778 0.8796296296296297 0.6493055555555556 0.9969135802469135 0.5407986111111112 0.9984567901234569 0.5338541666666666 0.9537037037037039
0 0.6571180555555555 0.882716049382716 0.7725694444444445 0.8796296296296299 0.7647569444444444 0.9984567901234569 0.6510416666666665 0.9953703703703703
0 0.7769097222222221 0.8796296296296297 0.8932291666666666 0.8750000000000001 0.8802083333333334 1 0.7682291666666666 1
0 0.9322916666666665 0.8148148148148148 1 0.8148148148148151 1 0.9151234567901234 0.9279513888888891 0.9135802469135803 0.923611111111111 0.8919753086419754
0 0.9296874999999999 0.8179012345679012 0.9427083333333334 0.6682098765432098 1 0.6712962962962963 0.998263888888889 0.8132716049382717
0 0.9383680555555555 0.6604938271604938 0.9522569444444445 0.5092592592592594 1 0.5123456790123456 1 0.6651234567901234
0 0.9531249999999999 0.5046296296296295 0.9730902777777779 0.3287037037037038 1 0.32716049382716056 0.9991319444444443 0.5092592592592592