0 0.04079861111111112 0.21296296296296297 0.05555555555555555 0.049382716049382776 0.2230902777777778 0.0478395061728395 0.2144097222222222 0.2037037037037037
0 0.023437499999999986 0.3719135802469136 0.0390625 0.2098765432098765 0.21354166666666666 0.2037037037037037 0.20399305555555552 0.36574074074074076
0 0.006076388888888869 0.5370370370370371 0.022569444444444434 0.36728395061728397 0.20399305555555552 0.3657407407407407 0.19270833333333334 0.5370370370370371
0 0.006076388888888884 0.5370370370370371 0.19010416666666666 0.5339506172839504 0.1779513888888889 0.7006172839506173 0.15711805555555555 0.6712962962962963 0.08940972222222224 0.6867283950617283 0.0295138888888889 0.6944444444444444 0 0.6929012345679013 0.0008680555555555654 0.5648148148148148
0 0.055555555555555546 0.0478395061728395 0.03993055555555555 0.2083333333333334 0 0.20987654320987656 0 0.04938271604938273
0 0.03906249999999999 0.2067901234567901 0.023437499999999993 0.3703703703703703 0 0.36728395061728397 0 0.20833333333333334
0 0.2760416666666667 0.21296296296296297 0.2795138888888889 0.061728395061728385 0.3836805555555555 0.052469135802469126 0.3828125 0.2037037037037037
0 0.3836805555555555 0.2037037037037037 0.38368055555555547 0.0524691358024691 0.4904513888888889 0.0478395061728395 0.4939236111111111 0.20061728395061726
0 0.49479166666666674 0.20061728395061731 0.49131944444444453 0.05092592592592598 0.5972222222222221 0.05401234567901238 0.6024305555555556 0.19907407407407413
0 0.27517361111111105 0.21604938271604937 0.38281250000000006 0.2083333333333333 0.38020833333333337 0.3672839506172839 0.2708333333333333 0.36882716049382713
0 0.3828125 0.20524691358024688 0.49565972222222227 0.20061728395061726 0.49565972222222227 0.37037037037037024 0.37847222222222227 0.36574074074074076
0 0.49479166666666663 0.20216049382716048 0.6059027777777778 0.2083333333333334 0.6085069444444444 0.3734567901234568 0.49565972222222227 0.36728395061728397
0 0.27343750000000006 0.36728395061728397 0.38020833333333326 0.37037037037037035 0.3810763888888889 0.5416666666666666 0.2682291666666667 0.5370370370370371
0 0.3828125 0.36882716049382713 0.4982638888888889 0.37191358024691357 0.4982638888888889 0.5370370370370371 0.3819444444444444 0.5354938271604939
0 0.4982638888888889 0.3719135802469136 0.609375 0.3688271604938272 0.615451388888889 0.5370370370370371 0.49826388888888895 0.5354938271604938
0 0.26388888888888884 0.5401234567901234 0.3819444444444444 0.5416666666666665 0.37934027777777773 0.6743827160493827 0.2890625 0.6651234567901234 0.2604166666666667 0.6466049382716049
0 0.3802083333333333 0.5385802469135801 0.49826388888888895 0.5385802469135801 0.5 0.6666666666666667 0.44704861111111105 0.6759259259259258 0.3784722222222222 0.6728395061728394
0 0.4991319444444445 0.5370370370370371 0.6171875 0.5370370370370371 0.615451388888889 0.6265432098765432 0.5503472222222222 0.6496913580246914 0.5008680555555556 0.6620370370370371
0 0.7274305555555555 0.2067901234567901 0.7170138888888888 0.05709876543209878 0.8359375 0.04938271604938273 0.8463541666666666 0.20061728395061726
0 0.8472222222222221 0.20061728395061726 0.8359374999999999 0.04938271604938273 0.9539930555555556 0.04938271604938273 0.9730902777777779 0.20216049382716048
0 0.9548611111111109 0.0478395061728395 1 0.049382716049382686 0.9991319444444445 0.19907407407407407 0.9722222222222224 0.19907407407407407
0 0.7282986111111109 0.2037037037037037 0.8489583333333334 0.20216049382716053 0.8628472222222222 0.35648148148148145 0.7378472222222222 0.361111111111111
0 0.8506944444444443 0.20061728395061726 0.9739583333333335 0.19907407407407413 0.9921875000000001 0.3518518518518518 0.8645833333333334 0.3580246913580248
0 0.7395833333333335 0.3626543209876543 0.8645833333333333 0.35956790123456794 0.8784722222222222 0.5185185185185185 0.7491319444444445 0.5231481481481481
0 0.8637152777777776 0.35648148148148145 0.9921875 0.3549382716049383 1 0.4058641975308642 1 0.5092592592592593 0.8784722222222224 0.5185185185185185
0 0.75 0.523148148148148 0.8784722222222222 0.5185185185185185 0.8967013888888891 0.699074074074074 0.7743055555555557 0.7006172839506172 0.7734375000000001 0.6388888888888887 0.7560763888888891 0.6265432098765431
0 0.8793402777777776 0.5185185185185185 1 0.5138888888888888 1 0.6898148148148148 0.8967013888888891 0.6975308641975307