0 0.8168402777777776 0.625 0.8159722222222222 0.5478395061728394 0.9409722222222222 0.5493827160493826 0.9479166666666667 0.6358024691358023
0 0.9470486111111112 0.6358024691358023 0.9418402777777779 0.550925925925926 1 0.5509259259259259 1 0.6311728395061728
0 0.8151041666666666 0.5509259259259259 0.8046875 0.4027777777777778 0.9296875000000001 0.40432098765432095 0.9418402777777778 0.5462962962962962
0 0.9435763888888891 0.5478395061728395 0.931423611111111 0.4027777777777778 1 0.40895061728395077 1 0.5493827160493826
0 0.8055555555555557 0.39969135802469136 0.7977430555555556 0.25617283950617287 0.9210069444444445 0.25925925925925924 0.9331597222222225 0.4089506172839507
0 0.9331597222222221 0.404320987654321 0.9227430555555556 0.26080246913580246 1 0.2592592592592593 0.998263888888889 0.4027777777777778
0 0.8003472222222221 0.2561728395061728 0.790798611111111 0.1219135802469136 0.9114583333333333 0.12191358024691352 0.9227430555555556 0.25771604938271603
0 0.9227430555555555 0.2561728395061728 0.9114583333333335 0.12191358024691354 1 0.12191358024691354 0.9991319444444444 0.2561728395061728
0 0.3333333333333333 0.5246913580246912 0.5260416666666666 0.529320987654321 0.5269097222222222 0.699074074074074 0.35937500000000006 0.6867283950617282 0.3506944444444445 0.6820987654320986 0.3446180555555556 0.648148148148148 0.3307291666666667 0.6373456790123456
0 0.5260416666666666 0.5293209876543209 0.7152777777777778 0.5339506172839505 0.7196180555555556 0.7052469135802468 0.5269097222222222 0.7006172839506173
0 0.3342013888888889 0.5246913580246914 0.3385416666666667 0.3487654320987655 0.5225694444444444 0.3533950617283951 0.5217013888888888 0.5308641975308641
0 0.5217013888888888 0.5262345679012346 0.5225694444444445 0.3533950617283952 0.7057291666666666 0.3580246913580248 0.7118055555555556 0.5339506172839504
0 0.33854166666666674 0.34722222222222204 0.34375 0.18672839506172842 0.5208333333333334 0.1944444444444445 0.5208333333333334 0.35339506172839513
0 0.5217013888888888 0.3533950617283951 0.5208333333333334 0.191358024691358 0.6944444444444444 0.19753086419753085 0.701388888888889 0.35956790123456794
0 0.34548611111111105 0.18672839506172836 0.34982638888888895 0.029320987654321007 0.5208333333333334 0.038580246913580266 0.5190972222222222 0.1959876543209876
0 0.5208333333333333 0.19290123456790123 0.521701388888889 0.038580246913580266 0.6883680555555556 0.0478395061728395 0.6944444444444444 0.19598765432098764
0 0.10503472222222224 0.23765432098765424 0.11371527777777776 0.09567901234567905 0.23784722222222218 0.10648148148148145 0.23003472222222218 0.24537037037037038
0 0.22743055555555552 0.24691358024691348 0.22048611111111113 0.39043209876543217 0.09461805555555554 0.3888888888888889 0.10590277777777773 0.23765432098765435
0 0.2196180555555555 0.3935185185185185 0.21354166666666666 0.5370370370370371 0.08333333333333336 0.5339506172839505 0.09288194444444446 0.3888888888888889
0 0.08854166666666667 0.5277777777777778 0.21875 0.5385802469135802 0.21180555555555552 0.6882716049382717 0.07378472222222224 0.6635802469135802
0 0.08593750000000003 0.5246913580246912 0.07378472222222224 0.66820987654321 0 0.6620370370370371 0 0.5200617283950617
0 0.0833333333333333 0.523148148148148 0.09635416666666667 0.3888888888888889 0 0.3796296296296296 0 0.5216049382716049
0 0.09461805555555557 0.38888888888888884 0.10416666666666666 0.24228395061728386 0 0.23765432098765424 0.000868055555555558 0.3811728395061729
0 0.1032986111111111 0.24074074074074073 0.11371527777777776 0.09876543209876545 0.0026041666666666813 0.09413580246913587 0.0017361111111111013 0.23765432098765435