0 0.05295138888888888 0.7052469135802468 0.061631944444444434 0.5540123456790124 0.2022569444444445 0.5555555555555556 0.19444444444444445 0.7052469135802469
0 0.06163194444444442 0.5570987654320987 0.07204861111111112 0.3950617283950617 0.20833333333333334 0.39814814814814825 0.19965277777777776 0.5570987654320987
0 0.0685763888888889 0.39660493827160487 0.07899305555555557 0.24845679012345673 0.20920138888888884 0.25 0.20486111111111116 0.39506172839506176
0 0.07812499999999997 0.25154320987654316 0.08680555555555555 0.095679012345679 0.21614583333333334 0.08796296296296294 0.20833333333333334 0.24691358024691354
0 0.20920138888888884 0.2469135802469136 0.21701388888888887 0.0895061728395062 0.3428819444444444 0.09104938271604941 0.3394097222222222 0.25308641975308643
0 0.20746527777777782 0.39814814814814825 0.21180555555555552 0.24537037037037038 0.3411458333333333 0.25308641975308643 0.3385416666666667 0.4012345679012346
0 0.20052083333333331 0.5570987654320987 0.2065972222222222 0.39814814814814825 0.3411458333333333 0.3996913580246914 0.3394097222222222 0.558641975308642
0 0.19531249999999997 0.7098765432098765 0.20052083333333331 0.5555555555555556 0.33940972222222227 0.558641975308642 0.3368055555555556 0.7067901234567902
0 0.3368055555555555 0.7098765432098765 0.33940972222222227 0.5601851851851852 0.4739583333333333 0.558641975308642 0.47656249999999994 0.7067901234567902
0 0.33854166666666674 0.5586419753086419 0.3428819444444445 0.396604938271605 0.47309027777777785 0.4027777777777779 0.47395833333333337 0.558641975308642
0 0.3420138888888889 0.3996913580246914 0.34375 0.25 0.47135416666666663 0.25617283950617287 0.4722222222222222 0.40123456790123446
0 0.3411458333333333 0.2530864197530864 0.34375 0.09259259259259256 0.46614583333333337 0.10802469135802471 0.46701388888888895 0.2577160493827161
0 0.5920138888888888 0.2561728395061728 0.5894097222222222 0.11111111111111116 0.7135416666666666 0.11574074074074077 0.7178819444444444 0.2577160493827161
0 0.7178819444444444 0.25771604938271603 0.7144097222222221 0.11419753086419748 0.8342013888888888 0.11882716049382715 0.8446180555555556 0.26234567901234573
0 0.8446180555555555 0.26388888888888884 0.8342013888888888 0.11574074074074077 0.9548611111111112 0.1358024691358025 0.9618055555555557 0.271604938271605
0 0.5937499999999999 0.4012345679012345 0.5894097222222222 0.2530864197530864 0.717013888888889 0.2561728395061728 0.7213541666666666 0.40432098765432095
0 0.7222222222222221 0.40432098765432095 0.717013888888889 0.2561728395061728 0.8446180555555556 0.2623456790123457 0.853298611111111 0.40432098765432095
0 0.8550347222222221 0.4074074074074074 0.8454861111111109 0.2592592592592592 0.9670138888888891 0.2716049382716049 0.9756944444444444 0.4166666666666667
0 0.5928819444444445 0.5524691358024691 0.5911458333333334 0.39814814814814825 0.71875 0.40123456790123463 0.7265625 0.5509259259259259
0 0.7274305555555557 0.5524691358024693 0.7204861111111109 0.4027777777777779 0.8515625000000001 0.4012345679012345 0.8602430555555556 0.5601851851851852
0 0.8602430555555555 0.5601851851851851 0.8515625 0.4027777777777779 0.9756944444444444 0.41049382716049376 0.9878472222222224 0.5663580246913581
0 0.5868055555555555 0.5509259259259258 0.7196180555555556 0.5540123456790124 0.724826388888889 0.6435185185185186 0.5902777777777779 0.6404320987654321
0 0.7204861111111109 0.5509259259259258 0.8559027777777778 0.5555555555555556 0.8628472222222224 0.6466049382716049 0.7222222222222222 0.6404320987654322
0 0.8576388888888888 0.5555555555555555 0.9852430555555557 0.5632716049382717 0.998263888888889 0.7160493827160493 0.953125 0.6466049382716049 0.8602430555555556 0.648148148148148