0 0.033854166666666664 0.6003086419753085 0.2256944444444445 0.6033950617283951 0.22395833333333334 0.7067901234567902 0.1953125 0.6836419753086419 0.025173611111111115 0.6898148148148147
0 0.03385416666666666 0.5972222222222221 0.0251736111111111 0.6898148148148148 0 0.6898148148148147 0 0.5972222222222221
0 0.04513888888888888 0.486111111111111 0.23177083333333337 0.4861111111111111 0.22482638888888887 0.6049382716049383 0.03385416666666665 0.6018518518518517
0 0.04600694444444443 0.486111111111111 0.033854166666666664 0.6018518518518517 0 0.6018518518518517 0.0008680555555555617 0.486111111111111
0 0.04600694444444445 0.48456790123456794 0.0564236111111111 0.382716049382716 0.2421875 0.3858024691358024 0.2378472222222222 0.4891975308641975
0 0.047743055555555546 0.486111111111111 0.05729166666666668 0.38271604938271603 7.401486830834377e-18 0.38425925925925936 2.2204460492503132e-17 0.49074074074074076
0 0.057291666666666664 0.37962962962962965 0.0677083333333333 0.27623456790123463 0.24739583333333334 0.2777777777777778 0.2430555555555555 0.38580246913580246
0 0.05729166666666666 0.382716049382716 0.06684027777777776 0.279320987654321 0 0.27777777777777773 0 0.38425925925925924
0 0.06597222222222224 0.27777777777777773 0.0755208333333333 0.17283950617283952 0.25260416666666663 0.17592592592592593 0.24826388888888887 0.2777777777777778
0 0.06684027777777776 0.27777777777777773 0.0763888888888889 0.17592592592592587 0 0.17592592592592587 0 0.27932098765432106
0 0.07812499999999997 0.17592592592592587 0.08420138888888888 0.08024691358024691 0.2560763888888889 0.08024691358024691 0.2534722222222222 0.17592592592592587
0 0.07725694444444443 0.17438271604938269 0.0842013888888889 0.08024691358024691 0 0.0833333333333333 0.0008680555555555506 0.1790123456790124
0 0.3133680555555556 0.6913580246913581 0.3211805555555555 0.5277777777777778 0.45052083333333337 0.5339506172839505 0.4479166666666668 0.6929012345679013
0 0.4496527777777777 0.6882716049382717 0.4539930555555556 0.5308641975308641 0.5859375 0.5354938271604939 0.5859375 0.6929012345679013
0 0.5902777777777778 0.691358024691358 0.5894097222222222 0.5324074074074074 0.7178819444444444 0.5339506172839507 0.7230902777777778 0.6898148148148148
0 0.3211805555555555 0.5277777777777777 0.3272569444444444 0.37962962962962965 0.4522569444444444 0.3842592592592593 0.4505208333333333 0.5339506172839505
0 0.4513888888888889 0.5324074074074073 0.45312500000000006 0.38117283950617287 0.5815972222222222 0.3827160493827161 0.5824652777777779 0.5308641975308642
0 0.5859375 0.5324074074074073 0.584201388888889 0.3842592592592593 0.712673611111111 0.38425925925925924 0.71875 0.5324074074074074
0 0.4539930555555555 0.37962962962962965 0.4539930555555555 0.2391975308641975 0.5772569444444445 0.2407407407407407 0.5798611111111112 0.38271604938271603
0 0.5807291666666665 0.38425925925925924 0.578125 0.2407407407407407 0.701388888888889 0.24228395061728397 0.7065972222222222 0.3842592592592593
0 0.790798611111111 0.6975308641975307 0.7812500000000001 0.5154320987654321 0.9036458333333335 0.5169753086419754 0.920138888888889 0.7006172839506173 0.8315972222222222 0.7037037037037037
0 0.9218750000000001 0.6959876543209876 0.9088541666666666 0.5185185185185185 1 0.5138888888888888 1 0.6913580246913581
0 0.7812499999999999 0.5154320987654321 0.771701388888889 0.34259259259259267 0.8949652777777778 0.3472222222222223 0.9071180555555555 0.5185185185185185
0 0.9071180555555555 0.5169753086419753 0.8932291666666666 0.34413580246913583 1 0.3472222222222222 1 0.5092592592592592
0 0.7725694444444443 0.3425925925925926 0.7630208333333333 0.18518518518518512 0.881076388888889 0.18672839506172836 0.8940972222222222 0.34722222222222227
0 0.8958333333333333 0.3472222222222222 0.881076388888889 0.18672839506172836 1 0.18518518518518512 1 0.3487654320987654
0 0.7630208333333334 0.18827160493827164 0.756076388888889 0.04166666666666669 0.8697916666666666 0.041666666666666616 0.8793402777777778 0.1898148148148148
0 0.8697916666666667 0.04012345679012347 0.984375 0.041666666666666664 1 0.183641975308642 0.8793402777777778 0.18981481481481477