0 0.03645833333333333 0.5308641975308641 0.020833333333333332 0.36111111111111116 0.17274305555555552 0.3580246913580247 0.18315972222222224 0.5308641975308641
0 0.03993055555555555 0.5277777777777778 0.18402777777777776 0.5262345679012346 0.1953125 0.6898148148148147 0.05121527777777778 0.7006172839506173
0 0.0546875 0.7006172839506172 0.20225694444444448 0.6898148148148147 0.21267361111111113 0.8364197530864197 0.07204861111111113 0.8487654320987654
0 0.07291666666666667 0.8425925925925926 0.21354166666666669 0.8333333333333337 0.22309027777777782 0.964506172839506 0.08506944444444449 0.9691358024691359
0 0.0842013888888889 0.9722222222222222 0.07204861111111115 0.8410493827160497 0 0.845679012345679 0.0008680555555555506 0.9722222222222222
0 0.07118055555555554 0.8425925925925926 0.055555555555555546 0.7037037037037036 0 0.7083333333333334 0 0.8503086419753085
0 0.05208333333333334 0.7083333333333333 0.03385416666666668 0.5277777777777777 0 0.529320987654321 0.0008680555555555543 0.7129629629629629
0 0.03385416666666666 0.523148148148148 0.02083333333333334 0.3626543209876543 0.0017361111111111234 0.36574074074074076 0.0034722222222222246 0.5354938271604939
0 0.31597222222222227 0.42592592592592604 0.31076388888888895 0.32716049382716056 0.3810763888888889 0.32253086419753096 0.3854166666666667 0.42592592592592604
0 0.3854166666666667 0.42438271604938266 0.38281250000000006 0.3179012345679012 0.45833333333333337 0.3101851851851851 0.459201388888889 0.4212962962962963
0 0.45833333333333337 0.419753086419753 0.45746527777777773 0.30864197530864207 0.529513888888889 0.3070987654320988 0.53125 0.4228395061728395
0 0.5312499999999999 0.42438271604938266 0.5321180555555556 0.30864197530864196 0.6015625 0.31172839506172845 0.599826388888889 0.4212962962962964
0 0.6006944444444444 0.41820987654320985 0.6015625 0.31018518518518523 0.6727430555555557 0.324074074074074 0.671875 0.419753086419753
0 0.31857638888888895 0.5231481481481481 0.31510416666666674 0.42438271604938277 0.3854166666666667 0.42438271604938277 0.3888888888888889 0.5185185185185185
0 0.3888888888888889 0.5169753086419753 0.3862847222222222 0.4212962962962964 0.45659722222222227 0.4197530864197531 0.45746527777777773 0.5200617283950618
0 0.4583333333333333 0.5185185185185184 0.45486111111111105 0.41512345679012347 0.529513888888889 0.4197530864197531 0.5303819444444445 0.5154320987654322
0 0.5303819444444444 0.5123456790123456 0.5286458333333334 0.4182098765432099 0.6015625 0.4182098765432099 0.599826388888889 0.5123456790123456
0 0.6006944444444445 0.5123456790123456 0.6006944444444445 0.4166666666666668 0.673611111111111 0.41820987654320996 0.670138888888889 0.5138888888888888
0 0.32291666666666674 0.6095679012345678 0.3194444444444444 0.5216049382716049 0.3888888888888889 0.5185185185185185 0.3914930555555555 0.6080246913580247
0 0.3914930555555555 0.6095679012345679 0.38802083333333326 0.5169753086419754 0.45833333333333337 0.5185185185185185 0.4600694444444444 0.6080246913580246
0 0.46006944444444453 0.6064814814814816 0.45833333333333337 0.5154320987654322 0.5286458333333334 0.5154320987654322 0.5295138888888888 0.6095679012345678
0 0.5312500000000001 0.6080246913580247 0.529513888888889 0.5092592592592593 0.6024305555555555 0.5108024691358025 0.5980902777777779 0.6080246913580247
0 0.6006944444444444 0.6049382716049382 0.599826388888889 0.5123456790123457 0.671875 0.5138888888888888 0.6692708333333334 0.6018518518518519
0 0.32638888888888895 0.6975308641975307 0.32204861111111105 0.6095679012345678 0.3914930555555555 0.6080246913580246 0.39409722222222227 0.6959876543209877
0 0.3940972222222222 0.6959876543209876 0.3923611111111111 0.6049382716049383 0.46093750000000006 0.6080246913580247 0.46354166666666674 0.6898148148148148
0 0.4626736111111111 0.6867283950617284 0.46093750000000006 0.6080246913580247 0.529513888888889 0.6111111111111112 0.53125 0.6944444444444444
0 0.5312499999999999 0.6913580246913581 0.5303819444444444 0.6064814814814815 0.599826388888889 0.6049382716049383 0.5989583333333334 0.6882716049382716
0 0.5989583333333334 0.6851851851851851 0.6015625 0.6003086419753085 0.6684027777777776 0.5987654320987654 0.665798611111111 0.6851851851851851
0 0.33159722222222227 0.7808641975308642 0.3263888888888889 0.6975308641975309 0.3932291666666667 0.6944444444444445 0.3975694444444444 0.7839506172839507
0 0.3984375 0.7808641975308642 0.3949652777777778 0.6929012345679014 0.4635416666666667 0.6929012345679012 0.4635416666666667 0.7777777777777776
0 0.4635416666666667 0.7746913580246914 0.46354166666666674 0.6913580246913581 0.5303819444444444 0.6867283950617286 0.529513888888889 0.7777777777777779
0 0.5303819444444445 0.7762345679012345 0.53125 0.6929012345679012 0.5989583333333333 0.6898148148148148 0.5963541666666666 0.7746913580246914
0 0.5963541666666666 0.773148148148148 0.5989583333333334 0.6836419753086419 0.6666666666666666 0.6851851851851851 0.6640625 0.7716049382716049
0 0.3359375 0.8595679012345678 0.3333333333333333 0.7793209876543211 0.3984375 0.7839506172839505 0.3993055555555555 0.8595679012345678
0 0.3993055555555555 0.779320987654321 0.46440972222222227 0.7777777777777778 0.46354166666666674 0.8611111111111112 0.39843750000000006 0.8626543209876542
0 0.4644097222222222 0.7746913580246914 0.5303819444444445 0.7762345679012345 0.53125 0.853395061728395 0.46614583333333337 0.8580246913580245
0 0.5303819444444444 0.7746913580246914 0.5980902777777778 0.7746913580246914 0.5980902777777779 0.8518518518518521 0.5312499999999999 0.8533950617283951
0 0.5972222222222221 0.7700617283950617 0.6614583333333334 0.7700617283950617 0.6605902777777778 0.8472222222222222 0.5972222222222222 0.8487654320987653
0 0.3333333333333333 0.8564814814814815 0.40017361111111105 0.8564814814814817 0.4027777777777778 0.9320987654320986 0.3350694444444445 0.9351851851851852
0 0.40017361111111105 0.8564814814814815 0.46354166666666674 0.8549382716049383 0.4644097222222222 0.9367283950617284 0.40364583333333337 0.9367283950617284
0 0.4661458333333333 0.8549382716049382 0.5312499999999999 0.8533950617283951 0.5303819444444444 0.9336419753086419 0.4661458333333334 0.9351851851851852
0 0.5312500000000001 0.8487654320987655 0.5980902777777779 0.8487654320987653 0.5963541666666666 0.9320987654320986 0.5303819444444444 0.9320987654320986
0 0.5972222222222222 0.8472222222222222 0.6614583333333334 0.8441358024691358 0.6588541666666666 0.9228395061728396 0.5963541666666666 0.9290123456790123
0 0.3385416666666667 0.9351851851851852 0.4036458333333333 0.9305555555555556 0.40625 1 0.34027777777777773 1
0 0.4045138888888889 0.9305555555555556 0.4661458333333333 0.9320987654320987 0.46874999999999994 1 0.4053819444444444 0.9984567901234569
0 0.4670138888888889 0.9305555555555556 0.5312499999999999 0.9320987654320988 0.5329861111111112 1 0.46788194444444453 1
0 0.5312499999999999 0.9290123456790125 0.5963541666666665 0.9274691358024693 0.5963541666666666 1 0.5321180555555555 1
0 0.5963541666666665 0.927469135802469 0.6597222222222222 0.9212962962962965 0.6597222222222222 1 0.5954861111111112 0.9984567901234567
0 0.7647569444444443 0.8580246913580245 0.8793402777777778 0.8580246913580245 0.8723958333333334 0.9768518518518519 0.7578125 0.9768518518518521
0 0.8836805555555555 0.8564814814814815 0.9947916666666666 0.8580246913580247 0.9852430555555556 0.9814814814814815 0.8715277777777778 0.9768518518518521
0 0.763888888888889 0.8580246913580245 0.771701388888889 0.7299382716049382 0.8897569444444444 0.7283950617283951 0.8802083333333333 0.8611111111111112
0 0.8810763888888888 0.8580246913580247 0.892361111111111 0.7283950617283951 1 0.7253086419753086 0.9956597222222222 0.8595679012345679
0 0.7734374999999999 0.7314814814814814 0.7821180555555556 0.5972222222222221 0.9045138888888888 0.5895061728395062 0.8932291666666666 0.7268518518518517
0 0.8940972222222222 0.7253086419753084 0.9053819444444445 0.5910493827160493 0.998263888888889 0.5879629629629629 1 0.7237654320987655
0 0.7838541666666666 0.6003086419753085 0.7890625 0.45679012345679015 0.9166666666666665 0.45679012345679015 0.90625 0.5925925925925926
0 0.907986111111111 0.5925925925925926 0.9166666666666667 0.455246913580247 1 0.4521604938271605 0.998263888888889 0.5910493827160493
0 0.7934027777777779 0.4537037037037037 0.8020833333333334 0.30555555555555564 0.9288194444444445 0.29320987654320985 0.9184027777777779 0.45370370370370366
0 0.9192708333333334 0.44907407407407407 0.9296875000000001 0.29166666666666674 1 0.29320987654320996 1 0.4537037037037036