0 0.028645833333333325 0.18827160493827158 0.044270833333333336 0.03703703703703705 0 0.041666666666666664 0 0.18981481481481483
0 0.030381944444444427 0.18827160493827158 0.0451388888888889 0.04629629629629627 0.14930555555555552 0.038580246913580314 0.13715277777777773 0.18672839506172836
0 0.13715277777777773 0.18518518518518512 0.14930555555555555 0.029320987654320965 0.2534722222222222 0.026234567901234577 0.24479166666666663 0.1805555555555555
0 0.03038194444444444 0.18827160493827158 0.013020833333333337 0.35185185185185186 0 0.3503086419753086 0.0008680555555555396 0.18827160493827158
0 0.030381944444444427 0.18827160493827158 0.1362847222222222 0.18518518518518512 0.12499999999999996 0.34567901234567894 0.012152777777777797 0.34876543209876537
0 0.1241319444444444 0.3441358024691358 0.1371527777777778 0.18209876543209874 0.24392361111111113 0.1774691358024691 0.23697916666666666 0.3395061728395061
0 0.012152777777777775 0.34876543209876537 0.12326388888888888 0.3441358024691358 0.11024305555555557 0.5138888888888888 0 0.5108024691358025 0.0008680555555555433 0.4506172839506173
0 0.12326388888888887 0.3425925925925926 0.23611111111111113 0.33796296296296297 0.2265625 0.5169753086419753 0.11284722222222224 0.5123456790123457
0 0.1163194444444444 0.5154320987654321 0.23524305555555552 0.5154320987654323 0.22656249999999997 0.6172839506172839 0.10677083333333336 0.6558641975308643
0 0.10416666666666667 0.662037037037037 0.11805555555555558 0.5138888888888888 0.0008680555555555654 0.5154320987654322 0.0008680555555555506 0.6651234567901235
0 0.2994791666666667 0.5694444444444443 0.5078125 0.5679012345679012 0.506076388888889 0.6219135802469137 0.30729166666666674 0.6203703703703703 0.2951388888888889 0.654320987654321
0 0.5078124999999999 0.5694444444444443 0.7135416666666666 0.5709876543209877 0.71875 0.6867283950617284 0.6744791666666666 0.6203703703703703 0.5052083333333334 0.6203703703703703
0 0.30902777777777773 0.5679012345679012 0.3125 0.45061728395061723 0.515625 0.45061728395061734 0.5164930555555556 0.5740740740740741
0 0.5164930555555556 0.5694444444444444 0.515625 0.4490740740740742 0.7161458333333334 0.4475308641975309 0.7213541666666666 0.5694444444444443
0 0.3151041666666667 0.45216049382716045 0.3185763888888889 0.33796296296296297 0.515625 0.33796296296296297 0.5156249999999999 0.45370370370370366
0 0.5156249999999999 0.45216049382716045 0.515625 0.3364197530864197 0.712673611111111 0.33487654320987653 0.717013888888889 0.4490740740740741
0 0.3177083333333333 0.33796296296296297 0.32031250000000006 0.23148148148148148 0.5147569444444444 0.22530864197530867 0.5147569444444445 0.33641975308641975
0 0.5147569444444444 0.3395061728395061 0.5164930555555556 0.21913580246913583 0.709201388888889 0.21759259259259248 0.7135416666666666 0.33333333333333337
0 0.31684027777777773 0.22530864197530867 0.3211805555555556 0.10648148148148151 0.5130208333333333 0.10339506172839502 0.5130208333333333 0.2222222222222222
0 0.5147569444444444 0.21604938271604937 0.5147569444444445 0.10185185185185185 0.7022569444444444 0.10648148148148151 0.7074652777777778 0.2160493827160494
0 0.8281249999999999 0.6867283950617283 0.8229166666666666 0.5972222222222221 0.900173611111111 0.5941358024691359 0.90625 0.6851851851851852
0 0.90625 0.6836419753086419 0.900173611111111 0.595679012345679 0.9817708333333334 0.595679012345679 0.9895833333333335 0.6867283950617283
0 0.8229166666666666 0.5972222222222222 0.8159722222222224 0.5030864197530863 0.8932291666666666 0.5015432098765433 0.9010416666666666 0.5941358024691359
0 0.9001736111111109 0.5925925925925924 0.8949652777777778 0.5 0.9739583333333334 0.4999999999999999 0.9835069444444444 0.595679012345679
0 0.9826388888888888 0.595679012345679 1 0.5941358024691359 1 0.6851851851851852 0.9895833333333334 0.6851851851851852
0 0.9765624999999999 0.4999999999999999 1 0.4969135802469137 1 0.595679012345679 0.9817708333333334 0.5972222222222222
0 0.8159722222222221 0.5061728395061728 0.8124999999999999 0.41203703703703715 0.8906250000000001 0.4104938271604938 0.8958333333333334 0.5030864197530863
0 0.8958333333333333 0.4999999999999999 0.890625 0.40740740740740744 0.9678819444444444 0.4074074074074074 0.9748263888888891 0.5
0 0.9756944444444443 0.49691358024691357 0.9687500000000001 0.4074074074074075 1 0.4089506172839507 1 0.5
0 0.8133680555555555 0.41049382716049376 0.8098958333333334 0.32407407407407407 0.8880208333333334 0.32407407407407407 0.8923611111111109 0.4135802469135802
0 0.8923611111111109 0.4074074074074074 0.8862847222222222 0.31944444444444436 0.9635416666666665 0.3194444444444444 0.9687500000000001 0.40895061728395066
0 0.9713541666666665 0.4074074074074074 0.9635416666666666 0.3148148148148148 1 0.31481481481481477 0.9973958333333334 0.4074074074074074
0 0.8098958333333333 0.324074074074074 0.8046875000000001 0.24074074074074073 0.8793402777777779 0.2361111111111111 0.8854166666666666 0.32407407407407407
0 0.8854166666666667 0.31944444444444436 0.8793402777777778 0.23456790123456794 0.9557291666666665 0.23611111111111105 0.9635416666666666 0.3194444444444444