0 0.11545138888888887 0.6003086419753085 0.0980902777777778 0.35802469135802467 0.29861111111111105 0.3580246913580248 0.3072916666666667 0.6018518518518519
0 0.30642361111111105 0.5987654320987654 0.29861111111111105 0.35802469135802467 0.48958333333333326 0.35185185185185197 0.48958333333333326 0.5910493827160495
0 0.1223958333333333 0.5987654320987654 0.3098958333333333 0.5987654320987655 0.3177083333333333 0.8132716049382716 0.1388888888888889 0.8179012345679013
0 0.30902777777777773 0.6018518518518517 0.4930555555555555 0.5879629629629629 0.49218749999999994 0.8055555555555557 0.3177083333333333 0.8117283950617282
0 0.13715277777777773 0.8179012345679012 0.31423611111111105 0.8117283950617284 0.3211805555555555 1 0.15017361111111113 1
0 0.3151041666666667 0.8117283950617282 0.48871527777777785 0.8024691358024693 0.4921875 1 0.32031250000000006 1
0 0.5494791666666665 0.43672839506172834 0.5494791666666666 0.3379629629629629 0.625 0.33641975308641975 0.6223958333333334 0.441358024691358
0 0.6223958333333333 0.44290123456790115 0.623263888888889 0.3348765432098766 0.6987847222222222 0.33179012345679 0.6979166666666666 0.43672839506172845
0 0.6970486111111109 0.43672839506172834 0.6979166666666666 0.3317901234567901 0.775173611111111 0.3364197530864197 0.7708333333333334 0.43827160493827155
0 0.7708333333333333 0.43672839506172834 0.7734375 0.33641975308641964 0.8463541666666666 0.3379629629629631 0.84375 0.43055555555555564
0 0.8437499999999999 0.43209876543209874 0.8463541666666666 0.3317901234567901 0.9244791666666665 0.3302469135802469 0.9157986111111112 0.433641975308642
0 0.5503472222222221 0.5308641975308641 0.5512152777777779 0.4351851851851852 0.623263888888889 0.43672839506172845 0.6223958333333334 0.5308641975308641
0 0.6223958333333333 0.5308641975308641 0.623263888888889 0.43827160493827166 0.6979166666666666 0.43827160493827166 0.6927083333333334 0.529320987654321
0 0.6935763888888888 0.5308641975308641 0.6961805555555557 0.4351851851851853 0.7708333333333334 0.433641975308642 0.765625 0.5354938271604939
0 0.7656249999999999 0.529320987654321 0.7699652777777779 0.4336419753086419 0.8428819444444444 0.4305555555555556 0.837673611111111 0.529320987654321
0 0.8385416666666665 0.5308641975308641 0.84375 0.42901234567901225 0.9175347222222222 0.42901234567901225 0.9062499999999999 0.5262345679012346
0 0.5503472222222221 0.6157407407407406 0.5503472222222222 0.529320987654321 0.6206597222222222 0.529320987654321 0.6197916666666666 0.6172839506172839
0 0.6197916666666665 0.6188271604938271 0.6223958333333334 0.529320987654321 0.6909722222222222 0.5262345679012346 0.6875 0.6188271604938271
0 0.689236111111111 0.6188271604938272 0.6927083333333335 0.5262345679012347 0.7630208333333334 0.5262345679012346 0.7621527777777778 0.6188271604938272
0 0.7621527777777778 0.6188271604938272 0.767361111111111 0.5308641975308641 0.837673611111111 0.5293209876543211 0.8333333333333335 0.617283950617284
0 0.8333333333333333 0.6172839506172839 0.8385416666666666 0.5246913580246915 0.9105902777777776 0.5231481481481481 0.9010416666666666 0.6141975308641976
0 0.5494791666666665 0.6975308641975307 0.5503472222222222 0.6157407407407407 0.6197916666666666 0.6157407407407407 0.6171875 0.7021604938271605
0 0.6171874999999999 0.699074074074074 0.6189236111111112 0.6141975308641976 0.6901041666666666 0.617283950617284 0.6866319444444444 0.7052469135802469
0 0.6866319444444443 0.7037037037037036 0.6901041666666667 0.6157407407407406 0.7630208333333334 0.6172839506172838 0.7578125 0.7037037037037035
0 0.7569444444444443 0.7037037037037036 0.7621527777777779 0.6188271604938271 0.834201388888889 0.6188271604938272 0.828125 0.7021604938271605
0 0.8281249999999999 0.699074074074074 0.8350694444444443 0.6141975308641975 0.9027777777777776 0.6126543209876543 0.8940972222222222 0.6975308641975307
0 0.5460069444444444 0.7808641975308641 0.5494791666666666 0.6975308641975307 0.618923611111111 0.7006172839506173 0.6137152777777778 0.7885802469135803
0 0.6145833333333333 0.787037037037037 0.6180555555555556 0.6975308641975309 0.6866319444444445 0.7021604938271605 0.6822916666666666 0.7885802469135804
0 0.6822916666666665 0.7901234567901234 0.6883680555555556 0.7052469135802469 0.7569444444444444 0.7052469135802469 0.7491319444444444 0.787037037037037
0 0.75 0.7870370370370371 0.756076388888889 0.7006172839506173 0.8229166666666666 0.7037037037037036 0.8151041666666666 0.7885802469135802
0 0.8151041666666666 0.7870370370370371 0.8255208333333333 0.6990740740740741 0.8949652777777779 0.697530864197531 0.8828125 0.7870370370370371
0 0.5468749999999999 0.8549382716049382 0.5460069444444445 0.779320987654321 0.615451388888889 0.7854938271604938 0.611111111111111 0.861111111111111
0 0.6111111111111109 0.8626543209876542 0.6145833333333334 0.7839506172839505 0.681423611111111 0.787037037037037 0.6770833333333334 0.8595679012345678
0 0.6779513888888888 0.8595679012345678 0.6822916666666666 0.787037037037037 0.7517361111111112 0.7885802469135802 0.7473958333333334 0.8641975308641975
0 0.7465277777777776 0.8641975308641975 0.751736111111111 0.7854938271604938 0.8194444444444444 0.7885802469135804 0.8116319444444444 0.8641975308641975
0 0.8116319444444443 0.8641975308641975 0.8211805555555556 0.785493827160494 0.8854166666666666 0.779320987654321 0.8749999999999999 0.8595679012345678
0 0.5468749999999999 0.927469135802469 0.546875 0.853395061728395 0.6128472222222222 0.8580246913580245 0.6119791666666666 0.927469135802469
0 0.6119791666666666 0.9274691358024693 0.6119791666666666 0.8580246913580245 0.677951388888889 0.8595679012345679 0.6744791666666666 0.927469135802469
0 0.6744791666666665 0.9290123456790123 0.6788194444444443 0.8564814814814815 0.7439236111111109 0.8611111111111113 0.7395833333333333 0.9320987654320987
0 0.7395833333333333 0.9305555555555556 0.743923611111111 0.8626543209876544 0.8098958333333333 0.8657407407407408 0.8038194444444444 0.9367283950617282
0 0.8055555555555557 0.9336419753086419 0.8107638888888891 0.8626543209876542 0.8758680555555557 0.859567901234568 0.8697916666666669 0.9305555555555557
0 0.5425347222222221 0.9521604938271604 0.5442708333333334 0.9228395061728395 0.6119791666666665 0.9259259259259259 0.6119791666666666 0.9459876543209875 0.6067708333333334 0.9459876543209875 0.5789930555555556 0.9660493827160493 0.5746527777777779 0.9444444444444444 0.5434027777777779 0.964506172839506
0 0.6119791666666665 0.927469135802469 0.6744791666666667 0.927469135802469 0.6762152777777778 0.9459876543209876 0.6588541666666666 0.9444444444444444 0.6475694444444444 0.9506172839506172 0.6119791666666666 0.9459876543209875
0 0.6762152777777776 0.927469135802469 0.7413194444444445 0.9305555555555557 0.7395833333333335 0.9459876543209876 0.7282986111111112 0.9475308641975307 0.7083333333333335 0.9537037037037039 0.6831597222222224 0.9429012345679013 0.6744791666666666 0.9475308641975309