0 0.11545138888888887 0.5771604938271604 0.1875 0.5756172839506174 0.1814236111111111 0.6990740740740741 0.1484375 0.7160493827160495 0.1067708333333333 0.7145061728395062
0 0.03819444444444443 0.5787037037037036 0.1171875 0.5802469135802468 0.10590277777777775 0.7145061728395061 0.031249999999999986 0.7006172839506174
0 0.03819444444444443 0.5771604938271604 0.03211805555555555 0.7006172839506173 0 0.6990740740740741 0.0008680555555555617 0.5771604938271604
0 0.1163194444444444 0.5756172839506173 0.12499999999999999 0.4398148148148148 0.19965277777777776 0.44444444444444453 0.1935763888888889 0.5756172839506174
0 0.11805555555555557 0.5771604938271604 0.12586805555555555 0.441358024691358 0.047743055555555566 0.44290123456790126 0.03645833333333335 0.5740740740740741
0 0.0008680555555555433 0.4398148148148148 0.049479166666666664 0.43981481481481494 0.03819444444444442 0.5787037037037037 0 0.5771604938271605
0 0.20052083333333331 0.4444444444444444 0.20833333333333334 0.3132716049382716 0.1328125 0.30864197530864196 0.125 0.4398148148148148
0 0.04947916666666669 0.43827160493827166 0.05815972222222223 0.31172839506172834 0.1310763888888889 0.31481481481481477 0.12499999999999999 0.4398148148148148
0 0.047743055555555546 0.4398148148148148 0.059027777777777755 0.3101851851851851 0 0.3070987654320988 0 0.43827160493827166
0 0.21006944444444445 0.31481481481481477 0.21614583333333334 0.19135802469135804 0.14583333333333334 0.18672839506172842 0.1345486111111111 0.3101851851851852
0 0.07031249999999997 0.18209876543209874 0.14409722222222227 0.18518518518518512 0.13194444444444445 0.3117283950617284 0.05729166666666671 0.3101851851851851
0 0.07204861111111113 0.183641975308642 0.05729166666666669 0.3101851851851852 0 0.3070987654320988 1.4802973661668754e-17 0.2175925925925926 0.0008680555555555654 0.18055555555555555
0 0.3333333333333333 0.6280864197530863 0.3368055555555555 0.5324074074074073 0.40885416666666674 0.5308641975308642 0.40625000000000006 0.6280864197530863
0 0.40798611111111105 0.6265432098765432 0.40798611111111105 0.5324074074074073 0.4800347222222222 0.5339506172839505 0.48090277777777773 0.6280864197530863
0 0.48177083333333326 0.6296296296296295 0.48090277777777785 0.5324074074074074 0.5564236111111112 0.5354938271604939 0.5572916666666666 0.625
0 0.5572916666666665 0.6249999999999999 0.5555555555555556 0.5354938271604939 0.6284722222222222 0.5354938271604939 0.6302083333333334 0.6311728395061729
0 0.6293402777777776 0.6296296296296295 0.6293402777777778 0.5324074074074074 0.693576388888889 0.5324074074074074 0.6953125 0.6311728395061729
0 0.3359375 0.537037037037037 0.3368055555555555 0.43981481481481494 0.4071180555555556 0.43672839506172834 0.4088541666666667 0.5354938271604938
0 0.4053819444444445 0.5339506172839505 0.4071180555555555 0.433641975308642 0.48003472222222227 0.433641975308642 0.48003472222222227 0.5324074074074074
0 0.47916666666666663 0.5324074074074073 0.4791666666666666 0.433641975308642 0.5520833333333334 0.43827160493827166 0.5538194444444445 0.5370370370370371
0 0.5546874999999999 0.5324074074074073 0.5520833333333334 0.43827160493827166 0.6258680555555556 0.4351851851851853 0.6276041666666665 0.5324074074074074
0 0.6249999999999999 0.5277777777777777 0.6223958333333334 0.4351851851851853 0.6901041666666666 0.4398148148148148 0.693576388888889 0.5339506172839507
0 0.6171874999999999 0.353395061728395 0.6875 0.3580246913580248 0.6883680555555556 0.44444444444444453 0.6197916666666666 0.4398148148148148
0 0.548611111111111 0.353395061728395 0.618923611111111 0.35493827160493824 0.6197916666666666 0.4398148148148148 0.5512152777777779 0.43981481481481494
0 0.4774305555555555 0.35185185185185186 0.5477430555555556 0.36111111111111116 0.5486111111111112 0.43827160493827155 0.4791666666666667 0.4351851851851852
0 0.4071180555555555 0.3472222222222222 0.4774305555555555 0.3472222222222222 0.47916666666666663 0.43518518518518523 0.40625 0.4351851851851852
0 0.3359375 0.353395061728395 0.4079861111111111 0.35030864197530853 0.40798611111111105 0.4351851851851852 0.33680555555555547 0.43827160493827155
0 0.3368055555555555 0.35802469135802467 0.33767361111111105 0.2638888888888889 0.4071180555555556 0.26080246913580246 0.40624999999999994 0.35185185185185186
0 0.40625 0.3472222222222222 0.4053819444444445 0.25925925925925924 0.4774305555555556 0.26234567901234573 0.47656249999999994 0.34876543209876537
0 0.4774305555555555 0.3503086419753086 0.4774305555555556 0.26388888888888884 0.5477430555555556 0.2685185185185185 0.546875 0.35648148148148145
0 0.5477430555555555 0.35185185185185186 0.546875 0.26543209876543206 0.6145833333333334 0.26697530864197533 0.618923611111111 0.35493827160493824
0 0.6197916666666665 0.35648148148148145 0.6163194444444444 0.2685185185185185 0.6822916666666666 0.271604938271605 0.6831597222222222 0.3564814814814815
0 0.3385416666666667 0.2669753086419753 0.33854166666666674 0.18364197530864196 0.40798611111111105 0.17901234567901234 0.4071180555555555 0.26080246913580246
0 0.40625000000000006 0.2623456790123456 0.4079861111111112 0.17438271604938269 0.47569444444444453 0.17283950617283947 0.47656249999999994 0.26388888888888884
0 0.47656249999999994 0.2623456790123457 0.4774305555555556 0.17438271604938274 0.5407986111111112 0.17592592592592587 0.5416666666666666 0.2638888888888889
0 0.5434027777777778 0.2669753086419753 0.5416666666666666 0.18055555555555555 0.6067708333333334 0.18209876543209877 0.6102430555555556 0.27006172839506176
0 0.6102430555555555 0.2700617283950617 0.6085069444444444 0.183641975308642 0.6744791666666666 0.1851851851851852 0.6770833333333334 0.27314814814814814
0 0.3411458333333333 0.18672839506172836 0.3411458333333333 0.095679012345679 0.40625 0.0972222222222222 0.4079861111111111 0.18055555555555547
0 0.4071180555555555 0.1774691358024691 0.40625 0.09259259259259256 0.47309027777777785 0.09259259259259256 0.47569444444444453 0.17592592592592587
0 0.4756944444444445 0.17592592592592587 0.4739583333333333 0.08950617283950622 0.5390625 0.09104938271604937 0.5416666666666666 0.17901234567901234
0 0.5416666666666666 0.18055555555555555 0.5399305555555556 0.09259259259259256 0.6050347222222221 0.09722222222222228 0.6067708333333334 0.18364197530864196
0 0.6067708333333334 0.1805555555555555 0.6059027777777778 0.10185185185185185 0.6710069444444444 0.10648148148148145 0.6727430555555556 0.18981481481481474
0 0.595486111111111 0.01697530864197529 0.6614583333333334 0.02623456790123457 0.665798611111111 0.10493827160493828 0.5972222222222224 0.09722222222222224
0 0.3402777777777778 0.095679012345679 0.33854166666666674 0.0077160493827160516 0.4019097222222222 0.004629629629629636 0.4036458333333333 0.09876543209876541
0 0.40277777777777773 0.09413580246913576 0.40277777777777773 0.0015432098765432076 0.4678819444444444 0.0030864197530864152 0.4687499999999999 0.09259259259259257
0 0.46874999999999994 0.08950617283950617 0.46875 0.0030864197530864287 0.5329861111111112 0.009259259259259259 0.5347222222222222 0.0910493827160494
0 0.5347222222222221 0.09104938271604937 0.5338541666666666 0.006172839506172857 0.5963541666666665 0.01543209876543209 0.5980902777777779 0.10030864197530863