0 0.6336805555555555 0.5447530864197531 0.6336805555555556 0.3611111111111111 0.7586805555555557 0.3611111111111112 0.7552083333333334 0.5401234567901236
0 0.7534722222222224 0.5385802469135801 0.7578124999999999 0.35802469135802484 0.8836805555555556 0.3549382716049383 0.875 0.5385802469135801
0 0.8758680555555555 0.5385802469135801 0.884548611111111 0.3580246913580248 1 0.35648148148148145 0.9991319444444445 0.441358024691358 0.9878472222222222 0.5385802469135802
0 0.6241319444444444 0.7175925925925926 0.6223958333333334 0.5447530864197532 0.7430555555555555 0.5401234567901236 0.7395833333333335 0.712962962962963
0 0.7404513888888888 0.7129629629629629 0.743923611111111 0.537037037037037 0.8602430555555555 0.5385802469135802 0.8541666666666665 0.7067901234567902
0 0.8559027777777776 0.7098765432098764 0.8602430555555556 0.537037037037037 0.9835069444444444 0.537037037037037 0.967013888888889 0.7006172839506172
0 0.6180555555555556 0.7098765432098765 0.728298611111111 0.7098765432098765 0.7256944444444444 0.8549382716049382 0.615451388888889 0.8595679012345678
0 0.7256944444444444 0.858024691358025 0.7274305555555556 0.7098765432098764 0.8428819444444444 0.7083333333333335 0.8359375 0.8518518518518521
0 0.8376736111111112 0.8518518518518519 0.8446180555555557 0.7052469135802468 0.9583333333333334 0.7006172839506173 0.9461805555555557 0.8580246913580247
0 0.6085069444444444 0.9675925925925926 0.6102430555555556 0.8580246913580246 0.720486111111111 0.8564814814814817 0.7178819444444444 0.9645061728395065 0.6102430555555556 0.9645061728395065
0 0.7196180555555556 0.9645061728395062 0.720486111111111 0.8549382716049383 0.8324652777777776 0.851851851851852 0.8289930555555556 0.9645061728395062
0 0.8289930555555555 0.9645061728395062 0.8315972222222221 0.8503086419753086 0.9401041666666665 0.8564814814814815 0.9296875 0.970679012345679
0 0.09635416666666664 0.6188271604938271 0.0842013888888889 0.4675925925925926 0.21180555555555552 0.46296296296296285 0.2230902777777778 0.6172839506172839
0 0.22222222222222218 0.6203703703703703 0.21354166666666666 0.4583333333333333 0.3446180555555555 0.4583333333333333 0.3498263888888889 0.6188271604938272
0 0.3498263888888889 0.6080246913580245 0.34635416666666674 0.44907407407407407 0.4782986111111111 0.45524691358024677 0.4774305555555556 0.6157407407407408
0 0.0972222222222222 0.6203703703703703 0.22309027777777776 0.625 0.2300347222222222 0.7592592592592593 0.10763888888888887 0.7592592592592593
0 0.22222222222222218 0.6172839506172838 0.34982638888888895 0.6234567901234567 0.3524305555555556 0.7608024691358024 0.23003472222222227 0.7608024691358025
0 0.3506944444444444 0.7561728395061726 0.3498263888888889 0.6080246913580245 0.47916666666666663 0.6111111111111113 0.4774305555555555 0.7561728395061728
0 0.10763888888888887 0.7561728395061726 0.2300347222222222 0.7592592592592593 0.23697916666666663 0.8919753086419754 0.12065972222222224 0.8904320987654322
0 0.23003472222222218 0.7592592592592593 0.3515625 0.7638888888888888 0.35763888888888895 0.8904320987654322 0.23784722222222227 0.8919753086419753
0 0.35329861111111105 0.7546296296296297 0.4774305555555555 0.7592592592592594 0.47743055555555547 0.8919753086419752 0.3576388888888889 0.8888888888888888
0 0.1223958333333333 0.8919753086419753 0.23697916666666666 0.8904320987654323 0.24305555555555552 0.9907407407407407 0.19270833333333337 0.9891975308641975 0.18663194444444448 0.9845679012345678 0.16232638888888892 0.9830246913580247 0.15190972222222227 0.9660493827160493 0.1293402777777778 0.9845679012345678
0 0.23697916666666663 0.8950617283950618 0.3602430555555555 0.8950617283950618 0.36111111111111105 0.9783950617283953 0.24131944444444453 0.9876543209876546
0 0.3602430555555555 0.8888888888888891 0.4800347222222222 0.8888888888888888 0.4826388888888889 0.992283950617284 0.4513888888888889 0.9691358024691361 0.359375 0.9799382716049384
0 0.047743055555555546 0.5385802469135801 0.031249999999999986 0.3580246913580248 0 0.3611111111111111 0 0.54320987654321
0 0.04687499999999999 0.5385802469135801 0.061631944444444434 0.7114197530864197 0 0.7145061728395061 0.0008680555555555506 0.5385802469135802
0 0.060763888888888874 0.714506172839506 0.07204861111111112 0.8688271604938271 0 0.8719135802469136 0 0.7145061728395061
0 0.07378472222222224 0.8734567901234567 0.08333333333333334 0.9969135802469135 0 0.9938271604938274 0 0.8750000000000001