0 0.3385416666666667 0.7160493827160493 0.3472222222222222 0.5370370370370371 0.4774305555555556 0.5432098765432098 0.4739583333333333 0.7145061728395061
0 0.47569444444444453 0.7160493827160493 0.4791666666666667 0.5401234567901234 0.609375 0.5447530864197531 0.6119791666666666 0.7237654320987655
0 0.6111111111111109 0.5447530864197531 0.7378472222222222 0.5462962962962962 0.7447916666666666 0.7191358024691358 0.6119791666666666 0.7222222222222222
0 0.3428819444444444 0.537037037037037 0.3515625 0.36574074074074076 0.4782986111111112 0.3703703703703704 0.4739583333333333 0.5447530864197531
0 0.4748263888888889 0.5416666666666665 0.4765625 0.36574074074074087 0.603298611111111 0.37345679012345673 0.6041666666666666 0.5478395061728396
0 0.6050347222222221 0.5493827160493826 0.603298611111111 0.3734567901234568 0.7291666666666666 0.3750000000000001 0.734375 0.5493827160493827
0 0.3515625 0.3672839506172839 0.35763888888888895 0.20524691358024688 0.4774305555555556 0.2098765432098765 0.4774305555555556 0.37037037037037046
0 0.47916666666666663 0.37191358024691357 0.48090277777777785 0.20987654320987645 0.6015625 0.21604938271604932 0.6059027777777778 0.375
0 0.6059027777777776 0.37345679012345673 0.603298611111111 0.2129629629629629 0.7265625 0.220679012345679 0.7309027777777778 0.37962962962962965
0 0.3576388888888889 0.2067901234567901 0.3619791666666667 0.04938271604938275 0.48177083333333326 0.05092592592592592 0.47916666666666663 0.21604938271604934
0 0.4809027777777778 0.2067901234567901 0.4817708333333333 0.05401234567901233 0.6006944444444445 0.05864197530864196 0.603298611111111 0.21450617283950613
0 0.6032986111111109 0.21450617283950613 0.6015625 0.05555555555555558 0.720486111111111 0.06790123456790122 0.7256944444444444 0.22067901234567905
0 0.7829861111111109 0.13734567901234565 0.7786458333333333 0.026234567901234577 0.96875 0.026234567901234563 0.978298611111111 0.1450617283950617
0 0.7873263888888888 0.13580246913580243 0.978298611111111 0.13425925925925927 0.9878472222222222 0.24845679012345684 0.7916666666666665 0.24845679012345678
0 0.7960069444444443 0.24845679012345678 0.993923611111111 0.25 0.9991319444444444 0.3302469135802469 0.9973958333333334 0.36265432098765427 0.7994791666666666 0.36111111111111116
0 0.8020833333333333 0.3641975308641975 1 0.36265432098765427 0.9991319444444444 0.4799382716049382 0.8072916666666666 0.4830246913580248
0 0.8064236111111112 0.47839506172839513 1 0.47376543209876537 0.9991319444444444 0.595679012345679 0.8090277777777778 0.595679012345679
0 0.8055555555555555 0.595679012345679 1 0.5910493827160495 1 0.7237654320987655 0.8098958333333333 0.7253086419753085