0 0.1067708333333333 0.17438271604938269 0.12065972222222225 0.01697530864197529 0.23437500000000003 0.02469135802469135 0.22395833333333334 0.18209876543209877
0 0.22482638888888884 0.17901234567901234 0.234375 0.015432098765432117 0.34895833333333337 0.02623456790123455 0.3402777777777778 0.18209876543209874
0 0.3411458333333333 0.17592592592592587 0.34982638888888895 0.021604938271604895 0.45920138888888895 0.035493827160493846 0.45572916666666674 0.18518518518518512
0 0.09288194444444443 0.3410493827160493 0.10763888888888888 0.17283950617283947 0.22309027777777782 0.18209876543209874 0.21267361111111116 0.34722222222222227
0 0.21440972222222218 0.3425925925925926 0.2265625 0.1712962962962963 0.3428819444444445 0.18055555555555555 0.3368055555555555 0.35185185185185186
0 0.3394097222222222 0.3472222222222222 0.3446180555555556 0.17592592592592587 0.4583333333333333 0.18827160493827158 0.454861111111111 0.3564814814814815
0 0.08246527777777776 0.5185185185185184 0.09722222222222224 0.3410493827160493 0.21614583333333334 0.34722222222222227 0.20572916666666666 0.5277777777777778
0 0.20659722222222218 0.5216049382716049 0.21788194444444448 0.3441358024691358 0.3368055555555556 0.3518518518518519 0.33072916666666674 0.5277777777777778
0 0.33246527777777773 0.523148148148148 0.3394097222222222 0.34722222222222227 0.45486111111111105 0.35185185185185186 0.4522569444444444 0.5324074074074074
0 0.07465277777777776 0.6388888888888887 0.08420138888888888 0.5231481481481481 0.2048611111111111 0.5277777777777778 0.19878472222222224 0.6404320987654322
0 0.19965277777777776 0.6419753086419754 0.20572916666666666 0.5185185185185184 0.33159722222222227 0.5277777777777777 0.328125 0.6419753086419753
0 0.3272569444444444 0.6404320987654321 0.33246527777777773 0.5277777777777777 0.45486111111111105 0.5324074074074073 0.4513888888888889 0.7052469135802469 0.4123263888888889 0.6419753086419754
0 0.5460069444444445 0.20987654320987656 0.5442708333333334 0.06018518518518521 0.6475694444444444 0.04938271604938273 0.6527777777777778 0.20370370370370366
0 0.6527777777777776 0.20370370370370366 0.6475694444444444 0.047839506172839524 0.7543402777777778 0.04629629629629632 0.763888888888889 0.20216049382716053
0 0.7656249999999999 0.20370370370370366 0.7560763888888891 0.04320987654320987 0.8654513888888891 0.04012345679012349 0.8793402777777778 0.1929012345679012
0 0.5494791666666665 0.36574074074074076 0.545138888888889 0.21296296296296297 0.6519097222222222 0.2083333333333333 0.657986111111111 0.3611111111111111
0 0.6579861111111109 0.3641975308641975 0.654513888888889 0.20370370370370366 0.7656249999999999 0.20216049382716048 0.7743055555555556 0.36111111111111116
0 0.7638888888888888 0.20061728395061726 0.8784722222222224 0.1959876543209876 0.8914930555555556 0.3611111111111111 0.775173611111111 0.3626543209876543
0 0.545138888888889 0.36419753086419754 0.6571180555555556 0.3657407407407407 0.662326388888889 0.5385802469135803 0.5503472222222222 0.5401234567901234
0 0.6588541666666665 0.3611111111111111 0.7760416666666666 0.36111111111111116 0.7829861111111112 0.5231481481481481 0.6614583333333335 0.5308641975308642
0 0.7769097222222221 0.35802469135802467 0.892361111111111 0.35802469135802467 0.9053819444444444 0.529320987654321 0.7821180555555556 0.5246913580246915
0 0.5512152777777778 0.5432098765432098 0.6675347222222222 0.5416666666666666 0.6744791666666666 0.6759259259259258 0.5902777777777779 0.6805555555555556 0.5850694444444445 0.6712962962962963 0.5546875 0.6450617283950618
0 0.6657986111111109 0.5339506172839505 0.7881944444444444 0.5308641975308642 0.7977430555555556 0.6820987654320988 0.6753472222222222 0.6774691358024693
0 0.7890624999999999 0.529320987654321 0.9088541666666666 0.5277777777777777 0.9166666666666665 0.6327160493827161 0.7986111111111112 0.6790123456790124