0 0.23090277777777776 0.4598765432098765 0.3585069444444444 0.4583333333333333 0.3628472222222222 0.6095679012345679 0.2387152777777778 0.6080246913580246
0 0.49045138888888895 0.45370370370370366 0.4930555555555555 0.6064814814814816 0.36371527777777773 0.6080246913580246 0.35763888888888895 0.45987654320987653
0 0.4913194444444445 0.4506172839506172 0.6171875 0.45061728395061723 0.6163194444444444 0.6049382716049383 0.4930555555555556 0.6018518518518519
0 0.23784722222222218 0.6080246913580245 0.3619791666666667 0.6111111111111112 0.3645833333333333 0.7422839506172838 0.2456597222222222 0.7438271604938271
0 0.3628472222222222 0.6064814814814815 0.4904513888888889 0.6064814814814815 0.48958333333333326 0.7515432098765432 0.3654513888888889 0.7469135802469136
0 0.48784722222222227 0.6064814814814815 0.6119791666666666 0.6018518518518519 0.6119791666666666 0.75 0.49045138888888895 0.75
0 0.24652777777777776 0.7422839506172838 0.36805555555555547 0.7453703703703705 0.3706597222222222 0.8796296296296297 0.2534722222222222 0.8811728395061729
0 0.3680555555555555 0.7422839506172838 0.4904513888888888 0.7515432098765431 0.49218749999999994 0.8811728395061728 0.3706597222222222 0.881172839506173
0 0.4904513888888889 0.7484567901234567 0.6102430555555555 0.75 0.6085069444444444 0.882716049382716 0.4930555555555556 0.8811728395061729
0 0.2717013888888889 0.882716049382716 0.3940972222222222 0.8842592592592593 0.3967013888888889 1 0.2795138888888889 1
0 0.3940972222222222 0.8811728395061729 0.5112847222222222 0.882716049382716 0.5104166666666666 1 0.39670138888888895 0.9984567901234569
0 0.5112847222222222 0.8811728395061731 0.6284722222222222 0.8780864197530863 0.6276041666666666 0.9799382716049384 0.5894097222222222 1 0.5112847222222222 1
0 0.7890625 0.4645061728395062 0.7986111111111109 0.30709876543209885 0.9331597222222221 0.30092592592592593 0.9192708333333334 0.4645061728395061
0 0.9201388888888888 0.46604938271604934 0.9305555555555557 0.3024691358024692 1 0.29938271604938266 0.998263888888889 0.46604938271604934
0 0.7760416666666665 0.611111111111111 0.7821180555555556 0.45987654320987653 0.9114583333333334 0.4675925925925926 0.9036458333333334 0.6033950617283951
0 0.9045138888888891 0.6003086419753086 0.9114583333333335 0.4645061728395061 1 0.4675925925925926 1 0.5972222222222222
0 0.767361111111111 0.7469135802469136 0.771701388888889 0.6095679012345679 0.900173611111111 0.6033950617283951 0.8940972222222222 0.7361111111111112
0 0.8940972222222224 0.7391975308641976 0.9027777777777776 0.6018518518518519 1 0.5987654320987654 0.9991319444444445 0.7407407407407407
0 0.7552083333333333 0.8858024691358025 0.7604166666666666 0.7515432098765432 0.881076388888889 0.7515432098765432 0.873263888888889 0.882716049382716
0 0.8741319444444444 0.8811728395061731 0.8828124999999999 0.75 0.9973958333333334 0.7438271604938272 0.9878472222222224 0.8796296296296297
0 0.7560763888888888 0.8873456790123456 0.8723958333333333 0.882716049382716 0.865451388888889 0.9984567901234569 0.7473958333333334 1
0 0.8663194444444443 0.9969135802469137 0.8741319444444445 0.8811728395061729 0.9895833333333335 0.8796296296296297 0.9774305555555556 0.9907407407407407