0 0.7864583333333333 0.9953703703703703 0.790798611111111 0.9336419753086421 0.8541666666666667 0.9351851851851852 0.8480902777777776 1
0 0.8498263888888888 1 0.8550347222222221 0.9336419753086419 0.9184027777777778 0.9367283950617282 0.9131944444444444 1
0 0.982638888888889 0.9367283950617282 0.978298611111111 1 0.9149305555555556 0.9969135802469135 0.9210069444444444 0.9336419753086419
0 0.9843749999999999 0.9367283950617282 1 0.9367283950617282 1 1 0.9782986111111112 0.9969135802469137
0 0.7907986111111109 0.9336419753086419 0.7994791666666666 0.8302469135802468 0.9288194444444445 0.8348765432098765 0.920138888888889 0.9367283950617284
0 0.9218750000000001 0.9336419753086419 0.9296875000000001 0.8317901234567903 0.9965277777777779 0.837962962962963 0.9869791666666665 0.9398148148148148
0 0.8003472222222221 0.8256172839506172 0.8090277777777778 0.7175925925925926 0.8750000000000001 0.7191358024691357 0.865451388888889 0.8348765432098764
0 0.8671875 0.8333333333333334 0.8758680555555556 0.719135802469136 0.9427083333333335 0.7237654320987656 0.9314236111111109 0.8348765432098766
0 0.9322916666666666 0.8271604938271604 0.9444444444444444 0.7191358024691359 1 0.7237654320987655 1 0.8117283950617283 0.9965277777777778 0.8364197530864199
0 0.8098958333333333 0.7191358024691358 0.8194444444444444 0.6018518518518519 0.9557291666666667 0.6049382716049382 0.943576388888889 0.7237654320987655
0 0.9461805555555556 0.7175925925925927 0.9574652777777778 0.601851851851852 1 0.6049382716049383 1 0.7237654320987656
0 0.8203124999999999 0.6033950617283951 0.8289930555555555 0.47376543209876537 0.9019097222222221 0.4737654320987656 0.8932291666666666 0.6033950617283951
0 0.8932291666666665 0.6033950617283951 0.9027777777777779 0.4753086419753087 0.9730902777777778 0.47685185185185175 0.9600694444444445 0.6064814814814815
0 0.9600694444444443 0.6018518518518517 0.974826388888889 0.47376543209876537 1 0.4799382716049382 1 0.6064814814814814