0 0.49739583333333326 0.2700617283950617 0.49826388888888895 0.12499999999999997 0.6137152777777778 0.13425925925925927 0.6145833333333334 0.2746913580246913
0 0.6154513888888888 0.12962962962962962 0.7335069444444444 0.13734567901234562 0.7369791666666665 0.2808641975308642 0.6163194444444444 0.271604938271605
0 0.7343749999999999 0.1388888888888889 0.845486111111111 0.14660493827160498 0.8567708333333334 0.28395061728395066 0.7378472222222222 0.2824074074074074
0 0.4930555555555555 0.412037037037037 0.49565972222222227 0.26851851851851855 0.6163194444444444 0.27469135802469136 0.6171875 0.41512345679012347
0 0.6154513888888888 0.412037037037037 0.6163194444444444 0.26697530864197533 0.7369791666666666 0.2793209876543209 0.7421875 0.41820987654320985
0 0.7413194444444443 0.4182098765432098 0.736111111111111 0.28086419753086417 0.8567708333333334 0.2839506172839506 0.8628472222222224 0.4228395061728394
0 0.4913194444444445 0.5648148148148148 0.49305555555555547 0.4074074074074074 0.615451388888889 0.4135802469135802 0.618923611111111 0.5663580246913581
0 0.6171874999999999 0.5648148148148148 0.6163194444444444 0.4135802469135801 0.7395833333333335 0.41820987654320985 0.7465277777777778 0.5632716049382717
0 0.7465277777777779 0.5663580246913581 0.7395833333333334 0.4166666666666667 0.861111111111111 0.4197530864197531 0.8706597222222222 0.5679012345679013
0 0.4913194444444445 0.5632716049382716 0.6180555555555556 0.5632716049382717 0.6215277777777778 0.70679012345679 0.49045138888888895 0.6944444444444443
0 0.6189236111111109 0.5648148148148148 0.7465277777777779 0.5648148148148148 0.7543402777777778 0.7145061728395062 0.6197916666666666 0.7067901234567903
0 0.7456597222222221 0.5679012345679012 0.8706597222222222 0.566358024691358 0.8802083333333335 0.7160493827160493 0.7534722222222222 0.7145061728395061
0 0.9071180555555555 0.22530864197530862 0.8958333333333334 0.0740740740740741 1 0.07561728395061736 1 0.22067901234567905
0 0.9088541666666665 0.22530864197530862 1 0.22376543209876534 0.9991319444444444 0.38734567901234573 0.9166666666666666 0.3858024691358025
0 0.9184027777777776 0.38580246913580246 1 0.3858024691358025 1 0.54320987654321 0.9305555555555557 0.5447530864197532
0 0.9331597222222222 0.5478395061728395 1 0.5462962962962963 0.9982638888888891 0.6697530864197532 0.9383680555555557 0.6512345679012346
1 0.3081070181472177 0.48657622719244764 0.3101923448351853 0.4105776545642938 0.24606854918018062 0.408724030841656 0.24346189082022107 0.4856494153311286
1 0.3086283498192097 0.4847226034698098 0.31071367650717735 0.40965084270297486 0.37535880383417397 0.4124312782869317 0.3737948088181981 0.48842985091508534
1 0.37379480881819815 0.4893566627764044 0.3753588038341738 0.41057765456429385 0.4170653375935265 0.41613852573220755 0.41602267424954265 0.4930639102216802
1 0.24189789580424537 0.48657622719244764 0.30914968149120153 0.48842985091508545 0.30654302313124193 0.5625747998206013 0.2392912374442858 0.5597943642366444
1 0.30914968149120153 0.4856494153311287 0.3758801355061658 0.48842985091508545 0.37379480881819804 0.5662820472658772 0.30602169145925007 0.5607211760979635
1 0.37483747216218194 0.4893566627764044 0.4155013425775508 0.4912102864990423 0.41445867923356694 0.5662820472658772 0.3732734771462062 0.5653552354045582
1 0.23876990577229396 0.5625747998206013 0.30602169145925007 0.5644284235432392 0.30341503309929047 0.6422806198940307 0.23459925239635865 0.6413538080327119
1 0.30654302313124204 0.5635016116819203 0.3732734771462062 0.5662820472658772 0.37223081380222234 0.6450610554779876 0.30393636477128244 0.6432074317553497
1 0.37379480881819815 0.5644284235432392 0.41498001090555886 0.5653552354045581 0.4118520208736074 0.6469146792006254 0.3717094821302304 0.6441342436166687
1 0.23616324741233438 0.6413538080327118 0.3028937014272986 0.6422806198940307 0.29976571139534713 0.7256936874127362 0.23199259403639907 0.7229132518287793
1 0.30393636477128244 0.6441342436166687 0.37118815045823855 0.6459878673393066 0.3680601604262871 0.7256936874127361 0.300808374739331 0.7238400636900982
1 0.3680601604262871 0.7238400636900982 0.3717094821302304 0.6450610554779876 0.4134160158895831 0.6459878673393066 0.41289468421759123 0.7256936874127361
1 0.2319925940363991 0.7238400636900982 0.2992443797233552 0.7238400636900982 0.2982017163793715 0.8109603786540793 0.22834327233245574 0.8109603786540793
1 0.3002870430673391 0.7238400636900982 0.3675388287542952 0.726620499274055 0.3659748337383195 0.8100335667927604 0.2982017163793715 0.8100335667927604
1 0.36701749708230336 0.7238400636900982 0.4134160158895831 0.7247668755514171 0.40924536251364785 0.8118871905153981 0.3649321703943357 0.8100335667927604