0 0.13107638888888887 0.46759259259259256 0.26388888888888884 0.4691358024691358 0.2708333333333333 0.6249999999999999 0.13888888888888887 0.6296296296296297
0 0.14322916666666663 0.6280864197530864 0.2743055555555555 0.6311728395061728 0.2795138888888889 0.7731481481481481 0.15190972222222224 0.7731481481481483
0 0.1527777777777778 0.7762345679012345 0.2786458333333333 0.7762345679012345 0.28472222222222215 0.9058641975308641 0.16319444444444448 0.9089506172839507
0 0.15885416666666663 0.9089506172839507 0.28038194444444436 0.9074074074074074 0.2838541666666667 1 0.16145833333333334 1
0 0.26562499999999994 0.470679012345679 0.4010416666666667 0.46296296296296297 0.40277777777777773 0.6172839506172838 0.2734375 0.6234567901234568
0 0.2725694444444444 0.6280864197530864 0.4019097222222222 0.6203703703703705 0.4053819444444445 0.7608024691358026 0.2769097222222222 0.7700617283950619
0 0.2786458333333333 0.7669753086419753 0.40798611111111105 0.7654320987654322 0.40798611111111105 0.9012345679012346 0.2838541666666667 0.9058641975308641
0 0.2795138888888889 0.9058641975308641 0.4053819444444445 0.8981481481481484 0.4088541666666667 1 0.28385416666666674 1
0 0.4010416666666667 0.46604938271604934 0.5260416666666666 0.4614197530864198 0.5286458333333334 0.6126543209876543 0.4027777777777778 0.6203703703703703
0 0.4019097222222222 0.6188271604938271 0.5286458333333334 0.6126543209876542 0.5286458333333333 0.7561728395061728 0.4079861111111111 0.7654320987654321
0 0.4071180555555555 0.7623456790123456 0.5303819444444444 0.7546296296296298 0.529513888888889 0.8873456790123456 0.40885416666666674 0.8935185185185185
0 0.40625 0.8935185185185185 0.5243055555555556 0.8858024691358027 0.5260416666666666 1 0.4088541666666667 0.9984567901234567
0 0.03559027777777777 0.9305555555555556 0.042534722222222224 0.9953703703703703 0 0.9969135802469137 0.0017361111111111123 0.9305555555555556
0 0.03211805555555555 0.8626543209876544 0.03385416666666665 0.9320987654320989 0 0.9305555555555556 2.2204460492503132e-17 0.8595679012345678
0 0.0251736111111111 0.7839506172839507 0.0295138888888889 0.858024691358025 0 0.8611111111111112 1.4802973661668754e-17 0.7839506172839508
0 0.578125 0.5185185185185185 0.5772569444444445 0.3441358024691359 0.6935763888888888 0.3441358024691359 0.6901041666666665 0.5154320987654321
0 0.6935763888888888 0.5169753086419753 0.6927083333333335 0.3410493827160494 0.8116319444444445 0.33950617283950624 0.8046875 0.5108024691358024
0 0.806423611111111 0.5123456790123456 0.8124999999999999 0.3395061728395062 0.9253472222222222 0.33179012345679015 0.9175347222222222 0.5092592592592593
0 0.578125 0.5169753086419753 0.6909722222222222 0.5169753086419754 0.6883680555555555 0.6774691358024691 0.5772569444444444 0.6728395061728395
0 0.6918402777777778 0.5169753086419753 0.8055555555555556 0.5154320987654321 0.795138888888889 0.6712962962962963 0.6857638888888888 0.6743827160493827
0 0.8055555555555555 0.5123456790123456 0.9166666666666665 0.5092592592592594 0.9062499999999999 0.6697530864197532 0.7968749999999999 0.6728395061728395
0 0.5789930555555555 0.6728395061728395 0.6848958333333334 0.6728395061728394 0.6831597222222222 0.8209876543209879 0.5781250000000001 0.8225308641975307
0 0.6874999999999999 0.6743827160493826 0.796875 0.675925925925926 0.7881944444444445 0.8256172839506174 0.6840277777777779 0.8225308641975307
0 0.7907986111111113 0.8194444444444446 0.7968750000000001 0.6743827160493827 0.9045138888888891 0.6682098765432098 0.8958333333333333 0.820987654320988
0 0.5789930555555555 0.8240740740740741 0.6822916666666665 0.8240740740740741 0.6788194444444445 0.9583333333333336 0.5772569444444444 0.9166666666666667
0 0.6831597222222221 0.8225308641975307 0.7890625 0.8256172839506174 0.7821180555555556 0.9629629629629629 0.681423611111111 0.9537037037037037
0 0.7916666666666665 0.8225308641975307 0.8958333333333334 0.8240740740740741 0.8906249999999999 0.9645061728395065 0.8663194444444444 0.9768518518518519 0.7847222222222221 0.9706790123456788