0 0.3784722222222222 0.5385802469135801 0.37500000000000006 0.35493827160493824 0.49999999999999994 0.3487654320987655 0.5008680555555556 0.5339506172839505
0 0.49999999999999994 0.5308641975308641 0.49826388888888895 0.3472222222222222 0.623263888888889 0.3441358024691359 0.6206597222222222 0.529320987654321
0 0.6206597222222222 0.529320987654321 0.6215277777777778 0.34413580246913583 0.7456597222222222 0.33796296296296297 0.736111111111111 0.5262345679012345
0 0.37847222222222227 0.5370370370370371 0.4991319444444446 0.5339506172839507 0.5017361111111112 0.7052469135802469 0.3836805555555556 0.7098765432098766
0 0.5008680555555556 0.5293209876543209 0.618923611111111 0.5324074074074074 0.6180555555555556 0.7006172839506172 0.5008680555555556 0.7052469135802468
0 0.6206597222222222 0.529320987654321 0.7369791666666666 0.5246913580246914 0.7300347222222221 0.6959876543209876 0.6163194444444443 0.6990740740740741
0 0.3862847222222222 0.7129629629629629 0.5026041666666666 0.7052469135802468 0.5026041666666665 0.8688271604938271 0.39149305555555547 0.8719135802469137
0 0.5008680555555556 0.7006172839506172 0.6206597222222222 0.7006172839506172 0.6145833333333334 0.8703703703703706 0.5017361111111112 0.8734567901234568
0 0.6189236111111109 0.6990740740740741 0.7343750000000001 0.6959876543209875 0.7248263888888888 0.8580246913580247 0.6102430555555556 0.8657407407407407
0 0.3854166666666667 0.8703703703703703 0.49999999999999994 0.8672839506172841 0.5 0.9737654320987655 0.38888888888888895 0.9799382716049382
0 0.49999999999999994 0.867283950617284 0.611111111111111 0.8672839506172839 0.611111111111111 0.9660493827160493 0.4982638888888888 0.9737654320987655
0 0.6128472222222222 0.8626543209876544 0.7239583333333334 0.8611111111111112 0.7213541666666666 1 0.7144097222222222 1 0.6831597222222222 0.9598765432098766 0.6102430555555556 0.9645061728395062
0 0.7855902777777776 0.6018518518518519 0.7925347222222222 0.45524691358024677 0.920138888888889 0.45061728395061723 0.9097222222222221 0.6033950617283951
0 0.7760416666666666 0.7422839506172839 0.7821180555555556 0.6018518518518519 0.9071180555555557 0.6018518518518519 0.8967013888888891 0.7469135802469136
0 0.7664930555555555 0.8719135802469137 0.7708333333333334 0.7422839506172839 0.8932291666666666 0.7469135802469136 0.8836805555555556 0.8765432098765433
0 0.7586805555555556 0.9598765432098766 0.7656250000000001 0.875 0.8819444444444443 0.8750000000000001 0.8758680555555555 0.964506172839506 0.8090277777777776 0.9645061728395062 0.7890624999999999 0.9490740740740741
0 0.9105902777777776 0.603395061728395 0.9201388888888891 0.4506172839506171 1 0.44907407407407407 1 0.5987654320987654
0 0.8967013888888888 0.7469135802469135 0.9071180555555556 0.6003086419753086 1 0.6003086419753085 0.9999999999999999 0.7515432098765432
0 0.8845486111111109 0.8780864197530863 0.8940972222222221 0.7469135802469136 1 0.7515432098765432 0.9965277777777779 0.8719135802469137
0 0.8784722222222224 0.9675925925925926 0.8845486111111112 0.8796296296296297 1 0.8765432098765433 0.9982638888888891 0.9598765432098768
0 0.058159722222222224 0.566358024691358 0.04253472222222222 0.4274691358024691 0 0.42901234567901236 0.0008680555555555469 0.5709876543209877
0 0.05902777777777776 0.5694444444444444 0.04513888888888888 0.4274691358024692 0.1796875 0.43209876543209874 0.1892361111111111 0.566358024691358
0 0.05729166666666665 0.5648148148148148 0.17534722222222227 0.5679012345679013 0.18402777777777776 0.6913580246913579 0 0.6975308641975309 0 0.5709876543209876
0 0.06336805555555554 0.6898148148148148 0.1883680555555556 0.691358024691358 0.1970486111111111 0.8132716049382716 0.07291666666666669 0.8209876543209877
0 0.06423611111111109 0.6929012345679012 0.07378472222222224 0.8209876543209877 0.0008680555555555654 0.8209876543209876 0.0008680555555555654 0.6959876543209876
0 0.016493055555555535 0.8194444444444444 0.19531249999999997 0.8148148148148148 0.20138888888888887 0.9274691358024693 0.02604166666666668 0.9336419753086418
0 0.016493055555555542 0.8179012345679012 0.02430555555555555 0.9320987654320988 0 0.9320987654320988 0.0017361111111111086 0.8194444444444444
0 0.08680555555555554 0.9274691358024693 0.2109375 0.9259259259259259 0.21614583333333334 1 0.0920138888888889 0.9907407407407407
0 0.08940972222222224 0.9274691358024693 0.09375 0.9969135802469137 0 0.9984567901234567 0.001736111111111116 0.9320987654320988