0 0.06857638888888887 0.34413580246913583 0.18836805555555552 0.3487654320987655 0.19704861111111108 0.5216049382716049 0.08159722222222224 0.5185185185185185
0 0.18836805555555552 0.35030864197530864 0.3020833333333333 0.35339506172839513 0.3098958333333333 0.5262345679012346 0.19444444444444448 0.5200617283950617
0 0.3038194444444444 0.35030864197530864 0.41753472222222227 0.3487654320987655 0.4227430555555556 0.5216049382716049 0.3098958333333333 0.5277777777777778
0 0.0833333333333333 0.5169753086419753 0.19965277777777776 0.5216049382716049 0.20659722222222224 0.6805555555555557 0.10243055555555557 0.683641975308642
0 0.1987847222222222 0.5231481481481481 0.30902777777777773 0.5246913580246914 0.3151041666666667 0.683641975308642 0.20572916666666663 0.6820987654320987
0 0.3098958333333333 0.5262345679012345 0.4210069444444445 0.5200617283950616 0.4279513888888889 0.6898148148148148 0.3151041666666667 0.6882716049382717
0 0.0972222222222222 0.6867283950617282 0.20833333333333331 0.6851851851851851 0.21701388888888887 0.8333333333333334 0.11111111111111108 0.8333333333333334
0 0.20920138888888884 0.6836419753086419 0.3151041666666667 0.6851851851851852 0.32638888888888895 0.8364197530864197 0.21788194444444453 0.8364197530864197
0 0.31684027777777773 0.6851851851851852 0.4279513888888888 0.6882716049382718 0.4314236111111111 0.8410493827160493 0.32638888888888895 0.8425925925925926
0 0.1145833333333333 0.8333333333333334 0.21875 0.8348765432098765 0.2300347222222222 0.9706790123456788 0.1232638888888889 0.9675925925925926
0 0.21874999999999997 0.8348765432098766 0.3263888888888889 0.8395061728395062 0.33767361111111105 0.9614197530864199 0.23003472222222227 0.9645061728395065
0 0.3263888888888889 0.8425925925925926 0.4331597222222222 0.8425925925925926 0.4366319444444444 0.9675925925925926 0.3359375 0.9614197530864197
0 0.5807291666666665 0.5725308641975309 0.5850694444444445 0.3996913580246914 0.7152777777777778 0.39814814814814814 0.7100694444444444 0.5694444444444444
0 0.7118055555555556 0.5679012345679012 0.7178819444444444 0.39043209876543217 0.8524305555555557 0.396604938271605 0.842013888888889 0.5679012345679013
0 0.8420138888888888 0.5648148148148148 0.8524305555555556 0.39197530864197533 0.982638888888889 0.3827160493827161 0.9696180555555557 0.5555555555555556
0 0.5842013888888888 0.5725308641975307 0.712673611111111 0.5694444444444444 0.7065972222222222 0.7299382716049382 0.5807291666666666 0.734567901234568
0 0.7118055555555555 0.5648148148148148 0.8411458333333334 0.5632716049382718 0.8315972222222222 0.726851851851852 0.7057291666666667 0.7299382716049384
0 0.8307291666666665 0.7253086419753085 0.842013888888889 0.5617283950617283 0.9670138888888891 0.5555555555555556 0.9539930555555557 0.7191358024691358
0 0.5807291666666665 0.7345679012345678 0.7057291666666667 0.7299382716049383 0.697048611111111 0.8765432098765433 0.5789930555555556 0.8842592592592593
0 0.7039930555555555 0.7314814814814815 0.828125 0.7268518518518519 0.8177083333333334 0.875 0.6961805555555555 0.8780864197530862
0 0.8263888888888888 0.7222222222222222 0.9479166666666666 0.7175925925925927 0.9383680555555556 0.8657407407407407 0.8177083333333334 0.875
0 0.5781249999999999 0.8796296296296297 0.6961805555555556 0.8796296296296297 0.6927083333333335 1 0.5789930555555557 1
0 0.6970486111111109 0.8780864197530863 0.8159722222222222 0.8796296296296297 0.8081597222222222 1 0.689236111111111 1
0 0.8177083333333333 0.8765432098765433 0.9348958333333333 0.8657407407407408 0.9227430555555557 0.9984567901234567 0.8081597222222221 1
0 0.032118055555555546 0.8966049382716049 0.04340277777777778 1 0 1 0 0.8966049382716048
0 0.030381944444444427 0.8935185185185185 0.01649305555555556 0.7623456790123457 1.1102230246251566e-17 0.7654320987654322 0 0.8935185185185185