0 0.5850694444444444 0.5416666666666666 0.71875 0.5478395061728395 0.7239583333333334 0.6774691358024693 0.5850694444444445 0.6188271604938272
0 0.7187499999999999 0.5432098765432097 0.8524305555555556 0.5509259259259259 0.8602430555555556 0.6790123456790124 0.724826388888889 0.6790123456790124
0 0.8524305555555555 0.5509259259259259 0.9756944444444444 0.5540123456790123 0.9921875 0.6990740740740741 0.9670138888888888 0.6697530864197532 0.8602430555555555 0.6743827160493827
0 0.579861111111111 0.3904320987654321 0.7083333333333334 0.3950617283950617 0.7161458333333334 0.5478395061728395 0.5850694444444445 0.5447530864197532
0 0.7092013888888888 0.39506172839506176 0.8350694444444444 0.396604938271605 0.8472222222222222 0.5493827160493827 0.717013888888889 0.5462962962962963
0 0.8368055555555555 0.39969135802469136 0.9583333333333334 0.4027777777777778 0.9739583333333335 0.5524691358024691 0.8489583333333335 0.550925925925926
0 0.579861111111111 0.24074074074074073 0.7022569444444444 0.24845679012345678 0.709201388888889 0.3950617283950617 0.5789930555555556 0.3919753086419753
0 0.7031249999999999 0.24845679012345678 0.826388888888889 0.25308641975308643 0.8368055555555556 0.3950617283950617 0.709201388888889 0.39197530864197533
0 0.8272569444444443 0.25154320987654316 0.9461805555555556 0.25771604938271603 0.959201388888889 0.4027777777777778 0.8368055555555556 0.3966049382716049
0 0.5824652777777779 0.23919753086419746 0.5789930555555556 0.10648148148148148 0.6987847222222222 0.11111111111111116 0.7039930555555556 0.25
0 0.7031249999999999 0.24691358024691354 0.6987847222222222 0.10956790123456793 0.8194444444444444 0.11265432098765434 0.826388888888889 0.25154320987654316
0 0.8263888888888888 0.24691358024691354 0.8194444444444444 0.11419753086419751 0.9340277777777778 0.11882716049382722 0.9461805555555556 0.2561728395061728
0 0.11545138888888887 0.5617283950617282 0.3046875 0.566358024691358 0.30295138888888895 0.6944444444444443 0.11197916666666667 0.6944444444444444 0.14149305555555555 0.6496913580246914 0.1102430555555556 0.6388888888888888
0 0.3055555555555555 0.5663580246913579 0.49305555555555547 0.5709876543209875 0.4930555555555556 0.6712962962962963 0.4852430555555556 0.6651234567901234 0.43315972222222227 0.6836419753086419 0.36718750000000006 0.6990740740740741 0.30295138888888895 0.6975308641975307
0 0.1163194444444444 0.5570987654320986 0.1284722222222222 0.4166666666666667 0.3107638888888888 0.41820987654320996 0.3055555555555556 0.566358024691358
0 0.3055555555555555 0.5663580246913579 0.3107638888888889 0.41820987654320996 0.4956597222222222 0.41975308641975323 0.49479166666666663 0.5709876543209875
0 0.1362847222222222 0.41975308641975306 0.14583333333333334 0.2762345679012346 0.3255208333333333 0.2854938271604938 0.3203125 0.4212962962962963
0 0.3203125 0.41975308641975306 0.32465277777777773 0.28395061728395066 0.5043402777777779 0.28395061728395066 0.5034722222222222 0.4228395061728395
0 0.1484375 0.27777777777777773 0.15711805555555555 0.14814814814814814 0.33246527777777773 0.15123456790123452 0.3289930555555556 0.2839506172839506
0 0.3307291666666667 0.2901234567901234 0.33420138888888895 0.1496913580246913 0.5052083333333333 0.15277777777777773 0.5060763888888888 0.28549382716049376
0 0.15885416666666663 0.15123456790123455 0.16493055555555555 0.02932098765432098 0.3333333333333333 0.02469135802469135 0.32986111111111105 0.14814814814814814
0 0.33420138888888895 0.1419753086419753 0.3368055555555555 0.020061728395061734 0.5052083333333334 0.02932098765432098 0.5052083333333334 0.15123456790123457