0 0.04774305555555554 0.37962962962962965 0.17708333333333334 0.37345679012345673 0.19010416666666666 0.5617283950617283 0.06944444444444446 0.5648148148148148
0 0.1753472222222222 0.375 0.3029513888888888 0.3734567901234568 0.3151041666666667 0.5570987654320988 0.1909722222222222 0.5663580246913581
0 0.3038194444444444 0.37037037037037035 0.43142361111111105 0.3641975308641975 0.4383680555555556 0.5540123456790123 0.31510416666666674 0.5570987654320988
0 0.06336805555555555 0.5648148148148147 0.1875 0.5617283950617284 0.20486111111111116 0.7345679012345679 0.0842013888888889 0.7361111111111112
0 0.19010416666666663 0.5601851851851851 0.3125 0.5555555555555556 0.3229166666666667 0.7237654320987655 0.20572916666666666 0.7330246913580246
0 0.3151041666666667 0.5555555555555555 0.4348958333333333 0.5493827160493827 0.43923611111111105 0.7237654320987655 0.3246527777777778 0.7268518518518517
0 0.08506944444444443 0.736111111111111 0.20052083333333334 0.7314814814814815 0.2144097222222222 0.8873456790123456 0.10069444444444446 0.8935185185185185
0 0.20399305555555555 0.7314814814814815 0.3203125 0.7222222222222222 0.3298611111111111 0.8811728395061728 0.2144097222222222 0.8873456790123458
0 0.32204861111111105 0.7253086419753084 0.4366319444444444 0.7191358024691359 0.4409722222222222 0.8750000000000001 0.3307291666666667 0.8796296296296298
0 0.10243055555555557 0.8919753086419753 0.2109375 0.888888888888889 0.2178819444444445 0.9814814814814815 0.1102430555555556 0.9861111111111112
0 0.2126736111111111 0.8858024691358023 0.3289930555555556 0.8842592592592592 0.3315972222222222 0.9783950617283951 0.21961805555555552 0.9814814814814817
0 0.32986111111111105 0.882716049382716 0.4409722222222222 0.8765432098765433 0.44010416666666663 0.9938271604938274 0.3307291666666667 0.9799382716049384
0 0.023437500000000007 0.902777777777778 0.03385416666666667 1 0 1 0 0.9027777777777778
0 0.5703125 0.41203703703703703 0.5729166666666666 0.3117283950617284 0.6484375 0.31327160493827166 0.646701388888889 0.4104938271604939
0 0.6484374999999999 0.41203703703703703 0.646701388888889 0.31327160493827166 0.7256944444444444 0.31018518518518523 0.724826388888889 0.4058641975308641
0 0.7248263888888888 0.4058641975308641 0.7274305555555556 0.3101851851851851 0.8046875 0.31172839506172834 0.802951388888889 0.4074074074074075
0 0.802951388888889 0.4074074074074075 0.8055555555555556 0.3070987654320988 0.8845486111111112 0.30709876543209885 0.881076388888889 0.4027777777777779
0 0.8810763888888888 0.3996913580246913 0.8862847222222221 0.3024691358024691 0.9600694444444445 0.30709876543209874 0.9505208333333334 0.4027777777777779
0 0.5668402777777779 0.5046296296296297 0.568576388888889 0.41666666666666685 0.6458333333333334 0.4135802469135803 0.6432291666666666 0.507716049382716
0 0.6440972222222221 0.4999999999999999 0.6449652777777778 0.4074074074074075 0.7239583333333334 0.4089506172839506 0.7196180555555557 0.5030864197530863
0 0.7196180555555555 0.4999999999999999 0.7230902777777778 0.4074074074074075 0.7994791666666666 0.40740740740740744 0.7960069444444444 0.5030864197530864
0 0.796875 0.49845679012345673 0.8003472222222222 0.404320987654321 0.8793402777777778 0.4058641975308642 0.8741319444444443 0.5
0 0.8758680555555555 0.49537037037037024 0.8802083333333334 0.40123456790123463 0.953125 0.4027777777777779 0.9444444444444444 0.4969135802469137
0 0.5659722222222221 0.5925925925925924 0.5651041666666666 0.5015432098765433 0.6432291666666666 0.5092592592592593 0.640625 0.5941358024691359
0 0.6414930555555555 0.595679012345679 0.6432291666666666 0.5046296296296295 0.71875 0.5061728395061729 0.7161458333333334 0.5972222222222221
0 0.7161458333333333 0.595679012345679 0.71875 0.5015432098765432 0.7951388888888888 0.5046296296296297 0.790798611111111 0.5972222222222223
0 0.7925347222222221 0.5925925925925924 0.796875 0.49691358024691357 0.8697916666666665 0.49691358024691357 0.8637152777777779 0.5910493827160493
0 0.8663194444444443 0.5879629629629629 0.8715277777777778 0.492283950617284 0.9435763888888891 0.4969135802469137 0.9348958333333333 0.5848765432098766
0 0.564236111111111 0.5910493827160493 0.638888888888889 0.5925925925925924 0.6362847222222222 0.6851851851851851 0.5633680555555556 0.6790123456790124
0 0.6397569444444443 0.5925925925925924 0.7152777777777778 0.595679012345679 0.7109375 0.6851851851851852 0.6371527777777778 0.683641975308642
0 0.7118055555555555 0.6836419753086419 0.7161458333333334 0.5925925925925926 0.7890625 0.5925925925925924 0.7838541666666666 0.6820987654320988
0 0.7847222222222222 0.677469135802469 0.7890625 0.5879629629629629 0.8637152777777778 0.5864197530864197 0.8602430555555556 0.6759259259259259
0 0.8602430555555555 0.6759259259259258 0.8645833333333334 0.5864197530864197 0.9374999999999999 0.5895061728395062 0.9296875 0.6790123456790124
0 0.5616319444444444 0.7638888888888887 0.5625 0.6820987654320988 0.6354166666666666 0.6882716049382716 0.6328125 0.7700617283950618
0 0.6354166666666666 0.7654320987654322 0.6371527777777778 0.683641975308642 0.7109375 0.6851851851851851 0.7065972222222222 0.7700617283950618
0 0.7092013888888888 0.7654320987654321 0.7118055555555556 0.6836419753086419 0.7838541666666666 0.6820987654320987 0.779513888888889 0.7685185185185184
0 0.78125 0.7654320987654321 0.7847222222222221 0.6774691358024693 0.8602430555555555 0.6805555555555556 0.8541666666666667 0.7638888888888888
0 0.8550347222222221 0.7608024691358024 0.8619791666666666 0.6743827160493827 0.9279513888888891 0.6712962962962962 0.9210069444444445 0.7623456790123456
0 0.5590277777777778 0.8472222222222222 0.5625 0.7654320987654323 0.6336805555555555 0.7669753086419753 0.6328124999999999 0.8503086419753088
0 0.6328125 0.8472222222222224 0.634548611111111 0.7654320987654323 0.7065972222222222 0.7700617283950617 0.7022569444444444 0.8487654320987655
0 0.7039930555555556 0.845679012345679 0.7074652777777778 0.7669753086419755 0.7803819444444445 0.7669753086419755 0.7769097222222221 0.8487654320987655
0 0.7777777777777776 0.8472222222222222 0.7812500000000001 0.7669753086419754 0.8506944444444444 0.763888888888889 0.8472222222222222 0.8425925925925926
0 0.8463541666666667 0.8379629629629629 0.8515625000000001 0.7608024691358026 0.9192708333333335 0.7592592592592592 0.9149305555555557 0.8379629629629629
0 0.5598958333333334 0.9228395061728396 0.5590277777777779 0.8425925925925926 0.631076388888889 0.8472222222222223 0.6284722222222222 0.9243827160493828
0 0.6284722222222222 0.9212962962962965 0.6328125 0.8441358024691358 0.703125 0.8472222222222222 0.6979166666666665 0.9228395061728394
0 0.6987847222222222 0.9197530864197532 0.7039930555555556 0.845679012345679 0.7769097222222222 0.8472222222222223 0.7699652777777778 0.9259259259259262
0 0.771701388888889 0.9212962962962963 0.7777777777777776 0.8472222222222224 0.8454861111111112 0.8441358024691359 0.8394097222222222 0.9197530864197532
0 0.8420138888888888 0.9135802469135803 0.8463541666666665 0.837962962962963 0.9140625000000001 0.8364197530864197 0.90625 0.9151234567901236
0 0.5555555555555555 0.9953703703703703 0.5555555555555556 0.9197530864197531 0.6258680555555556 0.9228395061728396 0.6241319444444444 0.9984567901234567
0 0.625 0.9922839506172838 0.626736111111111 0.9182098765432097 0.6979166666666666 0.9197530864197531 0.6953125 0.9984567901234567
0 0.6944444444444445 0.9938271604938271 0.6970486111111112 0.9197530864197532 0.7690972222222222 0.9228395061728396 0.765625 0.9969135802469135
0 0.7664930555555555 0.9953703703703703 0.7699652777777776 0.9197530864197531 0.837673611111111 0.9166666666666669 0.8333333333333334 0.9969135802469137
0 0.8342013888888888 0.9953703703703703 0.8385416666666666 0.9120370370370372 0.904513888888889 0.9151234567901236 0.9001736111111109 0.992283950617284
0 0.9565972222222221 0.9830246913580245 0.9696180555555555 0.8919753086419753 1 0.8919753086419754 1 0.9876543209876542
0 0.9696180555555555 0.8935185185185185 0.978298611111111 0.7962962962962964 1 0.7962962962962964 1 0.896604938271605