1 0.30200113346275903 0.5566780379854078 0.30422718604356563 0.47357207496862896 0.3732348160485695 0.4748912172387365 0.37026674594082737 0.552720611175085
1 0.37100876346776296 0.5566780379854078 0.37397683357550504 0.47357207496862896 0.43853235841889576 0.4775295017789517 0.43704832336502464 0.5566780379854077
1 0.43630630583808916 0.5566780379854077 0.43853235841889576 0.4748912172387365 0.5030878832622865 0.4775295017789518 0.503829900789222 0.5566780379854078
1 0.30125911593582355 0.5540397534451926 0.3687827108869564 0.5553588957153003 0.3672986758330853 0.6345074319217563 0.29829104582808136 0.6345074319217563
1 0.36952472841389195 0.5540397534451926 0.43630630583808916 0.552720611175085 0.4363063058380892 0.6331882896516488 0.3650726232522787 0.6331882896516488
1 0.4363063058380892 0.5540397534451926 0.5045719183161574 0.5566780379854078 0.5030878832622865 0.6371457164619716 0.4355642883111537 0.6345074319217563
1 0.29903306335501695 0.6345074319217563 0.36729867583308534 0.635826574191864 0.36433060572534326 0.7189325372086428 0.29606499324727487 0.7149751103983201
1 0.3665566583061498 0.6345074319217564 0.4363063058380892 0.635826574191864 0.4333382357303471 0.7189325372086428 0.3628465706714722 0.7176133949385353
1 0.43408025325728267 0.6331882896516489 0.5030878832622865 0.6358265741918641 0.502345865735351 0.7189325372086428 0.4333382357303471 0.7149751103983201
1 0.29383894066646826 0.7149751103983201 0.3650726232522787 0.7202516794787506 0.36284657067147214 0.7624642321221936 0.29309692313953273 0.7598259475819784
1 0.3665566583061498 0.7162942526684277 0.43556428831115374 0.7176133949385353 0.4363063058380892 0.7690599434727317 0.36210455314453666 0.7637833743923012
1 0.4363063058380892 0.7162942526684277 0.5053139358430931 0.7228899640189657 0.5060559533700286 0.8033576424955293 0.48305341003502733 0.7651025166624089 0.43482227078421815 0.7664216589325166
1 0.785796561024722 0.4959974935604582 0.7835705084439153 0.4234446687045401 0.8496100683411771 0.4260829532447552 0.8533201559758548 0.49995492037078093
1 0.8540621735027903 0.49995492037078104 0.8481260332873061 0.42740209551486286 0.9149076107115035 0.430040380055078 0.9178756808192454 0.5012740626408885
1 0.9193597158731166 0.4986357781006734 0.9163916457653745 0.4260829532447552 0.9764950654471519 0.4287212377849704 0.9837696568777009 0.5025932049109961
1 0.7945551875091419 0.49731663583056585 0.8895334309568892 0.4986357781006733 0.8932435185915668 0.5738268874968065 0.7997493101976906 0.5698694606864839
1 0.8939855361185024 0.49995492037078093 0.983769656877701 0.5012740626408885 0.9852536919315721 0.5144654853419647 0.9756074640814102 0.5210611966925027 0.9793175517160878 0.5764651720370217 0.8969536062262444 0.572507745226699
1 0.7923291349283353 0.5711886029565915 0.8591107123525324 0.5738268874968065 0.8628207999872103 0.6490179968929399 0.7945551875091419 0.6490179968929398
1 0.8628207999872103 0.5698694606864839 0.928860359884472 0.572507745226699 0.9347965000999563 0.6411031432722943 0.9229242196689879 0.6490179968929398 0.8643048350410812 0.6490179968929399
1 0.9310864124652787 0.5764651720370219 0.9800595692430235 0.5777843143071295 0.9859957094585075 0.6516562814331551 0.9362805351538273 0.6529754237032628
1 0.799007292670755 0.6542945659733703 0.8939855361185024 0.6529754237032628 0.899179658807051 0.7308048176396114 0.7990072926707549 0.7281665330993962
1 0.9058578165494708 0.6529754237032628 0.9874797445123783 0.6542945659733703 0.994899919781734 0.7347622444499342 0.9095679041841486 0.7294856753695036
1 0.7997493101976906 0.7294856753695037 0.8672729051488234 0.7308048176396112 0.8687569402026943 0.7703790857428392 0.799007292670755 0.7703790857428392
1 0.868014922675759 0.7281665330993962 0.9385065877346338 0.7281665330993962 0.939990622788505 0.767740801202624 0.8687569402026944 0.7703790857428393
1 0.9392486052615695 0.7281665330993962 0.9941579022547985 0.7321239599097188 0.9971259723625405 0.7703790857428391 0.9392486052615695 0.7703790857428392