0 0.020833333333333332 0.6249999999999999 0.21788194444444445 0.6296296296296297 0.21354166666666666 0.7253086419753086 0.017361111111111147 0.7237654320987654
0 0.08680555555555554 0.6296296296296295 0.0920138888888889 0.5462962962962963 0.21961805555555552 0.5462962962962963 0.2152777777777778 0.6311728395061729
0 0.08593749999999997 0.6249999999999999 0.09027777777777778 0.5447530864197531 0 0.5432098765432098 0 0.632716049382716
0 0.028645833333333332 0.5462962962962962 0.036458333333333336 0.4614197530864197 0.2230902777777778 0.46296296296296297 0.21961805555555552 0.5462962962962963
0 0.10069444444444443 0.45987654320987653 0.10590277777777773 0.3827160493827159 0.23003472222222218 0.38425925925925924 0.2256944444444444 0.4675925925925925
0 0.09982638888888887 0.4614197530864197 0.10503472222222224 0.3796296296296297 0 0.37962962962962976 0 0.4645061728395061
0 0.028645833333333325 0.5432098765432098 0.036458333333333336 0.46296296296296297 0 0.4614197530864198 0 0.5478395061728395
0 0.046006944444444434 0.37962962962962965 0.052083333333333336 0.3040123456790123 0.23263888888888887 0.30709876543209874 0.23177083333333331 0.3873456790123456
0 0.03819444444444444 0.3811728395061728 0.046006944444444434 0.3040123456790124 0 0.3055555555555555 0 0.3827160493827161
0 0.10937499999999997 0.30709876543209874 0.1154513888888889 0.23148148148148143 0.23524305555555552 0.23302469135802464 0.23263888888888887 0.30864197530864196
0 0.11024305555555554 0.3055555555555555 0.1154513888888889 0.22839506172839497 0 0.22685185185185186 0 0.3055555555555556
0 0.059027777777777755 0.22530864197530862 0.0659722222222222 0.15277777777777782 0.2404513888888889 0.154320987654321 0.23611111111111113 0.22685185185185183
0 0.05902777777777776 0.2268518518518518 0.06510416666666667 0.1512345679012346 0 0.15432098765432098 0 0.23148148148148145
0 0.1241319444444444 0.14969135802469133 0.13368055555555552 0.0787037037037037 0.2413194444444445 0.08179012345679011 0.2387152777777778 0.15432098765432098
0 0.12499999999999997 0.1527777777777778 0.13107638888888892 0.08333333333333333 0.013020833333333348 0.08179012345679015 0.006944444444444464 0.154320987654321
0 0.07812499999999997 0.02006172839506172 0.24392361111111113 0.0185185185185185 0.24131944444444445 0.0833333333333333 0.07204861111111116 0.0833333333333333
0 0.06857638888888887 0.08179012345679011 0.0737847222222222 0.013888888888888888 0 0.015432098765432117 0 0.08796296296296297
0 0.37152777777777773 0.23148148148148143 0.3741319444444444 0.015432098765432117 0.5546875 0.013888888888888862 0.5572916666666666 0.23148148148148148
0 0.5581597222222221 0.23148148148148143 0.5572916666666666 0.013888888888888916 0.7335069444444444 0.013888888888888916 0.743923611111111 0.2330246913580247
0 0.3706597222222222 0.22993827160493827 0.5581597222222224 0.22839506172839505 0.5598958333333334 0.4629629629629628 0.3645833333333333 0.4583333333333332
0 0.5590277777777778 0.2268518518518518 0.7473958333333334 0.2299382716049383 0.7569444444444444 0.4675925925925925 0.5581597222222222 0.4614197530864198
0 0.3602430555555555 0.4583333333333332 0.5581597222222222 0.46296296296296297 0.5616319444444445 0.7129629629629629 0.3515625 0.7145061728395062
0 0.5590277777777779 0.4598765432098766 0.7543402777777778 0.46450617283950624 0.7682291666666666 0.7083333333333334 0.5598958333333334 0.7114197530864197
0 0.8246527777777776 0.5324074074074073 0.9531249999999999 0.5308641975308642 0.9618055555555556 0.6466049382716049 0.829861111111111 0.6388888888888888
0 0.9574652777777776 0.5308641975308641 1 0.5308641975308642 1 0.648148148148148 0.9626736111111112 0.6450617283950617
0 0.8229166666666666 0.5277777777777778 0.8125 0.3564814814814815 0.9427083333333333 0.35648148148148145 0.9574652777777779 0.5324074074074074
0 0.9618055555555557 0.529320987654321 0.9453125 0.35185185185185186 1 0.35185185185185197 1 0.529320987654321
0 0.8142361111111109 0.35648148148148145 0.8046875 0.18981481481481483 0.9270833333333335 0.18672839506172842 0.9418402777777778 0.35493827160493824
0 0.9401041666666665 0.34876543209876537 0.9305555555555557 0.18827160493827164 1 0.1867283950617283 1 0.35030864197530853
0 0.8046875 0.191358024691358 0.795138888888889 0.03240740740740738 0.9166666666666667 0.02623456790123459 0.9305555555555556 0.191358024691358
0 0.9314236111111109 0.18827160493827158 0.920138888888889 0.02623456790123455 1 0.023148148148148095 1 0.18827160493827164