0 0.04947916666666665 0.29166666666666663 0.1796875 0.2962962962962962 0.18836805555555552 0.4583333333333333 0.06076388888888888 0.4552469135802469
0 0.1814236111111111 0.2962962962962962 0.3107638888888889 0.30092592592592593 0.3151041666666667 0.4645061728395061 0.1918402777777778 0.45987654320987653
0 0.31423611111111105 0.2993827160493827 0.4435763888888889 0.29629629629629617 0.44618055555555547 0.4552469135802469 0.32118055555555547 0.4552469135802469
0 0.061631944444444434 0.4552469135802469 0.18836805555555552 0.4552469135802469 0.19618055555555552 0.6064814814814814 0.0746527777777778 0.6049382716049383
0 0.19357638888888887 0.45987654320987653 0.31684027777777773 0.46296296296296297 0.3229166666666667 0.6141975308641975 0.20138888888888887 0.6111111111111112
0 0.32118055555555547 0.4552469135802469 0.4479166666666667 0.4583333333333334 0.4479166666666667 0.6141975308641976 0.3246527777777778 0.6095679012345678
0 0.07725694444444443 0.6064814814814814 0.19791666666666666 0.6064814814814815 0.20746527777777776 0.7484567901234568 0.0885416666666667 0.7469135802469136
0 0.19965277777777776 0.6095679012345678 0.3246527777777778 0.6141975308641976 0.3298611111111111 0.7577160493827161 0.2092013888888889 0.7515432098765432
0 0.3263888888888888 0.6126543209876543 0.4513888888888889 0.6141975308641976 0.4539930555555555 0.7561728395061728 0.3298611111111111 0.7530864197530863
0 0.08854166666666666 0.7469135802469136 0.20746527777777776 0.7469135802469136 0.21527777777777776 0.8842592592592593 0.09809027777777778 0.8811728395061728
0 0.21006944444444445 0.7515432098765432 0.3298611111111111 0.7592592592592592 0.3350694444444444 0.8935185185185186 0.21788194444444448 0.8904320987654321
0 0.33159722222222215 0.7561728395061728 0.453125 0.7546296296296295 0.45486111111111105 0.888888888888889 0.33593749999999994 0.8904320987654322
0 0.10503472222222222 0.8811728395061726 0.21788194444444448 0.8858024691358024 0.22743055555555552 1 0.11458333333333333 1
0 0.22135416666666663 0.8919753086419755 0.3411458333333333 0.8950617283950616 0.3446180555555555 1 0.22656250000000003 1
0 0.34027777777777773 0.8950617283950616 0.4574652777777778 0.8904320987654322 0.4600694444444445 1 0.34374999999999994 1
0 0.5538194444444444 0.4537037037037037 0.5520833333333334 0.35339506172839513 0.7447916666666666 0.3348765432098766 0.7387152777777778 0.44907407407407407
0 0.7387152777777778 0.44907407407407407 0.743923611111111 0.3317901234567901 0.9340277777777778 0.32716049382716056 0.9253472222222222 0.4490740740740742
0 0.5538194444444444 0.4537037037037037 0.743923611111111 0.45061728395061734 0.7387152777777779 0.5632716049382716 0.5529513888888891 0.5617283950617283
0 0.7387152777777778 0.5617283950617283 0.7430555555555555 0.44598765432098764 0.9296875000000001 0.4475308641975309 0.9236111111111112 0.5601851851851852
0 0.5590277777777778 0.5663580246913581 0.7421875 0.5648148148148148 0.7369791666666667 0.6682098765432098 0.556423611111111 0.6682098765432098
0 0.7369791666666667 0.6666666666666665 0.7413194444444445 0.5586419753086419 0.9236111111111112 0.558641975308642 0.9157986111111112 0.6666666666666666
0 0.5546875 0.7700617283950617 0.556423611111111 0.6682098765432098 0.736111111111111 0.6666666666666666 0.7309027777777778 0.7654320987654321
0 0.7317708333333334 0.7638888888888887 0.7369791666666666 0.6651234567901235 0.9184027777777778 0.6651234567901234 0.9097222222222221 0.7685185185185185
0 0.5503472222222222 0.8580246913580245 0.5520833333333334 0.7669753086419755 0.7274305555555555 0.7654320987654321 0.7230902777777778 0.8611111111111113
0 0.7230902777777779 0.8564814814814815 0.7274305555555555 0.7608024691358025 0.9027777777777778 0.7669753086419754 0.8949652777777779 0.8611111111111113
0 0.5399305555555556 0.8503086419753085 0.7083333333333334 0.8611111111111113 0.7039930555555555 0.9459876543209875 0.5434027777777778 0.941358024691358
0 0.7222222222222221 0.8564814814814815 0.8914930555555556 0.8580246913580246 0.8845486111111112 0.9506172839506172 0.7161458333333334 0.947530864197531
0 0.04947916666666665 0.8564814814814815 0.06336805555555555 1 0 1 0 0.8549382716049383
0 0.04947916666666665 0.8518518518518519 0.03559027777777778 0.6959876543209877 0 0.7006172839506174 0 0.8564814814814817
0 0.03472222222222222 0.6959876543209876 0.02256944444444444 0.5339506172839508 0 0.5354938271604938 0 0.699074074074074
0 0.02083333333333333 0.5277777777777777 0.009548611111111115 0.35648148148148145 0 0.3518518518518518 0 0.5277777777777777