0 0.042534722222222224 0.2530864197530864 0.057291666666666664 0.11882716049382715 0 0.1157407407407408 1.4802973661668754e-17 0.25154320987654316
0 0.04166666666666667 0.25925925925925924 0.02343750000000001 0.4027777777777778 0 0.40123456790123463 0 0.25617283950617287
0 0.18402777777777776 0.2361111111111111 0.1970486111111111 0.026234567901234577 0.37152777777777773 0.033950617283950664 0.3671875 0.24537037037037043
0 0.3671875 0.24537037037037032 0.3723958333333333 0.03395061728395061 0.5425347222222221 0.046296296296296294 0.5460069444444445 0.2530864197530864
0 0.16666666666666663 0.46141975308641975 0.18402777777777773 0.23302469135802462 0.36545138888888895 0.2422839506172838 0.359375 0.4675925925925925
0 0.3585069444444444 0.470679012345679 0.3671875 0.24382716049382708 0.5442708333333334 0.2515432098765432 0.5434027777777779 0.47685185185185175
0 0.16840277777777773 0.4598765432098765 0.359375 0.4691358024691358 0.3498263888888889 0.7114197530864197 0.1510416666666667 0.7037037037037036
0 0.3585069444444444 0.4691358024691357 0.5434027777777779 0.47376543209876537 0.5460069444444445 0.7145061728395062 0.3480902777777778 0.7098765432098766
0 0.5937499999999999 0.3209876543209877 0.5911458333333334 0.1959876543209876 0.6605902777777778 0.19135802469135793 0.6675347222222222 0.31790123456790115
0 0.6666666666666666 0.3179012345679012 0.6614583333333334 0.18827160493827158 0.7378472222222222 0.18827160493827158 0.7430555555555556 0.3117283950617284
0 0.743923611111111 0.30864197530864196 0.7369791666666666 0.18518518518518523 0.8046875 0.18672839506172836 0.8133680555555557 0.3101851851851851
0 0.8133680555555555 0.3101851851851851 0.806423611111111 0.1867283950617283 0.8741319444444444 0.18827160493827158 0.8828125 0.31327160493827155
0 0.8836805555555555 0.3132716049382716 0.8758680555555556 0.1867283950617283 0.9418402777777778 0.18981481481481477 0.9531250000000001 0.31327160493827155
0 0.59375 0.3179012345679012 0.6684027777777778 0.316358024691358 0.671875 0.44444444444444436 0.5946180555555556 0.44753086419753096
0 0.6684027777777776 0.31635802469135804 0.7395833333333334 0.3163580246913581 0.7456597222222224 0.4459876543209875 0.6710069444444444 0.44444444444444436
0 0.7395833333333333 0.3117283950617284 0.8116319444444444 0.3148148148148147 0.8194444444444445 0.441358024691358 0.7465277777777779 0.44290123456790126
0 0.8116319444444443 0.3117283950617284 0.8836805555555556 0.3101851851851852 0.8949652777777778 0.4444444444444444 0.818576388888889 0.4444444444444444
0 0.8836805555555557 0.3117283950617284 0.9522569444444444 0.31481481481481477 0.9670138888888891 0.44290123456790126 0.8949652777777776 0.4459876543209875
0 0.5946180555555555 0.44753086419753085 0.670138888888889 0.4444444444444444 0.6770833333333334 0.5771604938271605 0.5980902777777779 0.5787037037037037
0 0.6727430555555556 0.4429012345679012 0.7465277777777776 0.4413580246913581 0.7526041666666666 0.5756172839506173 0.6753472222222222 0.5771604938271605
0 0.7465277777777776 0.4429012345679012 0.8203125 0.44290123456790126 0.8307291666666666 0.5756172839506173 0.751736111111111 0.5756172839506173
0 0.8194444444444443 0.4429012345679012 0.8923611111111109 0.441358024691358 0.9053819444444445 0.5756172839506173 0.829861111111111 0.5787037037037037
0 0.8958333333333333 0.44135802469135793 0.9652777777777779 0.44290123456790137 0.9635416666666667 0.49537037037037035 0.9782986111111112 0.5694444444444444 0.9053819444444445 0.5787037037037037
0 0.595486111111111 0.5771604938271604 0.673611111111111 0.5771604938271605 0.6753472222222222 0.7006172839506171 0.599826388888889 0.6990740740740742
0 0.6727430555555555 0.5771604938271604 0.7491319444444444 0.574074074074074 0.7526041666666666 0.6898148148148148 0.677951388888889 0.6975308641975309
0 0.7491319444444443 0.5740740740740741 0.829861111111111 0.5756172839506172 0.8333333333333334 0.6851851851851852 0.7526041666666666 0.6867283950617283
0 0.8298611111111109 0.5771604938271604 0.9027777777777778 0.5771604938271605 0.9097222222222224 0.6697530864197531 0.896701388888889 0.6651234567901234 0.8559027777777778 0.6095679012345678 0.84375 0.6265432098765431 0.8524305555555556 0.6820987654320988 0.8333333333333334 0.6790123456790124
0 0.9036458333333335 0.5771604938271605 0.9739583333333335 0.5740740740740742 0.9704861111111112 0.6342592592592592 0.9774305555555556 0.7006172839506174 0.9409722222222224 0.6959876543209877 0.9097222222222224 0.6697530864197532