0 0.09461805555555554 0.6296296296296295 0.08246527777777776 0.47685185185185186 0.21354166666666666 0.47839506172839513 0.22395833333333334 0.6296296296296297
0 0.09461805555555557 0.6296296296296295 0.0833333333333333 0.4753086419753087 0 0.4753086419753087 0.0017361111111111307 0.6327160493827161
0 0.09635416666666664 0.6296296296296295 0.2204861111111111 0.6296296296296295 0.22916666666666666 0.7638888888888888 0.11197916666666667 0.7669753086419753
0 0.11111111111111108 0.7685185185185184 0.09375 0.6311728395061728 0.0017361111111111086 0.632716049382716 0.0026041666666666665 0.7685185185185184
0 0.11024305555555554 0.7638888888888887 0.23177083333333334 0.763888888888889 0.24045138888888887 0.8935185185185187 0.125 0.8981481481481481
0 0.12586805555555552 0.9012345679012345 0.11284722222222225 0.771604938271605 0.0026041666666666665 0.7731481481481481 0 0.8302469135802468 0.006076388888888884 0.8950617283950617
0 0.12934027777777773 0.8966049382716049 0.24479166666666663 0.8935185185185186 0.25434027777777785 1 0.24652777777777782 1 0.21527777777777782 0.9660493827160493 0.13541666666666669 0.9691358024691357
0 0.13541666666666663 0.970679012345679 0.1293402777777778 0.8981481481481481 0.007812500000000016 0.8981481481481483 0.015625000000000014 0.9675925925925926
0 0.34895833333333337 0.5185185185185184 0.3420138888888889 0.3472222222222222 0.4583333333333333 0.34722222222222227 0.4609375 0.5231481481481481
0 0.46180555555555547 0.5200617283950617 0.4583333333333334 0.3472222222222223 0.5755208333333334 0.35185185185185186 0.5755208333333334 0.5216049382716049
0 0.5763888888888888 0.5262345679012345 0.578125 0.3472222222222222 0.693576388888889 0.34567901234567905 0.6901041666666666 0.5231481481481481
0 0.3532986111111111 0.6836419753086419 0.34809027777777773 0.5216049382716049 0.4600694444444445 0.5185185185185184 0.46354166666666674 0.6805555555555555
0 0.4635416666666667 0.6836419753086419 0.46093750000000006 0.5185185185185184 0.5746527777777778 0.5216049382716049 0.5746527777777779 0.6851851851851851
0 0.5755208333333333 0.6898148148148147 0.576388888888889 0.5200617283950618 0.6918402777777778 0.5185185185185185 0.6875 0.6805555555555556
0 0.3550347222222222 0.6820987654320987 0.46354166666666663 0.6851851851851851 0.4652777777777778 0.8395061728395061 0.35677083333333337 0.837962962962963
0 0.4635416666666667 0.6805555555555555 0.5746527777777779 0.6820987654320987 0.5746527777777779 0.8379629629629629 0.46614583333333337 0.8379629629629629
0 0.5755208333333333 0.6820987654320987 0.6840277777777778 0.6790123456790124 0.681423611111111 0.8302469135802468 0.5729166666666666 0.8317901234567902
0 0.3619791666666667 0.8379629629629629 0.46614583333333337 0.8425925925925926 0.46614583333333337 0.9737654320987653 0.3854166666666667 0.9722222222222224 0.3619791666666667 0.9074074074074077
0 0.46875000000000006 0.8348765432098766 0.5746527777777779 0.8379629629629629 0.5746527777777779 0.9722222222222222 0.4696180555555556 0.9691358024691357
0 0.5755208333333333 0.83179012345679 0.6805555555555556 0.8317901234567903 0.677951388888889 0.9722222222222222 0.5755208333333334 0.9706790123456791
0 0.8046874999999999 0.4305555555555556 0.8072916666666667 0.3719135802469137 0.8229166666666665 0.3395061728395061 0.8862847222222222 0.3348765432098766 0.8802083333333333 0.4351851851851852
0 0.8793402777777778 0.4336419753086419 0.8871527777777776 0.33487654320987653 0.962673611111111 0.337962962962963 0.953125 0.4336419753086419
0 0.9539930555555556 0.43055555555555564 0.9618055555555555 0.3364197530864198 1 0.3379629629629631 1 0.433641975308642
0 0.7977430555555555 0.5277777777777777 0.8029513888888888 0.433641975308642 0.8784722222222224 0.43209876543209885 0.8723958333333334 0.5277777777777778
0 0.8697916666666667 0.5277777777777778 0.8784722222222224 0.43055555555555564 0.9539930555555557 0.43209876543209874 0.9453125000000001 0.5262345679012345
0 0.9453125 0.5262345679012346 0.953125 0.42901234567901236 1 0.43055555555555564 0.9991319444444444 0.5262345679012346
0 0.7925347222222221 0.6157407407407406 0.796875 0.5262345679012346 0.8715277777777779 0.5246913580246915 0.8619791666666666 0.617283950617284
0 0.8619791666666666 0.6141975308641976 0.8706597222222222 0.5246913580246915 0.943576388888889 0.5246913580246915 0.9375 0.6157407407407407
0 0.9357638888888891 0.6141975308641976 0.9453125000000001 0.5216049382716049 0.9991319444444444 0.5216049382716049 1 0.6157407407407406
0 0.7847222222222222 0.7021604938271604 0.7890624999999999 0.6157407407407406 0.8602430555555557 0.6157407407407406 0.8541666666666667 0.7037037037037038
0 0.8541666666666666 0.7037037037037036 0.861111111111111 0.6157407407407406 0.9348958333333334 0.6141975308641975 0.9253472222222222 0.7021604938271604
0 0.9262152777777778 0.7021604938271604 0.9357638888888891 0.6111111111111112 1 0.6157407407407407 0.9991319444444445 0.7037037037037038
0 0.7803819444444443 0.787037037037037 0.7864583333333334 0.7006172839506173 0.8541666666666666 0.6990740740740741 0.849826388888889 0.7870370370370371
0 0.8498263888888888 0.785493827160494 0.8541666666666666 0.7006172839506175 0.9262152777777779 0.7067901234567902 0.9192708333333334 0.7870370370370371
0 0.9184027777777776 0.787037037037037 0.9262152777777779 0.7006172839506174 0.998263888888889 0.7052469135802468 0.990451388888889 0.787037037037037
0 0.7769097222222221 0.8611111111111112 0.782986111111111 0.7839506172839507 0.8524305555555556 0.7839506172839505 0.84375 0.8641975308641975
0 0.845486111111111 0.8611111111111112 0.8489583333333334 0.7824074074074074 0.9201388888888888 0.787037037037037 0.912326388888889 0.8657407407407409
0 0.9114583333333335 0.8657407407407407 0.9192708333333334 0.7839506172839505 0.9913194444444445 0.7824074074074073 0.9826388888888888 0.8703703703703706
0 0.771701388888889 0.9351851851851852 0.7769097222222222 0.8611111111111113 0.8437500000000001 0.8611111111111113 0.8385416666666667 0.9382716049382718
0 0.8385416666666667 0.939814814814815 0.8463541666666667 0.8580246913580245 0.9114583333333335 0.8611111111111113 0.9036458333333335 0.9413580246913579
0 0.9071180555555557 0.9475308641975307 0.912326388888889 0.8641975308641977 0.9800347222222222 0.8657407407407408 0.9730902777777778 0.941358024691358
0 0.9739583333333335 0.9351851851851853 0.9817708333333333 0.8641975308641977 1 0.8626543209876544 1 0.9351851851851853
0 0.7664930555555557 0.9938271604938271 0.7708333333333334 0.9336419753086419 0.8359375000000001 0.9367283950617284 0.8324652777777779 1
0 0.8333333333333334 0.9984567901234569 0.8385416666666666 0.9351851851851852 0.9010416666666666 0.9382716049382718 0.8984375 1
0 0.9001736111111109 0.9953703703703703 0.9062500000000001 0.939814814814815 0.9713541666666667 0.9398148148148148 0.9661458333333335 0.9907407407407407
0 0.967013888888889 0.9922839506172838 0.9739583333333333 0.9351851851851852 1 0.9367283950617284 1 0.9953703703703706