0 0.04861111111111109 0.20061728395061726 0.05989583333333335 0.05401234567901238 0 0.0447530864197531 7.401486830834377e-18 0.19753086419753085
0 0.04687499999999999 0.19907407407407407 0.03125 0.3611111111111111 0 0.35648148148148145 0.0008680555555555469 0.19753086419753085
0 0.028645833333333325 0.3595679012345679 0.013888888888888885 0.5262345679012346 0 0.5262345679012346 0 0.35956790123456794
0 0.06510416666666667 0.5787037037037037 0.2734375 0.5833333333333333 0.2717013888888889 0.6358024691358023 0.05989583333333338 0.6419753086419754
0 0.2743055555555555 0.5833333333333334 0.4809027777777778 0.5833333333333334 0.4809027777777778 0.697530864197531 0.44010416666666674 0.6373456790123458 0.27170138888888895 0.6373456790123458
0 0.08072916666666664 0.46141975308641975 0.2847222222222222 0.46296296296296297 0.28125 0.5802469135802468 0.07291666666666664 0.5756172839506173
0 0.2864583333333333 0.4598765432098765 0.48871527777777785 0.4645061728395061 0.48958333333333326 0.5817901234567902 0.28124999999999994 0.5817901234567902
0 0.08680555555555554 0.45833333333333326 0.09548611111111113 0.34567901234567905 0.29340277777777773 0.3472222222222222 0.28993055555555547 0.46296296296296297
0 0.2890625 0.46141975308641975 0.29340277777777773 0.34567901234567905 0.4939236111111112 0.3425925925925926 0.4947916666666666 0.46296296296296297
0 0.09635416666666664 0.34413580246913583 0.1032986111111111 0.2330246913580247 0.296875 0.22993827160493827 0.29340277777777773 0.34722222222222215
0 0.2942708333333333 0.3487654320987654 0.2986111111111111 0.23148148148148143 0.4930555555555555 0.23302469135802464 0.4930555555555556 0.34413580246913583
0 0.10243055555555554 0.23148148148148148 0.10937499999999997 0.12037037037037036 0.29861111111111105 0.12037037037037042 0.296875 0.23302469135802473
0 0.296875 0.23148148148148148 0.2994791666666667 0.11882716049382722 0.4904513888888889 0.12037037037037036 0.49218749999999994 0.22993827160493827
0 0.1067708333333333 0.11882716049382715 0.11631944444444443 0.012345679012345661 0.30121527777777773 0.016975308641975318 0.2977430555555555 0.12037037037037036
0 0.2977430555555555 0.12037037037037036 0.30121527777777773 0.01080246913580246 0.48784722222222215 0.016975308641975332 0.4869791666666667 0.12037037037037036
0 0.5902777777777778 0.17283950617283947 0.5885416666666666 0.0864197530864197 0.6597222222222222 0.08179012345679015 0.6631944444444444 0.16666666666666666
0 0.6623263888888888 0.16820987654320985 0.6614583333333334 0.08179012345679011 0.7291666666666667 0.08487654320987653 0.7326388888888891 0.16666666666666663
0 0.7335069444444443 0.1712962962962963 0.7300347222222222 0.08641975308641976 0.7977430555555555 0.09104938271604937 0.802951388888889 0.16820987654320985
0 0.8038194444444443 0.16820987654320985 0.7994791666666666 0.0895061728395062 0.8637152777777776 0.09413580246913579 0.8706597222222224 0.17746913580246915
0 0.8715277777777778 0.17592592592592593 0.8645833333333333 0.095679012345679 0.9305555555555556 0.10185185185185187 0.9375 0.18055555555555555
0 0.5911458333333333 0.1712962962962963 0.6640625 0.16820987654320987 0.6684027777777778 0.25154320987654316 0.5911458333333334 0.25308641975308643
0 0.6614583333333333 0.16820987654320985 0.7352430555555556 0.16820987654320985 0.7369791666666666 0.24845679012345678 0.665798611111111 0.25154320987654316
0 0.7326388888888888 0.16975308641975306 0.806423611111111 0.17129629629629625 0.8098958333333334 0.2530864197530863 0.7378472222222222 0.25154320987654316
0 0.8046874999999999 0.16975308641975306 0.8732638888888891 0.17592592592592599 0.8793402777777776 0.25462962962962965 0.8090277777777776 0.2530864197530863
0 0.8723958333333333 0.17438271604938269 0.9392361111111112 0.18209876543209874 0.9453125 0.26080246913580246 0.8776041666666666 0.2561728395061728
0 0.5911458333333333 0.25462962962962965 0.6675347222222222 0.25154320987654316 0.6692708333333335 0.3364197530864198 0.592013888888889 0.3379629629629629
0 0.6666666666666665 0.2530864197530864 0.7369791666666666 0.25154320987654316 0.7395833333333333 0.3364197530864198 0.6675347222222222 0.3395061728395063
0 0.7378472222222221 0.25154320987654316 0.8116319444444444 0.25154320987654316 0.8159722222222222 0.3348765432098766 0.7387152777777778 0.3364197530864198
0 0.8098958333333333 0.2530864197530864 0.8802083333333333 0.2530864197530864 0.8862847222222221 0.3410493827160494 0.8159722222222222 0.33950617283950624
0 0.8802083333333333 0.2561728395061728 0.947048611111111 0.2608024691358024 0.953125 0.3503086419753086 0.888888888888889 0.34413580246913583
0 0.5911458333333333 0.3395061728395062 0.6666666666666666 0.3364197530864198 0.6675347222222222 0.42746913580246904 0.592013888888889 0.42438271604938266
0 0.6684027777777776 0.33641975308641975 0.7395833333333334 0.33487654320987653 0.7413194444444444 0.4274691358024691 0.6684027777777778 0.4259259259259258
0 0.7404513888888888 0.33333333333333326 0.814236111111111 0.33487654320987653 0.818576388888889 0.42592592592592604 0.7439236111111112 0.42438271604938277
0 0.8151041666666665 0.3379629629629629 0.8871527777777779 0.33796296296296297 0.8940972222222222 0.42901234567901225 0.818576388888889 0.42438271604938266
0 0.8871527777777776 0.34259259259259256 0.9557291666666666 0.3487654320987656 0.9635416666666666 0.43672839506172834 0.8932291666666667 0.42901234567901236
0 0.5937499999999999 0.4259259259259259 0.6675347222222222 0.4274691358024691 0.6710069444444444 0.5200617283950617 0.5928819444444445 0.5200617283950617
0 0.6684027777777776 0.42746913580246904 0.743923611111111 0.42901234567901236 0.7473958333333335 0.5200617283950617 0.6701388888888891 0.5185185185185185
0 0.7430555555555555 0.4290123456790123 0.8203125000000001 0.4305555555555556 0.8255208333333334 0.5200617283950617 0.7456597222222222 0.5185185185185185
0 0.8194444444444443 0.4290123456790123 0.8949652777777779 0.433641975308642 0.900173611111111 0.5169753086419754 0.8246527777777778 0.5185185185185185
0 0.8958333333333333 0.43364197530864196 0.9661458333333335 0.4382716049382716 0.9713541666666666 0.5262345679012346 0.900173611111111 0.5216049382716049
0 0.5928819444444444 0.5216049382716049 0.6710069444444444 0.5200617283950617 0.6727430555555556 0.6080246913580246 0.5954861111111112 0.6080246913580246
0 0.6710069444444443 0.5185185185185185 0.7482638888888888 0.5231481481481481 0.75 0.6141975308641976 0.6744791666666666 0.6095679012345679
0 0.7465277777777776 0.5200617283950616 0.8229166666666666 0.5200617283950617 0.8281249999999999 0.6111111111111112 0.7499999999999999 0.6141975308641977
0 0.8237847222222221 0.5200617283950616 0.900173611111111 0.5200617283950617 0.9053819444444443 0.617283950617284 0.8289930555555557 0.6157407407407408
0 0.9001736111111109 0.5185185185185185 0.9704861111111112 0.5262345679012346 0.9782986111111112 0.6203703703703702 0.90625 0.6188271604938271
0 0.5937499999999999 0.6095679012345678 0.6727430555555556 0.6080246913580247 0.671875 0.6481481481481484 0.5963541666666666 0.6512345679012346
0 0.6718749999999999 0.6095679012345678 0.7491319444444445 0.6126543209876543 0.7508680555555556 0.6496913580246914 0.6727430555555556 0.6512345679012345
0 0.7499999999999999 0.6141975308641975 0.8307291666666666 0.6111111111111112 0.8333333333333334 0.6496913580246914 0.7491319444444444 0.6512345679012346
0 0.8298611111111109 0.6141975308641975 0.907986111111111 0.6157407407407407 0.9097222222222222 0.648148148148148 0.8333333333333334 0.648148148148148
0 0.9079861111111112 0.6172839506172838 0.9817708333333333 0.6188271604938271 0.9913194444444444 0.7145061728395062 0.939236111111111 0.648148148148148 0.9088541666666666 0.648148148148148