0 0.08420138888888887 0.5354938271604938 0.1545138888888889 0.5339506172839505 0.16145833333333334 0.6635802469135803 0.09548611111111116 0.6589506172839504
0 0.15625 0.5354938271604939 0.22222222222222224 0.537037037037037 0.23263888888888887 0.6697530864197532 0.16059027777777773 0.6666666666666666
0 0.22222222222222218 0.5370370370370371 0.2977430555555555 0.5401234567901235 0.3029513888888889 0.6697530864197531 0.2300347222222222 0.6682098765432098
0 0.2960069444444444 0.5416666666666666 0.3732638888888889 0.5478395061728395 0.3776041666666667 0.6743827160493826 0.3029513888888889 0.6712962962962962
0 0.3732638888888889 0.5462962962962963 0.4513888888888888 0.5524691358024691 0.4539930555555555 0.6867283950617283 0.3784722222222222 0.6851851851851852
0 0.0954861111111111 0.6604938271604938 0.1631944444444444 0.6620370370370371 0.17274305555555555 0.7839506172839505 0.10503472222222224 0.779320987654321
0 0.1631944444444444 0.6651234567901234 0.23177083333333331 0.6712962962962963 0.2387152777777778 0.7916666666666666 0.17274305555555552 0.7870370370370371
0 0.23177083333333331 0.6697530864197531 0.3038194444444445 0.6743827160493827 0.3090277777777778 0.7993827160493826 0.23784722222222227 0.794753086419753
0 0.3029513888888889 0.6712962962962963 0.37586805555555547 0.6759259259259258 0.38107638888888895 0.8055555555555556 0.30815972222222227 0.8024691358024693
0 0.37673611111111105 0.6820987654320986 0.4513888888888889 0.6851851851851851 0.453125 0.8086419753086418 0.3802083333333333 0.8086419753086419
0 0.10763888888888887 0.7839506172839507 0.171875 0.7885802469135805 0.17795138888888892 0.8966049382716049 0.11718750000000003 0.8919753086419753
0 0.17274305555555552 0.7885802469135803 0.2378472222222222 0.79320987654321 0.2456597222222222 0.9104938271604938 0.17881944444444445 0.9012345679012345
0 0.2404513888888889 0.79320987654321 0.3081597222222222 0.8009259259259262 0.3159722222222222 0.9166666666666666 0.2447916666666667 0.9104938271604937
0 0.3081597222222222 0.7993827160493826 0.37934027777777773 0.8040123456790123 0.3836805555555555 0.9243827160493826 0.3133680555555556 0.9197530864197531
0 0.3810763888888889 0.8055555555555556 0.4539930555555556 0.8101851851851852 0.45659722222222227 0.9259259259259259 0.3836805555555556 0.9228395061728396
0 0.11805555555555554 0.8935185185185185 0.17881944444444445 0.8981481481481481 0.18489583333333337 1 0.12065972222222224 0.9938271604938271 0.12413194444444443 0.9444444444444444 0.1171875 0.9058641975308641
0 0.1796875 0.9012345679012347 0.2456597222222222 0.9058641975308641 0.2482638888888889 1 0.18315972222222224 1
0 0.2439236111111111 0.9058641975308641 0.3133680555555555 0.9166666666666665 0.3159722222222222 1 0.24826388888888887 1
0 0.3133680555555555 0.9212962962962963 0.37934027777777773 0.9228395061728396 0.3836805555555556 1 0.3142361111111111 0.9984567901234567
0 0.3819444444444444 0.9228395061728396 0.4539930555555555 0.9290123456790121 0.4461805555555555 0.9660493827160491 0.4479166666666667 1 0.3836805555555555 0.9984567901234567