0 0.05902777777777776 0.8364197530864197 0.07031249999999997 0.9768518518518519 0 0.9814814814814815 0 0.8425925925925927
0 0.05642361111111111 0.8364197530864199 0.039062500000000014 0.6851851851851853 0 0.6898148148148149 0 0.8441358024691358
0 0.042534722222222224 0.6867283950617283 0.023437500000000003 0.529320987654321 0 0.5324074074074076 0 0.6898148148148147
0 0.02256944444444444 0.5277777777777778 0.004340277777777779 0.3611111111111112 0 0.3611111111111111 3.7007434154171884e-18 0.5324074074074074
0 0.08680555555555554 0.4444444444444444 0.07638888888888888 0.3472222222222223 0.14930555555555555 0.35030864197530864 0.15538194444444448 0.44444444444444453
0 0.1553819444444444 0.4444444444444444 0.1501736111111111 0.3503086419753086 0.22048611111111116 0.3503086419753087 0.2265625 0.44444444444444453
0 0.22569444444444445 0.4444444444444444 0.21875 0.3472222222222223 0.29340277777777773 0.34567901234567894 0.29861111111111105 0.4444444444444444
0 0.29861111111111105 0.4444444444444444 0.29513888888888895 0.3472222222222222 0.3671875 0.3441358024691359 0.37152777777777773 0.43981481481481494
0 0.3723958333333333 0.441358024691358 0.3671875 0.34259259259259267 0.4435763888888888 0.3425925925925926 0.4461805555555556 0.4398148148148149
0 0.0954861111111111 0.5370370370370371 0.08506944444444443 0.44444444444444453 0.1571180555555556 0.44290123456790126 0.1640625 0.5385802469135802
0 0.16406249999999997 0.5385802469135802 0.15538194444444445 0.4413580246913581 0.22656250000000003 0.44290123456790126 0.234375 0.5370370370370371
0 0.23437500000000003 0.5401234567901234 0.22569444444444448 0.4398148148148148 0.2994791666666667 0.44290123456790126 0.3046875 0.5370370370370371
0 0.3038194444444444 0.537037037037037 0.29861111111111105 0.4398148148148148 0.3706597222222222 0.4398148148148148 0.375 0.5324074074074073
0 0.3741319444444445 0.529320987654321 0.3732638888888889 0.43827160493827166 0.4435763888888889 0.43827160493827166 0.4461805555555555 0.5354938271604939
0 0.10156249999999997 0.6265432098765432 0.09288194444444445 0.5354938271604939 0.16319444444444445 0.5354938271604938 0.1701388888888889 0.6265432098765433
0 0.17013888888888887 0.6280864197530864 0.16319444444444445 0.5354938271604939 0.2352430555555555 0.5370370370370371 0.2387152777777778 0.6219135802469137
0 0.23958333333333337 0.6234567901234567 0.234375 0.5370370370370371 0.3055555555555555 0.537037037037037 0.30902777777777773 0.6219135802469136
0 0.3090277777777778 0.6203703703703703 0.3055555555555555 0.5324074074074074 0.37673611111111105 0.5324074074074074 0.37934027777777773 0.6219135802469137
0 0.37934027777777773 0.6249999999999999 0.3784722222222222 0.5308641975308641 0.44878472222222227 0.5308641975308641 0.44965277777777773 0.6234567901234567
0 0.11024305555555554 0.7083333333333333 0.10069444444444446 0.6234567901234569 0.17013888888888892 0.625 0.17621527777777776 0.7114197530864198
0 0.17708333333333331 0.7083333333333333 0.1701388888888889 0.6219135802469137 0.23871527777777785 0.6234567901234567 0.24392361111111113 0.7083333333333334
0 0.24479166666666663 0.7098765432098765 0.2387152777777778 0.6219135802469135 0.30729166666666674 0.6234567901234567 0.3133680555555555 0.7083333333333334
0 0.31423611111111105 0.70679012345679 0.3072916666666667 0.6203703703703702 0.3784722222222222 0.6219135802469137 0.3836805555555556 0.7083333333333333
0 0.384548611111111 0.7098765432098766 0.37934027777777773 0.6203703703703703 0.4479166666666667 0.6203703703703703 0.44965277777777773 0.7052469135802469
0 0.11805555555555557 0.7916666666666667 0.109375 0.7067901234567903 0.1779513888888889 0.7067901234567903 0.18576388888888887 0.7901234567901236
0 0.1840277777777778 0.7885802469135804 0.17881944444444445 0.70679012345679 0.24479166666666666 0.7083333333333333 0.2473958333333333 0.787037037037037
0 0.2491319444444445 0.7870370370370371 0.24392361111111113 0.7037037037037038 0.3133680555555555 0.7067901234567903 0.3185763888888889 0.7901234567901235
0 0.31857638888888895 0.7885802469135804 0.3133680555555556 0.7037037037037038 0.3836805555555556 0.705246913580247 0.38715277777777773 0.7870370370370371
0 0.3862847222222222 0.7870370370370371 0.3836805555555556 0.7052469135802468 0.45052083333333337 0.7037037037037037 0.4505208333333334 0.7824074074074074
0 0.12673611111111108 0.8657407407407407 0.11892361111111113 0.7870370370370371 0.1866319444444444 0.7870370370370371 0.19097222222222224 0.8626543209876544
0 0.19184027777777773 0.8657407407407407 0.1866319444444444 0.7870370370370371 0.25 0.7870370370370371 0.2552083333333333 0.8626543209876544
0 0.2543402777777778 0.8641975308641975 0.24913194444444448 0.785493827160494 0.3185763888888889 0.7854938271604939 0.32204861111111105 0.8688271604938271
0 0.3237847222222222 0.8626543209876542 0.3194444444444444 0.7885802469135803 0.3862847222222222 0.7870370370370371 0.38888888888888895 0.8611111111111113
0 0.3888888888888889 0.8611111111111113 0.38715277777777773 0.7808641975308641 0.4522569444444445 0.7839506172839505 0.4522569444444444 0.8626543209876542
0 0.13454861111111108 0.9398148148148148 0.1267361111111111 0.8641975308641976 0.1909722222222222 0.8641975308641977 0.1970486111111111 0.939814814814815
0 0.19704861111111108 0.9444444444444444 0.19097222222222224 0.8657407407407408 0.2569444444444445 0.867283950617284 0.26128472222222227 0.9429012345679012
0 0.26215277777777785 0.9459876543209875 0.2569444444444445 0.8657407407407406 0.32204861111111105 0.867283950617284 0.3255208333333333 0.9429012345679014
0 0.3246527777777778 0.9429012345679014 0.3229166666666667 0.8626543209876542 0.3897569444444444 0.8580246913580245 0.3923611111111111 0.9398148148148148
0 0.3914930555555555 0.9336419753086419 0.38888888888888895 0.8595679012345679 0.45225694444444453 0.859567901234568 0.4531250000000001 0.9351851851851852
0 0.13107638888888887 0.9413580246913579 0.19791666666666663 0.9398148148148149 0.2039930555555555 1 0.13541666666666663 1
0 0.19878472222222218 0.9398148148148148 0.2612847222222222 0.9398148148148148 0.2664930555555555 1 0.2005208333333334 1
0 0.2638888888888889 0.9429012345679014 0.3272569444444444 0.9444444444444445 0.33159722222222227 1 0.2673611111111111 1
0 0.3263888888888889 0.9398148148148148 0.39149305555555547 0.9444444444444444 0.39670138888888895 1 0.3324652777777778 0.9984567901234567
0 0.39322916666666663 0.9305555555555558 0.45486111111111105 0.9351851851851852 0.4574652777777778 0.9861111111111112 0.4513888888888889 1 0.3975694444444444 1
0 0.5659722222222221 0.9845679012345678 0.5668402777777779 0.8395061728395062 0.6744791666666666 0.8379629629629631 0.670138888888889 0.9814814814814817
0 0.6753472222222222 0.8425925925925928 0.78125 0.8395061728395061 0.7743055555555556 0.9799382716049382 0.6710069444444444 0.9799382716049382
0 0.7838541666666665 0.8410493827160493 0.888888888888889 0.8364197530864198 0.8793402777777778 0.9722222222222222 0.7760416666666666 0.978395061728395
0 0.5659722222222221 0.8425925925925926 0.5642361111111112 0.6913580246913581 0.6744791666666666 0.6882716049382716 0.6710069444444444 0.837962962962963
0 0.6736111111111109 0.8379629629629629 0.6762152777777778 0.6867283950617283 0.7890625 0.6882716049382717 0.782986111111111 0.839506172839506
0 0.7855902777777779 0.8410493827160493 0.7899305555555557 0.6820987654320988 0.8993055555555557 0.6790123456790121 0.8897569444444445 0.8379629629629629
0 0.564236111111111 0.691358024691358 0.564236111111111 0.5200617283950618 0.6805555555555556 0.5200617283950618 0.6762152777777778 0.6913580246913581
0 0.677951388888889 0.6851851851851851 0.6848958333333334 0.5231481481481481 0.7960069444444444 0.5200617283950617 0.7899305555555556 0.6836419753086419
0 0.7890624999999999 0.6867283950617283 0.8003472222222222 0.5185185185185184 0.9149305555555557 0.5092592592592593 0.9027777777777778 0.6820987654320988
0 0.5668402777777779 0.5216049382716049 0.5668402777777779 0.3472222222222222 0.6883680555555556 0.3441358024691358 0.6840277777777778 0.5246913580246915
0 0.6814236111111109 0.5262345679012345 0.6875 0.3441358024691359 0.8055555555555556 0.34259259259259267 0.8003472222222222 0.5216049382716049
0 0.7986111111111112 0.5185185185185185 0.8064236111111112 0.3364197530864198 0.9296875 0.33179012345679015 0.920138888888889 0.5123456790123456