0 0.5894097222222221 0.5709876543209875 0.775173611111111 0.5740740740740741 0.7821180555555556 0.7083333333333334 0.592013888888889 0.7129629629629629 0.6050347222222222 0.6682098765432097 0.615451388888889 0.6589506172839504 0.592013888888889 0.6450617283950616
0 0.7751736111111109 0.5709876543209875 0.9539930555555557 0.5740740740740742 0.9661458333333334 0.6836419753086418 0.8437499999999999 0.7083333333333333 0.7821180555555555 0.7067901234567902
0 0.5946180555555556 0.5694444444444443 0.5928819444444445 0.4351851851851852 0.771701388888889 0.4351851851851852 0.779513888888889 0.5725308641975309
0 0.7795138888888891 0.5725308641975309 0.771701388888889 0.4351851851851852 0.9479166666666665 0.43672839506172834 0.9618055555555556 0.5725308641975309
0 0.5972222222222222 0.43364197530864196 0.5963541666666666 0.30092592592592593 0.7682291666666666 0.30555555555555547 0.775173611111111 0.4351851851851851
0 0.7690972222222221 0.3055555555555555 0.9409722222222221 0.30555555555555547 0.951388888888889 0.4351851851851852 0.7743055555555556 0.43364197530864207
0 0.5911458333333333 0.30246913580246915 0.5902777777777779 0.1774691358024691 0.759548611111111 0.18209876543209874 0.7664930555555556 0.30246913580246915
0 0.7604166666666665 0.17901234567901234 0.9253472222222222 0.1805555555555556 0.9383680555555555 0.3070987654320988 0.767361111111111 0.3040123456790123
0 0.592013888888889 0.1774691358024691 0.5894097222222222 0.0524691358024691 0.7534722222222222 0.05709876543209878 0.7612847222222222 0.18209876543209877
0 0.7517361111111109 0.05555555555555555 0.9140624999999999 0.05709876543209878 0.9253472222222222 0.18055555555555555 0.7604166666666666 0.18055555555555555
0 0.13107638888888887 0.2561728395061728 0.14322916666666666 0.12500000000000003 0.26388888888888884 0.1280864197530864 0.2552083333333333 0.26080246913580246
0 0.25607638888888884 0.26080246913580246 0.26388888888888895 0.12191358024691354 0.3836805555555556 0.12962962962962962 0.37847222222222227 0.26851851851851855
0 0.37934027777777773 0.26851851851851855 0.3836805555555555 0.1296296296296296 0.5008680555555556 0.13888888888888895 0.4991319444444445 0.27314814814814814
0 0.13281249999999997 0.25925925925925924 0.2543402777777778 0.2638888888888889 0.24652777777777776 0.4058641975308641 0.12239583333333333 0.40432098765432095
0 0.2543402777777778 0.2608024691358024 0.3758680555555555 0.265432098765432 0.36892361111111105 0.4089506172839507 0.24305555555555552 0.4058641975308641
0 0.37673611111111105 0.26851851851851855 0.4982638888888889 0.2731481481481482 0.4956597222222222 0.41820987654320985 0.3689236111111111 0.412037037037037
0 0.12326388888888887 0.404320987654321 0.24392361111111113 0.4104938271604939 0.23611111111111113 0.5524691358024691 0.11111111111111113 0.5478395061728395
0 0.24479166666666663 0.40586419753086417 0.3697916666666667 0.41203703703703703 0.3654513888888889 0.5617283950617283 0.23611111111111113 0.5540123456790124
0 0.3697916666666667 0.40895061728395066 0.4973958333333333 0.4135802469135802 0.4956597222222222 0.5586419753086421 0.36545138888888895 0.5570987654320988
0 0.11024305555555557 0.5478395061728395 0.23611111111111113 0.5509259259259259 0.23263888888888887 0.6358024691358025 0.10069444444444452 0.6311728395061728
0 0.23784722222222218 0.552469135802469 0.3628472222222222 0.5617283950617283 0.36284722222222227 0.6435185185185185 0.2300347222222222 0.6388888888888887
0 0.36371527777777773 0.5570987654320986 0.49652777777777785 0.5601851851851852 0.49565972222222227 0.7098765432098764 0.45572916666666674 0.6404320987654321 0.36284722222222227 0.6450617283950617
0 0.07031249999999997 0.20524691358024688 0.08506944444444445 0.052469135802469126 0.000868055555555558 0.0447530864197531 0.0008680555555555506 0.21296296296296297
0 0.05555555555555554 0.3657407407407407 0.06857638888888887 0.2067901234567901 0 0.20524691358024688 0 0.35956790123456794
0 0.05642361111111109 0.36882716049382713 0.039930555555555566 0.5447530864197532 0 0.5432098765432098 0 0.3595679012345679
0 0.03906249999999999 0.5416666666666666 0.022569444444444437 0.7175925925925927 0 0.7145061728395061 0 0.5416666666666666