0 0.5052083333333333 0.49537037037037024 0.5043402777777779 0.37654320987654316 0.703125 0.3626543209876544 0.7022569444444444 0.4753086419753086
0 0.7022569444444444 0.47839506172839513 0.7048611111111112 0.35648148148148145 0.8949652777777778 0.3441358024691358 0.890625 0.46141975308641975
0 0.5095486111111113 0.6126543209876543 0.5069444444444445 0.49074074074074076 0.7005208333333334 0.48148148148148145 0.701388888888889 0.5972222222222222
0 0.7022569444444443 0.5972222222222222 0.7022569444444444 0.47067901234567905 0.8914930555555556 0.46450617283950624 0.8828125 0.5802469135802469
0 0.5086805555555556 0.6095679012345678 0.6987847222222222 0.595679012345679 0.6979166666666666 0.7006172839506173 0.5095486111111112 0.7191358024691358
0 0.6987847222222221 0.7052469135802468 0.7005208333333334 0.5972222222222222 0.8836805555555556 0.580246913580247 0.8793402777777778 0.6867283950617283
0 0.5104166666666666 0.7175925925925927 0.6987847222222222 0.7037037037037038 0.6979166666666667 0.8055555555555558 0.5104166666666667 0.8240740740740743
0 0.7013888888888888 0.7052469135802468 0.8793402777777778 0.6851851851851851 0.875 0.7870370370370371 0.6987847222222224 0.8070987654320986
0 0.5095486111111112 0.8256172839506172 0.6953125 0.8040123456790125 0.6918402777777778 0.9012345679012345 0.5121527777777779 0.9182098765432097
0 0.6927083333333333 0.8981481481481481 0.6979166666666666 0.8040123456790123 0.8715277777777779 0.787037037037037 0.865451388888889 0.8811728395061726
0 0.5069444444444444 0.9182098765432097 0.6840277777777778 0.904320987654321 0.6840277777777778 0.9583333333333334 0.5052083333333334 0.9830246913580245
0 0.6883680555555555 0.8996913580246912 0.8585069444444444 0.8842592592592593 0.8506944444444444 0.9722222222222222 0.8463541666666666 0.9722222222222222 0.798611111111111 0.9398148148148148 0.6840277777777778 0.9583333333333334
0 0.9522569444444445 0.9660493827160496 0.9609375000000001 0.8395061728395062 1 0.8395061728395062 1 0.9567901234567903
0 0.9644097222222221 0.8410493827160493 0.9748263888888891 0.7175925925925926 1 0.7175925925925926 1 0.8379629629629629
0 0.9756944444444445 0.7175925925925927 0.9869791666666666 0.5802469135802469 1 0.5817901234567903 1 0.7175925925925927
0 0.25781249999999994 0.9166666666666666 0.32204861111111105 0.9135802469135802 0.32378472222222227 0.9675925925925926 0.2595486111111111 0.9691358024691359
0 0.3211805555555555 0.9120370370370371 0.34201388888888895 0.9120370370370371 0.37934027777777773 0.9675925925925928 0.3255208333333333 0.9691358024691359
0 0.2586805555555555 0.9737654320987653 0.3237847222222222 0.9722222222222222 0.3246527777777778 1 0.2586805555555555 1
0 0.3237847222222222 0.9691358024691357 0.3793402777777778 0.9660493827160493 0.40625000000000006 0.9861111111111113 0.40798611111111105 1 0.3272569444444444 1
0 0.27777777777777773 0.8009259259259258 0.3203125 0.7978395061728396 0.3272569444444444 0.8472222222222222 0.2795138888888889 0.8487654320987654
0 0.18836805555555552 0.8626543209876542 0.2309027777777778 0.8873456790123457 0.2309027777777778 0.9320987654320988 0.1875 0.9089506172839505
1 0.24697608335478413 0.23958309049941515 0.35242021026652987 0.23557333166260486 0.3535479549393828 0.298727033342367 0.2509231897097693 0.3057441113067851
1 0.24923157270048996 0.30273679217917726 0.35354795493938274 0.29972947305156955 0.35523957194866207 0.3648880541497369 0.25317867905547503 0.3699002526957498
1 0.2514870620461957 0.3678953732773446 0.3546756996122357 0.36488805414973685 0.35749506129436787 0.42804175582949905 0.25430642372832796 0.4340563940847145
1 0.2559980407376073 0.4340563940847145 0.35805893363079433 0.428041755829499 0.3608782953129266 0.4871856986724508 0.25938127475616596 0.49320033692766635
1 0.259381274756166 0.4952052163460715 0.35918667830364726 0.4881881383816535 0.3620060399857795 0.5483345209338079 0.2627645087747246 0.5523442797706182
1 0.26107289176544535 0.5533467194798206 0.36200603998577946 0.5493369606430104 0.3653892740043382 0.6074784637767597 0.2627645087747246 0.6094833431951647
1 0.3535479549393828 0.2997294730515696 0.35242021026652987 0.2325660125349971 0.4088074439091746 0.230561133116592 0.4099351885820275 0.2957197142147593
1 0.35467569961223566 0.29972947305156955 0.41049906091845395 0.298727033342367 0.41106293325488047 0.36188073502212914 0.35523957194866207 0.3628831747313317
1 0.35523957194866207 0.36288317473133175 0.4116268055913069 0.35987585560372404 0.4133184226005862 0.4220271175742836 0.3569311889579414 0.4250344367018913
1 0.35749506129436787 0.42503443670189134 0.4127545502641598 0.4230295572834862 0.4138822949370127 0.48317593983564056 0.3597505506400738 0.4851808192540457
1 0.3597505506400738 0.48618325896324827 0.41444616727343914 0.482173500126438 0.41501003960986554 0.5423198826785925 0.3625699123222059 0.5463296415154028
1 0.3620060399857795 0.5473320812246053 0.41501003960986554 0.5433223223877951 0.4161377842827185 0.6024662652307469 0.36651701867719105 0.6044711446491521