0 0.1015625 0.32098765432098775 0.2387152777777778 0.31790123456790126 0.25 0.4830246913580248 0.11458333333333333 0.48456790123456783
0 0.23871527777777776 0.316358024691358 0.37673611111111105 0.316358024691358 0.3793402777777778 0.4799382716049382 0.24826388888888892 0.4799382716049382
0 0.37673611111111105 0.31481481481481477 0.5095486111111112 0.31944444444444436 0.5069444444444445 0.47685185185185175 0.37847222222222227 0.4753086419753086
0 0.11371527777777773 0.48456790123456783 0.24739583333333331 0.478395061728395 0.2569444444444445 0.6342592592592592 0.12760416666666669 0.6358024691358024
0 0.24739583333333331 0.4799382716049382 0.3828125 0.47376543209876537 0.3836805555555556 0.6311728395061729 0.25520833333333337 0.6311728395061729
0 0.3836805555555555 0.47376543209876537 0.5078125 0.4737654320987654 0.5052083333333334 0.6265432098765432 0.3845486111111111 0.6250000000000001
0 0.13541666666666663 0.6373456790123456 0.2621527777777778 0.6296296296296297 0.26996527777777773 0.7716049382716049 0.14409722222222224 0.7824074074074073
0 0.2621527777777778 0.6280864197530863 0.39236111111111105 0.6249999999999999 0.3940972222222222 0.7685185185185184 0.2682291666666667 0.7716049382716049
0 0.3932291666666667 0.6234567901234567 0.5182291666666666 0.6219135802469137 0.515625 0.7654320987654321 0.39322916666666674 0.7654320987654321
0 0.1475694444444444 0.7777777777777777 0.2708333333333333 0.7700617283950617 0.2760416666666667 0.9089506172839507 0.15885416666666666 0.9089506172839507
0 0.2717013888888889 0.7716049382716049 0.3967013888888889 0.7669753086419753 0.39843750000000006 0.904320987654321 0.2751736111111111 0.9089506172839507
0 0.3975694444444444 0.7669753086419753 0.5182291666666666 0.7623456790123457 0.5147569444444445 0.896604938271605 0.39670138888888895 0.9027777777777778
0 0.15451388888888887 0.9058641975308641 0.2760416666666667 0.904320987654321 0.2803819444444444 1 0.15885416666666669 1
0 0.2760416666666667 0.9058641975308641 0.3993055555555555 0.9012345679012347 0.40104166666666674 1 0.2777777777777778 1
0 0.3984375 0.9012345679012345 0.5164930555555556 0.8966049382716049 0.5147569444444444 1 0.3984375 1
0 0.5954861111111109 0.5324074074074072 0.6015625 0.3472222222222222 0.7178819444444444 0.33796296296296313 0.7074652777777778 0.5231481481481479
0 0.7083333333333333 0.5246913580246914 0.7178819444444444 0.3441358024691359 0.8359375 0.33487654320987653 0.8194444444444444 0.5200617283950618
0 0.8194444444444443 0.5138888888888887 0.8315972222222221 0.33179012345679015 0.9401041666666666 0.3348765432098766 0.9270833333333334 0.5108024691358025
0 0.5911458333333333 0.691358024691358 0.5911458333333334 0.5246913580246914 0.7100694444444445 0.5200617283950618 0.7022569444444444 0.6882716049382717
0 0.7022569444444443 0.6867283950617283 0.7074652777777778 0.5216049382716049 0.8211805555555556 0.5092592592592593 0.8098958333333333 0.6805555555555556
0 0.8098958333333333 0.6759259259259258 0.8203125 0.5077160493827161 0.9288194444444444 0.507716049382716 0.9166666666666665 0.6743827160493827
0 0.5859374999999999 0.8441358024691357 0.5911458333333334 0.6882716049382717 0.6996527777777778 0.6820987654320987 0.6909722222222222 0.8379629629629629
0 0.6927083333333333 0.8410493827160493 0.7022569444444444 0.6851851851851851 0.810763888888889 0.6790123456790121 0.7994791666666666 0.8302469135802467
0 0.8003472222222221 0.83179012345679 0.8107638888888891 0.6743827160493827 0.9166666666666665 0.66820987654321 0.9019097222222222 0.8302469135802468
0 0.5807291666666665 0.9876543209876542 0.5850694444444445 0.8410493827160496 0.6918402777777778 0.8379629629629629 0.6848958333333334 0.9814814814814817
0 0.6874999999999999 0.9799382716049382 0.693576388888889 0.8364197530864198 0.7986111111111112 0.8302469135802468 0.7890625 0.9799382716049384
0 0.7925347222222221 0.978395061728395 0.8012152777777778 0.8287037037037038 0.9079861111111112 0.8271604938271604 0.896701388888889 0.9753086419753088
0 0.0008680555555555433 0.8996913580246912 0.05121527777777777 0.8966049382716049 0.0607638888888889 1 0 1
0 0.04600694444444443 0.8996913580246912 0.032986111111111084 0.7700617283950617 0 0.7685185185185186 0 0.9027777777777778
0 0.023437499999999993 0.7685185185185184 0.010416666666666675 0.6358024691358025 0 0.6327160493827161 0 0.7685185185185184