0 0.5946180555555555 0.6095679012345678 0.5980902777777778 0.45679012345679015 0.724826388888889 0.44907407407407396 0.7213541666666666 0.6064814814814815
0 0.7222222222222221 0.6049382716049383 0.7274305555555556 0.4459876543209875 0.8628472222222222 0.4413580246913579 0.8515625000000001 0.6049382716049382
0 0.8515625000000001 0.6003086419753086 0.8628472222222224 0.44290123456790126 0.990451388888889 0.441358024691358 0.9765625000000001 0.6049382716049382
0 0.5894097222222221 0.7546296296296297 0.592013888888889 0.6080246913580246 0.7178819444444444 0.6064814814814815 0.7144097222222222 0.7515432098765432
0 0.7152777777777776 0.75 0.7196180555555556 0.6064814814814815 0.8472222222222221 0.6049382716049383 0.8385416666666666 0.7484567901234568
0 0.8420138888888888 0.7499999999999999 0.8498263888888888 0.603395061728395 0.9774305555555555 0.6003086419753086 0.9644097222222224 0.7438271604938272
0 0.5911458333333334 0.7530864197530863 0.7118055555555556 0.75 0.709201388888889 0.8904320987654322 0.5894097222222222 0.8858024691358024
0 0.7092013888888888 0.8873456790123456 0.7144097222222222 0.7515432098765431 0.8394097222222222 0.7515432098765433 0.8315972222222221 0.8873456790123455
0 0.8324652777777776 0.8873456790123456 0.8411458333333333 0.7530864197530865 0.9618055555555556 0.7500000000000001 0.9487847222222222 0.8842592592592593
0 0.6067708333333333 0.8873456790123456 0.7222222222222222 0.8888888888888888 0.7213541666666666 0.9737654320987658 0.603298611111111 0.9567901234567903
0 0.7239583333333333 0.8858024691358025 0.8480902777777779 0.8888888888888888 0.8428819444444445 0.978395061728395 0.7196180555555556 0.9737654320987653
0 0.8480902777777776 0.8858024691358025 0.9644097222222224 0.8811728395061729 0.9539930555555556 1 0.84375 0.983024691358025
0 0.12326388888888887 0.5354938271604939 0.18663194444444445 0.5324074074074074 0.19444444444444436 0.6589506172839505 0.13194444444444448 0.6589506172839505
0 0.18749999999999997 0.5354938271604938 0.2534722222222222 0.5385802469135802 0.2586805555555555 0.6604938271604938 0.1935763888888889 0.6604938271604938
0 0.2517361111111111 0.5370370370370371 0.3185763888888889 0.5416666666666666 0.3211805555555555 0.6635802469135802 0.2595486111111111 0.6635802469135802
0 0.3185763888888889 0.5416666666666666 0.453125 0.5432098765432098 0.4557291666666667 0.6666666666666666 0.32204861111111105 0.6651234567901234
0 0.13107638888888887 0.6574074074074074 0.2595486111111111 0.6604938271604939 0.26388888888888884 0.7716049382716049 0.1397569444444444 0.7669753086419754
0 0.2586805555555555 0.6635802469135801 0.3237847222222222 0.6651234567901235 0.328125 0.7746913580246914 0.2621527777777778 0.7746913580246916
0 0.32465277777777773 0.662037037037037 0.39409722222222227 0.6635802469135801 0.39409722222222227 0.7746913580246915 0.3289930555555555 0.7762345679012345
0 0.3958333333333333 0.6635802469135801 0.45659722222222227 0.6620370370370371 0.4565972222222222 0.7777777777777777 0.39583333333333337 0.7777777777777777
0 0.13888888888888887 0.7716049382716049 0.20138888888888887 0.7700617283950618 0.20920138888888887 0.882716049382716 0.14670138888888887 0.882716049382716
0 0.20225694444444445 0.7700617283950618 0.2647569444444445 0.7746913580246915 0.2690972222222222 0.8780864197530863 0.21180555555555552 0.8780864197530864
0 0.2647569444444444 0.7762345679012345 0.328125 0.779320987654321 0.3315972222222222 0.8842592592592594 0.2708333333333333 0.8796296296296297
0 0.3272569444444444 0.7762345679012345 0.4557291666666667 0.779320987654321 0.4574652777777777 0.8858024691358024 0.33159722222222215 0.8842592592592593
0 0.14236111111111108 0.882716049382716 0.27170138888888895 0.8811728395061731 0.2743055555555556 0.9814814814814815 0.1623263888888889 0.9799382716049382 0.14409722222222224 0.9351851851851852
0 0.2734375 0.8780864197530863 0.3342013888888889 0.882716049382716 0.3376736111111111 0.9783950617283953 0.27517361111111105 0.979938271604938
0 0.3342013888888889 0.8842592592592593 0.3967013888888888 0.882716049382716 0.3967013888888889 0.978395061728395 0.33420138888888895 0.9799382716049384
0 0.3975694444444444 0.8842592592592593 0.45225694444444436 0.8873456790123456 0.4522569444444445 0.9753086419753085 0.39409722222222227 0.9753086419753085
0 0.13541666666666663 0.8858024691358025 0.1388888888888889 0.9753086419753088 0 0.9799382716049384 0.0008680555555555506 0.8873456790123457
0 0.1284722222222222 0.8842592592592593 0.12152777777777776 0.794753086419753 0.0008680555555555654 0.8024691358024693 0.000868055555555558 0.8873456790123456
0 0.1223958333333333 0.7947530864197531 0.11371527777777776 0.6944444444444444 0 0.7006172839506173 0.0008680555555555506 0.8070987654320988
0 0.11111111111111108 0.6975308641975307 0.10243055555555557 0.5941358024691358 0 0.5987654320987654 0.0008680555555555506 0.7006172839506173
0 0.0998263888888889 0.5941358024691358 0.08940972222222224 0.48456790123456794 0 0.48919753086419754 1.4802973661668754e-17 0.5987654320987654
0 0.08680555555555554 0.48456790123456783 0.07725694444444446 0.3719135802469137 0 0.37345679012345684 0 0.4861111111111111
0 0.39062500000000006 0.5416666666666666 0.3897569444444445 0.48765432098765427 0.4574652777777778 0.48765432098765427 0.45833333333333337 0.5416666666666666
0 0.32204861111111105 0.5432098765432097 0.3211805555555556 0.4938271604938272 0.38888888888888895 0.49074074074074064 0.3897569444444444 0.5416666666666665
0 0.2552083333333333 0.5401234567901234 0.2517361111111112 0.49537037037037035 0.3211805555555555 0.4938271604938273 0.32204861111111105 0.5432098765432098
0 0.12760416666666663 0.5339506172839504 0.11979166666666667 0.4166666666666668 0.12500000000000003 0.4166666666666668 0.1310763888888889 0.4938271604938273 0.2508680555555555 0.492283950617284 0.2534722222222222 0.5432098765432098