0 0.10937499999999999 0.8379629629629631 0.12152777777777776 0.9830246913580245 0.016493055555555566 0.9830246913580245 7.401486830834377e-18 0.8626543209876543 0 0.8395061728395062
0 0.1067708333333333 0.8425925925925926 0.0911458333333333 0.6959876543209877 0 0.6913580246913581 0 0.8395061728395061
0 0.0894097222222222 0.6944444444444443 0.07291666666666664 0.5308641975308641 0 0.5324074074074073 0 0.691358024691358
0 0.07291666666666664 0.5354938271604938 0.05468750000000001 0.3611111111111112 0 0.3611111111111112 1.4802973661668754e-17 0.5385802469135803
0 0.05729166666666665 0.35956790123456783 0.17881944444444448 0.35956790123456783 0.1875 0.5339506172839507 0.07291666666666667 0.5339506172839507
0 0.0737847222222222 0.5324074074074073 0.19010416666666666 0.5324074074074073 0.20225694444444448 0.6975308641975309 0.08940972222222224 0.6975308641975307
0 0.09201388888888887 0.6959876543209876 0.203125 0.6929012345679012 0.21354166666666663 0.8441358024691358 0.10850694444444443 0.8425925925925927
0 0.11024305555555554 0.8410493827160493 0.2170138888888889 0.8441358024691359 0.22222222222222218 0.9351851851851853 0.1944444444444444 0.9814814814814815 0.12152777777777773 0.984567901234568
0 0.3463541666666667 0.4398148148148148 0.3428819444444445 0.345679012345679 0.41927083333333337 0.34259259259259267 0.421875 0.44135802469135804
0 0.421875 0.44290123456790115 0.41927083333333337 0.3425925925925926 0.4956597222222222 0.3410493827160493 0.49479166666666663 0.441358024691358
0 0.4939236111111111 0.441358024691358 0.49392361111111105 0.3410493827160494 0.5677083333333334 0.3379629629629631 0.5668402777777779 0.4351851851851853
0 0.5659722222222221 0.43827160493827155 0.5677083333333334 0.3364197530864197 0.6432291666666666 0.33950617283950624 0.6406250000000001 0.4413580246913581
0 0.640625 0.43827160493827166 0.6432291666666666 0.3410493827160494 0.7161458333333335 0.34567901234567905 0.7109375 0.43981481481481494
0 0.3463541666666667 0.43827160493827155 0.4201388888888888 0.43672839506172845 0.42187500000000006 0.5354938271604938 0.34982638888888895 0.5324074074074074
0 0.4192708333333333 0.43672839506172845 0.4939236111111112 0.4367283950617284 0.4939236111111112 0.5324074074074073 0.4210069444444445 0.5324074074074074
0 0.49479166666666663 0.43672839506172834 0.5677083333333333 0.4382716049382716 0.5677083333333334 0.5308641975308641 0.4939236111111112 0.5324074074074074
0 0.5668402777777778 0.43827160493827155 0.6414930555555556 0.44290123456790126 0.6397569444444444 0.5308641975308642 0.5651041666666666 0.529320987654321
0 0.6414930555555556 0.43827160493827166 0.7135416666666667 0.4382716049382716 0.7074652777777778 0.529320987654321 0.638888888888889 0.529320987654321
0 0.3463541666666667 0.5324074074074073 0.42187500000000006 0.5324074074074073 0.42187500000000006 0.6234567901234567 0.3506944444444445 0.6265432098765432
0 0.4210069444444444 0.5324074074074073 0.4939236111111111 0.5339506172839505 0.4947916666666667 0.6234567901234567 0.421875 0.6249999999999999
0 0.4930555555555555 0.5308641975308641 0.5677083333333334 0.5308641975308642 0.5651041666666666 0.6203703703703703 0.4947916666666667 0.6219135802469137
0 0.5668402777777778 0.5277777777777777 0.6432291666666666 0.5262345679012345 0.6380208333333334 0.6203703703703702 0.5659722222222222 0.6188271604938272
0 0.640625 0.5277777777777778 0.7109375000000001 0.5262345679012347 0.7057291666666666 0.6188271604938272 0.6380208333333334 0.6203703703703702
0 0.3489583333333333 0.6234567901234567 0.42187500000000006 0.6188271604938272 0.4244791666666667 0.7145061728395062 0.3541666666666667 0.7160493827160492
0 0.4210069444444444 0.6188271604938271 0.4930555555555555 0.6219135802469136 0.4930555555555555 0.7098765432098765 0.42361111111111105 0.7129629629629628
0 0.4939236111111111 0.6203703703703702 0.5642361111111112 0.6203703703703703 0.564236111111111 0.7114197530864196 0.4921875 0.7098765432098766
0 0.5651041666666665 0.6188271604938271 0.638888888888889 0.6219135802469136 0.6362847222222222 0.7052469135802469 0.5633680555555556 0.70679012345679
0 0.6371527777777776 0.6188271604938271 0.7074652777777778 0.617283950617284 0.701388888888889 0.7083333333333334 0.6354166666666666 0.7052469135802469
0 0.3524305555555555 0.7160493827160493 0.42361111111111105 0.7129629629629628 0.42534722222222215 0.7947530864197532 0.35677083333333337 0.800925925925926
0 0.42361111111111105 0.7114197530864197 0.49479166666666663 0.7098765432098766 0.49479166666666663 0.7978395061728397 0.4244791666666667 0.7962962962962964
0 0.49218749999999994 0.7083333333333333 0.5659722222222222 0.7114197530864198 0.5625 0.7978395061728395 0.4939236111111112 0.7947530864197531
0 0.564236111111111 0.70679012345679 0.634548611111111 0.7098765432098766 0.6302083333333334 0.7947530864197531 0.5616319444444445 0.7993827160493827
0 0.6310763888888888 0.7932098765432098 0.6354166666666666 0.70679012345679 0.703125 0.7037037037037038 0.6979166666666666 0.787037037037037
0 0.35590277777777773 0.7993827160493826 0.42447916666666674 0.7962962962962962 0.42621527777777773 0.8796296296296299 0.3602430555555555 0.8780864197530865
0 0.4244791666666667 0.7947530864197531 0.4939236111111112 0.7947530864197532 0.49565972222222227 0.8796296296296299 0.42795138888888895 0.8780864197530863
0 0.49479166666666663 0.7947530864197531 0.5651041666666666 0.7947530864197532 0.5625 0.8780864197530863 0.4921875 0.8780864197530864
0 0.564236111111111 0.7932098765432098 0.6319444444444444 0.7947530864197531 0.6276041666666666 0.8719135802469135 0.5625 0.8719135802469135
0 0.6319444444444443 0.7901234567901236 0.701388888888889 0.7885802469135804 0.693576388888889 0.8703703703703703 0.6302083333333333 0.8703703703703706
0 0.3576388888888889 0.8780864197530863 0.4270833333333333 0.8765432098765431 0.4288194444444444 0.9537037037037037 0.36371527777777773 0.9552469135802468
0 0.4279513888888889 0.8765432098765433 0.4939236111111112 0.8765432098765433 0.4947916666666667 0.9490740740740741 0.4288194444444445 0.9521604938271606
0 0.4956597222222222 0.8780864197530865 0.5625 0.8765432098765431 0.5616319444444445 0.9537037037037037 0.49652777777777785 0.9521604938271606
0 0.5624999999999999 0.8703703703703703 0.6293402777777778 0.8703703703703703 0.6258680555555556 0.9506172839506172 0.5625 0.9537037037037037
0 0.6293402777777776 0.8688271604938271 0.6944444444444444 0.8703703703703703 0.6918402777777778 0.9444444444444446 0.626736111111111 0.9444444444444444
0 0.36284722222222227 0.9552469135802468 0.4288194444444444 0.9521604938271606 0.4288194444444444 1 0.3645833333333333 1
0 0.4288194444444444 0.9521604938271604 0.4947916666666667 0.9490740740740741 0.4921874999999999 1 0.42795138888888895 0.9984567901234567
0 0.4930555555555555 0.9521604938271604 0.5625 0.9537037037037037 0.560763888888889 1 0.4930555555555556 1
0 0.5616319444444444 0.9521604938271604 0.626736111111111 0.9490740740740741 0.625 1 0.5616319444444445 1
0 0.6267361111111109 0.9444444444444444 0.6927083333333334 0.941358024691358 0.693576388888889 1 0.626736111111111 0.9984567901234567
0 0.7656249999999999 0.574074074074074 0.7760416666666666 0.3379629629629631 0.9722222222222222 0.3379629629629631 0.953125 0.5771604938271604
0 0.7517361111111109 0.7916666666666665 0.7647569444444444 0.5725308641975307 0.9513888888888888 0.574074074074074 0.9279513888888891 0.7885802469135802
0 0.7413194444444443 0.9876543209876542 0.75 0.7916666666666667 0.9296875 0.7854938271604938 0.9088541666666665 0.9830246913580245
0 0.953125 0.5740740740740741 0.9713541666666666 0.337962962962963 1 0.33796296296296297 0.9991319444444443 0.5694444444444443
0 0.9279513888888888 0.787037037037037 0.953125 0.5694444444444443 1 0.5694444444444442 0.9991319444444444 0.7839506172839508
0 0.9088541666666665 0.9799382716049382 0.9296875 0.7839506172839508 1 0.7824074074074076 1 0.9768518518518521