0 0.051215277777777755 0.3734567901234568 0.18142361111111108 0.3672839506172839 0.19010416666666666 0.5509259259259259 0.07204861111111113 0.5570987654320986
0 0 0.3780864197530864 0.053819444444444434 0.3811728395061729 0.07204861111111112 0.5570987654320987 0 0.5555555555555556
0 0.07291666666666667 0.5509259259259259 0.19270833333333334 0.5509259259259259 0.20572916666666666 0.7191358024691357 0.0894097222222222 0.7253086419753085
0 0.0729166666666667 0.558641975308642 0.09027777777777782 0.7253086419753086 0.0017361111111111013 0.7268518518518519 0.0008680555555555654 0.5570987654320987
0 0.09288194444444443 0.7222222222222222 0.20833333333333331 0.7175925925925924 0.21875 0.8719135802469137 0.1076388888888889 0.8734567901234567
0 0.0017361111111111086 0.728395061728395 0.08940972222222222 0.7268518518518519 0.10677083333333331 0.875 0 0.8750000000000002
0 0.1085069444444444 0.8734567901234567 0.22482638888888884 0.8734567901234567 0.23263888888888887 1 0.12152777777777773 1
0 0.0008680555555555433 0.8734567901234567 0.10677083333333333 0.8734567901234567 0.11718749999999999 0.9984567901234569 0.015625 1
0 0.3576524479829235 0.45774236772733784 0.35468437787518137 0.35880669746926763 0.4311121831495405 0.35484927065894484 0.43408025325728267 0.45114665637679974
0 0.43408025325728267 0.44982751410669203 0.431854200676476 0.350891843848622 0.5090240234777706 0.3495727015785144 0.5105080585316418 0.453784940917015
0 0.5097660410047063 0.4524657986469072 0.5082820059508353 0.3482535593084068 0.5869358638060009 0.344296132498084 0.5884198988598721 0.44982751410669214
0 0.588419898859872 0.4471892295664771 0.588419898859872 0.34165784795786897 0.66336366908036 0.3456152747681918 0.66336366908036 0.44850837183658454
0 0.7345973516661706 0.4458700872963694 0.7397914743547193 0.3522109861187296 0.6663317391881023 0.3469344170382992 0.6663317391881022 0.4485083718365846
0 0.3576524479829235 0.4564232254572302 0.43408025325728267 0.4524657986469073 0.43556428831115374 0.5514014689049773 0.36062051809066553 0.552720611175085
0 0.43408025325728267 0.44982751410669214 0.5105080585316418 0.4511466563767997 0.5105080585316418 0.5500823266348699 0.4355642883111537 0.5514014689049773
0 0.5097660410047063 0.4511466563767998 0.5884198988598721 0.45114665637679974 0.5876778813329365 0.5487631843647622 0.5105080585316418 0.5500823266348698
0 0.5876778813329365 0.44982751410669214 0.6626216515534246 0.4511466563767998 0.6626216515534246 0.546124899824547 0.5876778813329364 0.546124899824547
0 0.6626216515534246 0.4485083718365846 0.7375654217739126 0.44982751410669214 0.7323712990853639 0.5421674730142242 0.6626216515534246 0.5408483307441166
0 0.3606205180906656 0.5540397534451926 0.4348222707842181 0.5514014689049773 0.4385323584188958 0.6450605700826172 0.3628465706714722 0.6450605700826172
0 0.43556428831115374 0.5500823266348699 0.5105080585316418 0.552720611175085 0.5119920935855129 0.6463797123527247 0.4370483233650247 0.6476988546228324
0 0.5105080585316418 0.5527206111750851 0.5854518287521299 0.5474440420946546 0.5861938462790655 0.642422285542402 0.5097660410047063 0.6437414278125095
0 0.586935863806001 0.5487631843647622 0.6611376164995535 0.5487631843647621 0.6611376164995535 0.6411031432722945 0.5847098112251944 0.6397840010021868
0 0.6618796340264891 0.5434866152843318 0.7331133166122996 0.546124899824547 0.7286612114506864 0.6358265741918641 0.6626216515534246 0.635826574191864
0 0.3606205180906656 0.6476988546228324 0.4348222707842181 0.6476988546228324 0.4363063058380892 0.7347622444499342 0.36358858819840767 0.7387196712602568
0 0.43556428831115374 0.6437414278125095 0.5097660410047063 0.6437414278125095 0.5112500760585773 0.7360813867200416 0.43630630583808916 0.734762244449934
0 0.5097660410047063 0.6411031432722945 0.5847098112251944 0.6397840010021869 0.5817417411174522 0.7321239599097189 0.5105080585316418 0.7347622444499342
0 0.5832257761713233 0.6384648587320793 0.660395598972618 0.6384648587320791 0.6581695463918114 0.7308048176396112 0.5832257761713233 0.7308048176396112
0 0.660395598972618 0.6358265741918641 0.7301452465045575 0.6345074319217563 0.7264351588698797 0.7268473908292883 0.658911563918747 0.7294856753695037
0 0.3628465706714722 0.7413579558004721 0.4355642883111537 0.7360813867200416 0.4385323584188958 0.8257830610873585 0.3680406933600208 0.8284213456275736
0 0.43482227078421815 0.7347622444499342 0.5105080585316418 0.7347622444499342 0.5127341111124484 0.8244639188172511 0.4385323584188958 0.8257830610873587
0 0.5105080585316418 0.824463918817251 0.5112500760585773 0.7347622444499342 0.5832257761713233 0.7294856753695037 0.5817417411174522 0.8297404878976814
0 0.5832257761713233 0.8297404878976815 0.5839677936982589 0.7321239599097189 0.6581695463918114 0.7321239599097189 0.6529754237032627 0.8284213456275739
0 0.6552014762840693 0.8231447765471434 0.6574275288648759 0.7321239599097189 0.7249511238160088 0.7268473908292884 0.7212410361813311 0.8191873497368206
0 0.3680406933600208 0.8284213456275739 0.43779034089196023 0.8257830610873587 0.44075841099970237 0.9088890241041374 0.37175078099469844 0.9128464509144603
0 0.4377903408919603 0.8244639188172511 0.5097660410047062 0.8231447765471434 0.5105080585316418 0.9088890241041375 0.44150042852663784 0.910208166374245
0 0.5082820059508353 0.8244639188172511 0.5832257761713232 0.8271022033574662 0.5817417411174522 0.9062507395639223 0.5112500760585773 0.9062507395639223
0 0.5824837586443878 0.8271022033574663 0.6544594587571338 0.824463918817251 0.6522334061763272 0.9022933127535995 0.5809997235905168 0.9062507395639223
0 0.6544594587571338 0.8231447765471435 0.7212410361813311 0.8139107806563902 0.7153048959658469 0.8943784591329538 0.6514913886493917 0.8983358859432766
0 0.6500073535955206 0.8983358859432767 0.7167889310197179 0.8943784591329538 0.7145628784389114 0.9788035644198403 0.6485233185416496 0.9774844221497325
0 0.5817417411174524 0.9062507395639224 0.6507493711224562 0.9049315972938144 0.646297265960843 0.9814418489600556 0.5787736710097102 0.9840801335002707
0 0.5097660410047063 0.9062507395639224 0.5824837586443877 0.9062507395639222 0.5795156885366456 0.9893567025807013 0.5097660410047061 0.9893567025807011
0 0.4415004285266379 0.9102081663742451 0.5119920935855128 0.9049315972938147 0.5090240234777706 0.9919949871209164 0.4407584109997024 0.9919949871209164
0 0.3702667459408274 0.9128464509144604 0.44298446358050886 0.9102081663742451 0.4422424460535735 0.9919949871209164 0.37249279852163397 0.995952413931239
0 0.7768923507014956 0.8191873497368206 0.948298399423602 0.8205064920069283 0.9364261189926336 1 0.7657620877974627 0.9999098407415621
0 0.787280596078593 0.589656594738098 0.9653648025431193 0.5988905906288511 0.948298399423602 0.8205064920069282 0.7746662981206889 0.817868207466713
0 0.788764631132464 0.5883374524679903 0.802862964144239 0.34429613249808394 0.9861412932973138 0.3469344170382992 0.9661068200700547 0.5988905906288511
0 0.9490404169505376 0.8165490651966054 1 0.8165490651966053 1 1 0.9356841014656981 0.9985906984714545
0 0.948298399423602 0.8191873497368206 0.9661068200700547 0.5975714483587434 1 0.5975714483587435 0.9994976087821532 0.8191873497368206
0 0.9668488375969901 0.596252306088636 0.9883673458781206 0.344296132498084 1 0.3429769902279764 1 0.5975714483587435