0 0.09201388888888887 0.5216049382716049 0.078125 0.3425925925925926 0 0.3410493827160494 0 0.5231481481481481
0 0.09374999999999997 0.5216049382716049 0.07812500000000003 0.34104938271604934 0.19444444444444445 0.3410493827160493 0.20572916666666666 0.5246913580246915
0 0.10069444444444443 0.5169753086419753 0.21006944444444448 0.5185185185185185 0.21961805555555552 0.6851851851851852 0.11284722222222224 0.6790123456790124
0 0.10937499999999997 0.6836419753086419 0.09461805555555557 0.5216049382716049 0 0.5216049382716049 0.0008680555555555654 0.6836419753086419
0 0.1145833333333333 0.6790123456790123 0.22569444444444448 0.6851851851851851 0.23003472222222218 0.8395061728395061 0.12934027777777776 0.8364197530864197
0 0 0.6882716049382716 0.1145833333333333 0.6882716049382716 0.1223958333333333 0.8410493827160493 0.015625 0.8410493827160496
0 0.12586805555555552 0.8364197530864197 0.22916666666666669 0.8364197530864197 0.24218749999999997 0.978395061728395 0.1371527777777778 0.9768518518518519
0 0.01736111111111111 0.8425925925925926 0.12152777777777773 0.8425925925925928 0.13368055555555555 0.9737654320987655 0.03385416666666668 0.9753086419753088
0 0.01736111111111111 0.8503086419753085 0.03211805555555555 0.9737654320987653 0 0.9706790123456791 0 0.845679012345679
0 0.5703124999999999 0.3101851851851851 0.6675347222222222 0.30864197530864196 0.6649305555555556 0.441358024691358 0.5703125 0.44290123456790126
0 0.4730902777777778 0.316358024691358 0.5720486111111112 0.3117283950617284 0.5685763888888888 0.44290123456790126 0.4739583333333332 0.44598765432098764
0 0.29079861111111105 0.5787037037037036 0.2864583333333333 0.45061728395061734 0.4791666666666666 0.44290123456790126 0.4791666666666666 0.5740740740740741
0 0.375 0.316358024691358 0.47309027777777785 0.31327160493827166 0.47135416666666663 0.44598765432098764 0.37760416666666674 0.4490740740740742
0 0.27517361111111105 0.3179012345679012 0.3741319444444444 0.3179012345679012 0.376736111111111 0.45061728395061723 0.28125 0.44907407407407407
0 0.4800347222222222 0.44290123456790115 0.6675347222222222 0.43827160493827155 0.6640625 0.5663580246913581 0.48090277777777785 0.5740740740740741
0 0.28732638888888895 0.5787037037037036 0.3819444444444444 0.5740740740740741 0.3862847222222222 0.7037037037037037 0.2942708333333333 0.7006172839506174
0 0.3819444444444444 0.5725308641975307 0.4765625 0.5709876543209877 0.4765625 0.691358024691358 0.38541666666666663 0.7021604938271604
0 0.4774305555555555 0.5694444444444443 0.5703125 0.566358024691358 0.5703125 0.6913580246913581 0.4782986111111112 0.6929012345679013
0 0.572048611111111 0.566358024691358 0.6631944444444444 0.5617283950617283 0.6623263888888891 0.6867283950617284 0.5703125 0.6867283950617284
0 0.3003472222222222 0.699074074074074 0.48090277777777785 0.6929012345679013 0.4791666666666667 0.808641975308642 0.30208333333333337 0.8148148148148149
0 0.4809027777777778 0.6944444444444443 0.6614583333333334 0.6820987654320987 0.6614583333333334 0.7978395061728395 0.4791666666666666 0.8070987654320987
0 0.3020833333333333 0.8132716049382716 0.3914930555555555 0.808641975308642 0.39322916666666674 0.9182098765432097 0.3046875 0.9135802469135801
0 0.39236111111111105 0.8086419753086419 0.48003472222222227 0.8070987654320988 0.48177083333333326 0.9151234567901236 0.39496527777777773 0.91820987654321
0 0.47916666666666663 0.8055555555555556 0.6605902777777778 0.7947530864197532 0.657986111111111 0.9058641975308641 0.4791666666666667 0.9120370370370372
0 0.3125 0.9135802469135801 0.4869791666666667 0.9151234567901234 0.48958333333333326 0.9953703703703703 0.3619791666666667 0.9938271604938274 0.3159722222222222 0.9660493827160496
0 0.4861111111111111 0.9104938271604938 0.657986111111111 0.902777777777778 0.6571180555555556 0.9907407407407407 0.4895833333333333 0.9938271604938274
0 0.8020833333333333 0.6003086419753085 0.818576388888889 0.35185185185185186 1 0.35339506172839513 0.9973958333333334 0.5941358024691359
0 0.7925347222222222 0.816358024691358 0.8064236111111112 0.6018518518518519 1 0.5925925925925924 0.9991319444444444 0.8070987654320986
0 0.7907986111111109 0.8179012345679012 0.9626736111111112 0.8132716049382718 0.9435763888888888 0.9969135802469135 0.7786458333333334 0.9984567901234569
0 0.9626736111111109 0.8101851851851852 1 0.8086419753086418 0.9973958333333335 0.992283950617284 0.9444444444444444 0.9922839506172838