0 0.07899305555555554 0.324074074074074 0.22135416666666666 0.31790123456790126 0.23177083333333334 0.49074074074074076 0.0963541666666667 0.49537037037037035
0 0.22135416666666663 0.3179012345679012 0.3663194444444445 0.316358024691358 0.3697916666666667 0.48302469135802456 0.2300347222222222 0.4876543209876544
0 0.3680555555555555 0.30709876543209874 0.5078125 0.316358024691358 0.5060763888888888 0.4830246913580248 0.37239583333333326 0.4830246913580248
0 0.09722222222222224 0.4969135802469137 0.2265625 0.49074074074074064 0.23697916666666663 0.6435185185185184 0.109375 0.6496913580246915
0 0.23003472222222224 0.4876543209876544 0.37239583333333337 0.4861111111111111 0.375 0.6404320987654322 0.23697916666666666 0.6450617283950618
0 0.3732638888888889 0.4799382716049383 0.5034722222222222 0.4814814814814814 0.5052083333333333 0.6342592592592592 0.37673611111111105 0.6435185185185184
0 0.10850694444444443 0.6496913580246914 0.23871527777777776 0.6450617283950617 0.24652777777777776 0.7824074074074072 0.12413194444444443 0.7901234567901234
0 0.23871527777777776 0.6404320987654322 0.3741319444444445 0.6404320987654322 0.3776041666666667 0.7885802469135804 0.24826388888888887 0.785493827160494
0 0.3758680555555555 0.6373456790123456 0.5078125 0.6373456790123457 0.5052083333333333 0.7824074074074073 0.37760416666666663 0.7824074074074074
0 0.12065972222222224 0.7885802469135804 0.2465277777777778 0.7839506172839508 0.2543402777777778 0.9197530864197531 0.1328125 0.9228395061728394
0 0.24913194444444445 0.7839506172839505 0.37760416666666674 0.7824074074074076 0.3828125 0.9212962962962963 0.25781250000000006 0.9197530864197531
0 0.3810763888888889 0.779320987654321 0.5078124999999999 0.7762345679012347 0.5060763888888888 0.9120370370370371 0.384548611111111 0.9151234567901236
0 0.1310763888888889 0.9197530864197532 0.2560763888888889 0.9182098765432097 0.2612847222222222 1 0.13628472222222224 1
0 0.25607638888888884 0.9182098765432097 0.38281250000000006 0.9212962962962965 0.3862847222222222 1 0.2604166666666667 1
0 0.384548611111111 0.9151234567901236 0.5078124999999999 0.9120370370370371 0.5112847222222222 1 0.3854166666666667 1
0 0.5954861111111112 0.45216049382716045 0.5980902777777779 0.33796296296296297 0.6744791666666666 0.33796296296296297 0.6692708333333334 0.4475308641975308
0 0.5911458333333333 0.5447530864197531 0.59375 0.45061728395061734 0.670138888888889 0.4521604938271605 0.6675347222222224 0.5509259259259258
0 0.5937499999999999 0.6466049382716048 0.5894097222222222 0.5493827160493827 0.6649305555555556 0.5447530864197532 0.6640625 0.6466049382716049
0 0.5885416666666665 0.7391975308641975 0.5885416666666666 0.6466049382716049 0.6640625 0.6435185185185185 0.662326388888889 0.7345679012345679
0 0.5911458333333333 0.8256172839506172 0.5894097222222222 0.7361111111111112 0.6640625 0.7376543209876543 0.6623263888888888 0.8256172839506172
0 0.5920138888888888 0.8271604938271606 0.6614583333333334 0.8256172839506172 0.6588541666666666 0.9074074074074077 0.5911458333333334 0.9089506172839504
0 0.5885416666666665 0.9104938271604938 0.6588541666666666 0.9089506172839504 0.65625 0.9830246913580245 0.5911458333333334 0.9830246913580245
0 0.673611111111111 0.44290123456790115 0.6744791666666666 0.337962962962963 0.7491319444444444 0.3364197530864198 0.7456597222222222 0.44135802469135804
0 0.6684027777777778 0.5447530864197532 0.671875 0.4398148148148148 0.7456597222222222 0.44290123456790115 0.743923611111111 0.5478395061728395
0 0.6649305555555556 0.6435185185185185 0.6684027777777778 0.54320987654321 0.7421875000000001 0.5447530864197532 0.7395833333333333 0.6404320987654322
0 0.6640625 0.7345679012345679 0.665798611111111 0.6435185185185184 0.7387152777777778 0.6404320987654322 0.7369791666666667 0.7283950617283951
0 0.6623263888888888 0.8240740740740741 0.6640625 0.7345679012345679 0.7369791666666666 0.7283950617283951 0.7352430555555556 0.8317901234567902
0 0.6614583333333333 0.9104938271604938 0.662326388888889 0.8256172839506174 0.734375 0.8256172839506174 0.7300347222222222 0.9089506172839504
0 0.6614583333333333 0.9074074074074074 0.7291666666666667 0.9074074074074078 0.7300347222222222 0.984567901234568 0.6605902777777778 0.9799382716049382
0 0.7317708333333334 0.9058641975308643 0.8020833333333334 0.9089506172839504 0.7994791666666666 0.984567901234568 0.7317708333333334 0.9845679012345678
0 0.7335069444444444 0.9058641975308643 0.7352430555555556 0.8317901234567903 0.806423611111111 0.8302469135802468 0.802951388888889 0.9104938271604939
0 0.736111111111111 0.8256172839506172 0.7378472222222222 0.7345679012345678 0.810763888888889 0.7330246913580246 0.8072916666666666 0.8302469135802468
0 0.7387152777777778 0.7314814814814814 0.7395833333333334 0.6435185185185184 0.8151041666666666 0.6450617283950617 0.8133680555555556 0.7345679012345679
0 0.7404513888888888 0.6419753086419754 0.7421875000000001 0.5478395061728396 0.8211805555555557 0.5385802469135802 0.8151041666666666 0.6481481481481481
0 0.7447916666666665 0.5462962962962962 0.7473958333333334 0.4475308641975309 0.8272569444444444 0.44598765432098775 0.8203125000000001 0.5447530864197532
0 0.7465277777777776 0.44598765432098764 0.7499999999999999 0.33796296296296297 0.8307291666666666 0.3364197530864197 0.8255208333333334 0.44135802469135804
0 0.8272569444444444 0.43672839506172845 0.8307291666666665 0.33179012345679015 0.9123263888888888 0.3348765432098766 0.90625 0.43827160493827166
0 0.8211805555555555 0.5401234567901234 0.8281250000000001 0.4398148148148148 0.9045138888888891 0.43672839506172834 0.8984375 0.5401234567901234
0 0.8177083333333334 0.6419753086419754 0.8211805555555556 0.54320987654321 0.8975694444444444 0.5385802469135802 0.8923611111111109 0.6435185185185184
0 0.8133680555555555 0.7345679012345678 0.8168402777777778 0.6419753086419754 0.8914930555555556 0.6404320987654322 0.8854166666666665 0.7299382716049383
0 0.8072916666666667 0.8225308641975307 0.8124999999999999 0.7299382716049383 0.8854166666666666 0.7299382716049382 0.8810763888888888 0.8256172839506173
0 0.8046875 0.910493827160494 0.8072916666666666 0.8287037037037039 0.8793402777777779 0.8256172839506172 0.8741319444444444 0.910493827160494
0 0.868923611111111 0.9799382716049382 0.8741319444444445 0.8981481481481481 0.9401041666666667 0.8966049382716049 0.9357638888888891 0.9768518518518521
0 0.8029513888888888 0.9058641975308641 0.875 0.9027777777777779 0.8689236111111109 0.9830246913580247 0.7986111111111112 0.984567901234568
0 0.875 0.8996913580246912 0.8819444444444444 0.822530864197531 0.9479166666666665 0.8179012345679014 0.9427083333333333 0.8981481481481481
0 0.8810763888888888 0.8256172839506174 0.8862847222222221 0.7253086419753085 0.9557291666666665 0.7268518518518517 0.9505208333333334 0.8179012345679012
0 0.8871527777777778 0.7222222222222221 0.8940972222222224 0.6327160493827161 0.9644097222222222 0.6358024691358024 0.9557291666666666 0.7299382716049382
0 0.8949652777777778 0.6296296296296298 0.8975694444444443 0.5385802469135802 0.9722222222222224 0.5339506172839508 0.9635416666666666 0.6373456790123456
0 0.8984375000000001 0.5385802469135803 0.9045138888888891 0.43672839506172834 0.9817708333333335 0.43827160493827155 0.9730902777777779 0.537037037037037
0 0.9071180555555555 0.43672839506172834 0.9140624999999999 0.33641975308641964 0.9895833333333335 0.3503086419753087 0.9817708333333334 0.4351851851851853