0 0.12586805555555555 0.04012345679012347 0.23350694444444448 0.03549382716049386 0.22743055555555552 0.1882716049382716 0.11631944444444449 0.19444444444444448
0 0.22743055555555555 0.18518518518518523 0.234375 0.03086419753086418 0.34635416666666674 0.029320987654321007 0.34114583333333337 0.18518518518518523
0 0.3446180555555555 0.18827160493827158 0.3506944444444444 0.033950617283950595 0.45659722222222227 0.032407407407407406 0.4583333333333333 0.18672839506172834
0 0.11979166666666667 0.19907407407407407 0.2300347222222222 0.1944444444444445 0.2204861111111111 0.359567901234568 0.10763888888888887 0.36419753086419754
0 0.22916666666666663 0.19753086419753085 0.3420138888888889 0.19598765432098764 0.33940972222222227 0.35185185185185175 0.2222222222222222 0.3580246913580248
0 0.34375 0.19290123456790123 0.4557291666666667 0.19598765432098764 0.4557291666666667 0.3580246913580247 0.34201388888888895 0.35493827160493824
0 0.1111111111111111 0.36728395061728397 0.22829861111111113 0.36419753086419754 0.22048611111111113 0.5370370370370371 0.10329861111111113 0.5385802469135803
0 0.23003472222222224 0.36728395061728397 0.3446180555555556 0.3657407407407407 0.3394097222222222 0.5370370370370371 0.21875 0.5370370370370371
0 0.3428819444444444 0.3703703703703703 0.4592013888888889 0.367283950617284 0.45746527777777773 0.5447530864197532 0.33767361111111105 0.54320987654321
0 0.11545138888888887 0.5416666666666666 0.23350694444444445 0.5416666666666666 0.2265625 0.677469135802469 0.11979166666666667 0.6682098765432097 0.1067708333333333 0.6450617283950616
0 0.23350694444444445 0.5432098765432097 0.3541666666666667 0.5462962962962964 0.34982638888888895 0.6944444444444443 0.2265625 0.6820987654320986
0 0.3541666666666667 0.5462962962962963 0.46961805555555547 0.5432098765432098 0.4704861111111112 0.6944444444444444 0.3489583333333333 0.6929012345679012
0 0.5928819444444444 0.5540123456790123 0.7213541666666667 0.5540123456790124 0.7265625 0.7145061728395061 0.6050347222222222 0.7037037037037037 0.6119791666666666 0.6651234567901235 0.5954861111111112 0.6558641975308642
0 0.720486111111111 0.5570987654320987 0.8550347222222222 0.5586419753086419 0.8645833333333334 0.7037037037037037 0.7282986111111112 0.7114197530864197
0 0.8567708333333333 0.5601851851851852 0.9800347222222221 0.5632716049382717 0.990451388888889 0.7083333333333333 0.8654513888888888 0.7067901234567902
0 0.5868055555555556 0.40586419753086417 0.712673611111111 0.40432098765432106 0.7196180555555556 0.552469135802469 0.5902777777777779 0.5524691358024691
0 0.7178819444444444 0.39969135802469147 0.8428819444444444 0.40123456790123463 0.8541666666666666 0.5540123456790124 0.7213541666666667 0.5540123456790124
0 0.8454861111111109 0.4012345679012346 0.9644097222222222 0.4089506172839507 0.9739583333333334 0.5617283950617283 0.8541666666666667 0.558641975308642
0 0.5894097222222222 0.26080246913580246 0.7118055555555556 0.26080246913580246 0.717013888888889 0.40432098765432106 0.5911458333333334 0.40277777777777773
0 0.7118055555555555 0.25925925925925924 0.8359374999999999 0.26234567901234573 0.84375 0.3996913580246914 0.717013888888889 0.3996913580246914
0 0.8359374999999999 0.2623456790123457 0.9531250000000001 0.26851851851851855 0.9635416666666666 0.4089506172839506 0.84375 0.4012345679012345
0 0.5902777777777778 0.12654320987654316 0.7074652777777778 0.12345679012345674 0.7152777777777778 0.26234567901234573 0.59375 0.2592592592592592
0 0.7074652777777779 0.12191358024691354 0.8272569444444444 0.12654320987654316 0.837673611111111 0.2669753086419753 0.7144097222222222 0.26080246913580246
0 0.826388888888889 0.12962962962962965 0.947048611111111 0.13425925925925927 0.9565972222222222 0.2700617283950617 0.8359374999999999 0.26388888888888895
0 0.04947916666666666 0.0077160493827160585 0.041666666666666664 0.08179012345679013 0 0.07716049382716048 0 0
0 0.04079861111111109 0.08641975308641973 0.0329861111111111 0.16666666666666666 0 0.15740740740740738 1.1102230246251566e-17 0.07716049382716045
0 0.03211805555555556 0.16358024691358022 0.02430555555555556 0.25154320987654316 0 0.2469135802469136 1.1102230246251566e-17 0.15586419753086422
0 0.025173611111111095 0.2530864197530864 0.017361111111111126 0.33950617283950624 0 0.3364197530864198 0 0.24845679012345684
0 0.020833333333333325 0.345679012345679 0.013020833333333334 0.433641975308642 0 0.43209876543209874 0 0.3410493827160495