0 0.07291666666666664 0.5725308641975307 0.05381944444444444 0.4058641975308642 0 0.4058641975308642 0 0.5771604938271605
0 0.07031249999999997 0.5709876543209875 0.05121527777777778 0.4012345679012347 0.18836805555555552 0.3950617283950617 0.20399305555555552 0.5648148148148148
0 0.0720486111111111 0.5725308641975307 0.20486111111111113 0.5663580246913579 0.21614583333333331 0.726851851851852 0.0894097222222222 0.7345679012345682
0 0 0.5787037037037037 0.0746527777777778 0.5740740740740742 0.0902777777777778 0.734567901234568 0 0.7330246913580246
0 0.09027777777777776 0.7330246913580245 0.2144097222222222 0.728395061728395 0.2256944444444445 0.8672839506172842 0.1024305555555556 0.8657407407407409
0 0 0.7330246913580245 0.09201388888888887 0.7330246913580246 0.10329861111111109 0.8734567901234567 0 0.875
0 0.10590277777777773 0.8703703703703703 0.22569444444444445 0.8657407407407407 0.23437499999999997 1 0.1189236111111111 1
0 0 0.8780864197530863 0.10503472222222224 0.8703703703703703 0.11631944444444443 1 0 1
0 0.25607638888888884 0.4799382716049383 0.2465277777777778 0.31172839506172845 0.38454861111111105 0.30401234567901236 0.3914930555555555 0.47376543209876537
0 0.3888888888888888 0.470679012345679 0.38368055555555547 0.30401234567901236 0.5199652777777779 0.29938271604938277 0.5225694444444445 0.47067901234567905
0 0.5225694444444444 0.4645061728395062 0.5208333333333334 0.29938271604938266 0.654513888888889 0.29938271604938266 0.6527777777777776 0.464506172839506
0 0.2569444444444444 0.4799382716049382 0.3897569444444444 0.47067901234567916 0.3949652777777778 0.6219135802469136 0.26822916666666674 0.6327160493827161
0 0.3914930555555555 0.47222222222222215 0.5225694444444445 0.4691358024691358 0.5251736111111112 0.6188271604938274 0.39583333333333337 0.625
0 0.5269097222222222 0.46759259259259256 0.6553819444444444 0.4660493827160494 0.6484375 0.6172839506172839 0.5277777777777779 0.6141975308641976
0 0.27170138888888895 0.6280864197530864 0.3993055555555556 0.6219135802469137 0.4053819444444444 0.7623456790123458 0.2803819444444445 0.7685185185185185
0 0.3993055555555555 0.6234567901234567 0.5269097222222222 0.6172839506172839 0.5269097222222222 0.7530864197530864 0.4053819444444445 0.7623456790123458
0 0.5277777777777778 0.6157407407407407 0.65625 0.6157407407407406 0.650173611111111 0.7623456790123457 0.529513888888889 0.7623456790123457
0 0.2838541666666667 0.7669753086419753 0.4053819444444445 0.7638888888888887 0.41059027777777773 0.8981481481481484 0.2925347222222222 0.9012345679012345
0 0.40798611111111105 0.7654320987654322 0.5286458333333333 0.7608024691358025 0.5303819444444445 0.8842592592592594 0.4123263888888889 0.8919753086419753
0 0.5303819444444444 0.7608024691358023 0.6510416666666666 0.7561728395061729 0.650173611111111 0.8842592592592592 0.5321180555555556 0.8873456790123456
0 0.2942708333333333 0.9012345679012345 0.4131944444444444 0.8950617283950618 0.4166666666666667 0.9660493827160496 0.296875 0.9645061728395065
0 0.4131944444444444 0.8935185185185185 0.532986111111111 0.8904320987654322 0.5347222222222221 0.9614197530864199 0.4131944444444444 0.9629629629629629
0 0.5329861111111112 0.8873456790123456 0.650173611111111 0.8858024691358025 0.6493055555555556 0.9938271604938269 0.615451388888889 0.9521604938271606 0.5347222222222222 0.9598765432098768
0 0.7864583333333335 0.47376543209876537 0.7881944444444444 0.308641975308642 0.9210069444444446 0.3024691358024691 0.9175347222222222 0.4660493827160493
0 0.9149305555555555 0.4691358024691357 0.923611111111111 0.29938271604938277 1 0.2962962962962963 1 0.4722222222222222
0 0.7873263888888888 0.470679012345679 0.912326388888889 0.4614197530864198 0.9010416666666665 0.6080246913580245 0.7795138888888888 0.6172839506172838
0 0.9045138888888891 0.6049382716049382 0.915798611111111 0.4614197530864198 1 0.4660493827160495 1 0.609567901234568
0 0.7821180555555555 0.6157407407407407 0.9062500000000001 0.6126543209876542 0.8958333333333334 0.7546296296296297 0.7725694444444444 0.7623456790123456
0 0.9071180555555555 0.6064814814814815 1 0.6049382716049383 1 0.75 0.8958333333333333 0.7546296296296298
0 0.7760416666666666 0.7561728395061728 0.8949652777777779 0.7530864197530863 0.8828125 0.8888888888888891 0.7699652777777778 0.8904320987654322
0 0.8975694444444445 0.7530864197530863 1 0.7515432098765432 1 0.8858024691358025 0.8854166666666666 0.8873456790123456
0 0.7673611111111109 0.882716049382716 0.8854166666666665 0.8842592592592592 0.8723958333333333 1 0.7569444444444444 1
0 0.8836805555555556 0.8873456790123456 1 0.8842592592592593 0.9895833333333334 1 0.8758680555555557 0.9984567901234567