0 0.1987847222222222 0.6049382716049382 0.18055555555555555 0.35648148148148145 0 0.35648148148148145 0 0.5833333333333334 0.0008680555555555358 0.6111111111111112
0 0.19791666666666663 0.6064814814814815 0.1814236111111111 0.35339506172839513 0.3836805555555555 0.35339506172839513 0.3897569444444445 0.5972222222222222
0 0.0034722222222222025 0.6111111111111112 0.1953125 0.6064814814814815 0.2109375 0.8179012345679012 0.024305555555555566 0.8225308641975309
0 0.19618055555555552 0.6049382716049382 0.38802083333333337 0.595679012345679 0.3932291666666667 0.8101851851851852 0.2144097222222222 0.8179012345679011
0 0.024305555555555535 0.8240740740740741 0.21006944444444448 0.8194444444444444 0.2230902777777778 1 0.039930555555555566 1
0 0.2118055555555555 0.8179012345679012 0.3914930555555555 0.8117283950617284 0.4001736111111111 1 0.2204861111111112 1
0 0.4722222222222222 0.47685185185185186 0.4678819444444444 0.3148148148148148 0.6006944444444445 0.31018518518518523 0.6024305555555556 0.4675925925925925
0 0.603298611111111 0.46759259259259256 0.6041666666666666 0.3101851851851852 0.7378472222222222 0.31327160493827166 0.732638888888889 0.47376543209876537
0 0.7317708333333334 0.47222222222222227 0.7378472222222222 0.3101851851851852 0.8706597222222224 0.308641975308642 0.8602430555555557 0.4660493827160494
0 0.4748263888888889 0.6188271604938271 0.4704861111111112 0.4722222222222222 0.599826388888889 0.4660493827160495 0.6006944444444445 0.6126543209876543
0 0.5998263888888888 0.6157407407407407 0.603298611111111 0.4675925925925926 0.7300347222222222 0.4691358024691358 0.724826388888889 0.6172839506172839
0 0.7274305555555557 0.6157407407407407 0.7300347222222222 0.4675925925925926 0.859375 0.4660493827160493 0.8489583333333334 0.6157407407407408
0 0.4756944444444445 0.7546296296296297 0.47482638888888895 0.617283950617284 0.5989583333333334 0.6111111111111112 0.5980902777777779 0.7546296296296295
0 0.599826388888889 0.7546296296296295 0.6015624999999999 0.6157407407407407 0.7265625 0.6157407407407407 0.720486111111111 0.7577160493827162
0 0.724826388888889 0.7546296296296297 0.7265625 0.6141975308641975 0.849826388888889 0.6141975308641975 0.842013888888889 0.7499999999999999
0 0.4774305555555555 0.7546296296296297 0.599826388888889 0.7530864197530863 0.599826388888889 0.8919753086419753 0.48090277777777785 0.8981481481481481
0 0.5989583333333333 0.8935185185185185 0.6024305555555556 0.7561728395061728 0.7256944444444444 0.7530864197530864 0.720486111111111 0.8842592592592593
0 0.7213541666666665 0.8888888888888888 0.7265625 0.75 0.8480902777777778 0.75 0.8385416666666666 0.8842592592592593
0 0.4809027777777778 0.8981481481481481 0.5989583333333333 0.8919753086419752 0.5980902777777779 1 0.48263888888888895 1
0 0.5998263888888888 0.8919753086419753 0.720486111111111 0.8858024691358024 0.7161458333333334 1 0.599826388888889 0.9984567901234567
0 0.7222222222222221 0.8842592592592593 0.8402777777777778 0.8827160493827159 0.8333333333333333 1 0.71875 1
0 0.8914930555555557 0.6620370370370371 0.900173611111111 0.49691358024691357 1 0.5000000000000001 0.9947916666666667 0.6651234567901234
0 0.9010416666666665 0.4938271604938271 0.9149305555555556 0.33179012345679015 1 0.33333333333333326 1 0.5030864197530865
0 0.8914930555555555 0.6697530864197531 0.9991319444444444 0.6697530864197532 0.9852430555555556 0.8148148148148147 0.884548611111111 0.8101851851851852
0 0.8880208333333334 0.8132716049382716 0.9852430555555555 0.8132716049382714 0.9756944444444443 0.9104938271604938 0.8784722222222224 0.8981481481481481
0 0.9861111111111109 0.8148148148148148 1 0.8132716049382716 1 0.9104938271604938 0.974826388888889 0.9120370370370371