0 0.0815972222222222 0.6234567901234568 0.06684027777777776 0.43209876543209874 0.20225694444444448 0.4336419753086419 0.21006944444444448 0.6234567901234568
0 0.21093750000000003 0.6234567901234567 0.20225694444444448 0.4351851851851852 0.3385416666666667 0.43672839506172845 0.3420138888888889 0.6265432098765433
0 0.34027777777777773 0.6249999999999999 0.3368055555555555 0.4351851851851853 0.4739583333333333 0.43672839506172845 0.47309027777777773 0.6265432098765433
0 0.09548611111111113 0.7978395061728395 0.0824652777777778 0.6219135802469137 0.20920138888888887 0.6250000000000001 0.22135416666666666 0.800925925925926
0 0.21006944444444445 0.6234567901234567 0.3428819444444444 0.625 0.34635416666666674 0.802469135802469 0.21788194444444448 0.7993827160493827
0 0.3428819444444444 0.6234567901234567 0.4704861111111112 0.6265432098765432 0.47135416666666663 0.7978395061728395 0.34809027777777773 0.7978395061728395
0 0.0972222222222222 0.7993827160493826 0.2204861111111111 0.7978395061728397 0.2282986111111111 0.9537037037037037 0.1076388888888889 0.9490740740740741
0 0.2204861111111111 0.8009259259259258 0.34809027777777773 0.8009259259259259 0.3506944444444445 0.95679012345679 0.2300347222222222 0.9521604938271604
0 0.3472222222222222 0.7978395061728395 0.4713541666666666 0.7993827160493827 0.47309027777777785 0.9552469135802469 0.3524305555555556 0.9552469135802468
0 0.6510416666666665 0.5339506172839505 0.65625 0.30864197530864196 0.7690972222222222 0.30709876543209885 0.7612847222222224 0.5339506172839505
0 0.7621527777777776 0.537037037037037 0.7725694444444444 0.3070987654320987 0.8871527777777779 0.3055555555555555 0.8741319444444443 0.5401234567901235
0 0.8758680555555556 0.5324074074074073 0.8897569444444445 0.3009259259259259 0.9991319444444445 0.3009259259259259 0.9809027777777776 0.529320987654321
0 0.6475694444444444 0.7391975308641976 0.6527777777777778 0.5339506172839505 0.7595486111111109 0.5308641975308642 0.7526041666666666 0.7407407407407407
0 0.751736111111111 0.7422839506172839 0.7621527777777778 0.5385802469135802 0.873263888888889 0.537037037037037 0.857638888888889 0.7438271604938271
0 0.859375 0.7407407407407408 0.8741319444444444 0.5308641975308642 0.9809027777777779 0.529320987654321 0.9618055555555556 0.7407407407407407
0 0.642361111111111 0.9290123456790125 0.6475694444444444 0.7376543209876544 0.751736111111111 0.7376543209876543 0.7439236111111112 0.927469135802469
0 0.7439236111111109 0.927469135802469 0.751736111111111 0.7453703703703702 0.8567708333333333 0.7453703703703702 0.8437499999999999 0.9305555555555556
0 0.8454861111111109 0.927469135802469 0.859375 0.7422839506172839 0.962673611111111 0.7407407407407408 0.9461805555555556 0.9305555555555556
1 0.23437499999999997 0.2083333333333333 0.3020833333333333 0.20987654320987653 0.3064236111111111 0.2978395061728395 0.2361111111111112 0.2993827160493827
1 0.3029513888888889 0.21141975308641975 0.37500000000000006 0.21141975308641978 0.3758680555555555 0.29475308641975306 0.3064236111111111 0.2978395061728395
1 0.37673611111111105 0.2098765432098765 0.4409722222222222 0.21141975308641978 0.44184027777777773 0.30246913580246904 0.376736111111111 0.29629629629629617
1 0.5520833333333333 0.36265432098765427 0.5538194444444445 0.2175925925925926 0.6571180555555557 0.22067901234567905 0.65625 0.2268518518518518 0.6067708333333334 0.22839506172839502 0.6024305555555556 0.36419753086419754
1 0.5503472222222221 0.49845679012345673 0.5520833333333333 0.3626543209876543 0.6041666666666666 0.3641975308641975 0.6015625 0.49691358024691357
1 0.5512152777777779 0.6280864197530863 0.552951388888889 0.4969135802469137 0.6032986111111109 0.49691358024691357 0.5980902777777779 0.6358024691358024