0 0.0659722222222222 0.18518518518518512 0.2222222222222222 0.18981481481481483 0.234375 0.42438271604938266 0.08506944444444446 0.4243827160493827
0 0.22309027777777776 0.18981481481481477 0.3376736111111111 0.191358024691358 0.3463541666666667 0.4382716049382715 0.23437500000000006 0.4367283950617283
0 0.3385416666666667 0.1944444444444444 0.454861111111111 0.19290123456790123 0.45312500000000006 0.4351851851851852 0.3454861111111111 0.4398148148148149
0 0.0824652777777778 0.42438271604938266 0.23263888888888887 0.42901234567901236 0.2421875 0.6435185185185185 0.09809027777777783 0.6358024691358024
0 0.23350694444444445 0.4351851851851852 0.3420138888888889 0.43827160493827166 0.34809027777777773 0.6574074074074073 0.2421875 0.6558641975308642
0 0.34201388888888895 0.4336419753086419 0.4548611111111111 0.43827160493827166 0.4548611111111111 0.6604938271604939 0.34809027777777773 0.6620370370370371
0 0.10156249999999997 0.6404320987654321 0.24305555555555547 0.6466049382716049 0.2534722222222222 0.8503086419753086 0.1154513888888889 0.8472222222222223
0 0.2439236111111111 0.6558641975308641 0.3498263888888889 0.6574074074074074 0.3567708333333333 0.8580246913580247 0.25434027777777785 0.8580246913580246
0 0.3506944444444444 0.662037037037037 0.45572916666666674 0.6604938271604939 0.45746527777777773 0.8564814814814816 0.3576388888888889 0.8611111111111113
0 0.5963541666666665 0.839506172839506 0.5980902777777779 0.6311728395061728 0.5928819444444445 0.6234567901234567 0.5928819444444445 0.5802469135802468 0.607638888888889 0.5925925925925926 0.640625 0.6126543209876542 0.673611111111111 0.6141975308641976 0.709201388888889 0.6033950617283951 0.693576388888889 0.8503086419753086 0.6744791666666666 0.8657407407407408 0.6527777777777778 0.8703703703703702 0.6215277777777778 0.8672839506172837 0.6024305555555556 0.8487654320987652
0 0.7135416666666665 0.8163580246913579 0.7187499999999999 0.6388888888888887 0.7135416666666666 0.6219135802469137 0.7161458333333334 0.5987654320987654 0.7413194444444444 0.617283950617284 0.7864583333333335 0.625 0.829861111111111 0.6126543209876544 0.8385416666666666 0.6003086419753086 0.8385416666666666 0.6373456790123457 0.8324652777777778 0.6481481481481481 0.8151041666666666 0.845679012345679 0.8020833333333334 0.8641975308641976 0.78125 0.8688271604938272 0.7552083333333334 0.8641975308641976 0.7256944444444444 0.8472222222222223 0.7135416666666666 0.8209876543209876
0 0.8324652777777778 0.8194444444444446 0.8437499999999999 0.6280864197530864 0.8394097222222221 0.6172839506172841 0.8420138888888888 0.5848765432098767 0.8715277777777778 0.6003086419753086 0.921875 0.6095679012345679 0.9522569444444443 0.6049382716049383 0.9609374999999999 0.5848765432098766 0.9592013888888891 0.6327160493827161 0.9513888888888891 0.6450617283950618 0.9322916666666667 0.8364197530864198 0.9305555555555557 0.8503086419753085 0.9062500000000001 0.8611111111111113 0.8828125000000001 0.859567901234568 0.8454861111111112 0.8425925925925928
0 0.5963541666666666 0.5725308641975309 0.5972222222222221 0.3580246913580248 0.592013888888889 0.3487654320987654 0.5946180555555556 0.30864197530864207 0.6163194444444444 0.3179012345679013 0.657986111111111 0.32716049382716056 0.7083333333333334 0.3179012345679013 0.717013888888889 0.3148148148148149 0.7083333333333334 0.5910493827160495 0.6831597222222222 0.6157407407407407 0.6484375 0.6157407407407406 0.603298611111111 0.5925925925925924 0.5980902777777779 0.5787037037037036
0 0.7213541666666665 0.5925925925925924 0.7300347222222222 0.36574074074074076 0.7265625 0.3487654320987654 0.7300347222222222 0.3117283950617284 0.7543402777777778 0.324074074074074 0.8125000000000001 0.3364197530864197 0.845486111111111 0.32870370370370366 0.849826388888889 0.31944444444444436 0.8315972222222222 0.5879629629629629 0.8177083333333334 0.6064814814814814 0.7838541666666666 0.6126543209876544 0.7456597222222222 0.611111111111111
0 0.8437499999999999 0.5771604938271604 0.8567708333333335 0.36111111111111116 0.8515625 0.34567901234567905 0.8567708333333334 0.3194444444444445 0.892361111111111 0.32716049382716056 0.9409722222222224 0.32716049382716056 0.9756944444444444 0.3179012345679013 0.984375 0.31481481481481477 0.9774305555555556 0.3549382716049383 0.96875 0.4135802469135803 0.9522569444444444 0.5864197530864197 0.9409722222222222 0.6003086419753086 0.9140625 0.5972222222222222 0.873263888888889 0.595679012345679