0 0.631076388888889 0.2530864197530865 0.7421875 0.25308641975308643 0.7335069444444444 0.47685185185185186 0.626736111111111 0.47839506172839513
0 0.7413194444444444 0.2530864197530864 0.8524305555555556 0.25154320987654316 0.837673611111111 0.47376543209876537 0.7309027777777778 0.47685185185185186
0 0.8515624999999999 0.24845679012345678 0.9574652777777776 0.24845679012345684 0.9383680555555557 0.47067901234567905 0.8359375000000001 0.47067901234567894
0 0.6258680555555555 0.478395061728395 0.7317708333333334 0.47685185185185186 0.7222222222222222 0.6836419753086419 0.6197916666666667 0.6882716049382717
0 0.7309027777777776 0.4722222222222221 0.8350694444444444 0.47067901234567894 0.822048611111111 0.6790123456790124 0.7230902777777778 0.6820987654320988
0 0.8368055555555555 0.4722222222222221 0.9366319444444444 0.47067901234567905 0.921875 0.6774691358024691 0.822048611111111 0.6774691358024691
0 0.6223958333333333 0.6836419753086419 0.7230902777777778 0.6805555555555555 0.7135416666666666 0.8734567901234568 0.6171875000000001 0.8703703703703705
0 0.7222222222222221 0.6805555555555555 0.8229166666666666 0.6790123456790124 0.810763888888889 0.8641975308641975 0.7152777777777778 0.8672839506172839
0 0.8237847222222221 0.6759259259259258 0.9218749999999999 0.6728395061728395 0.907986111111111 0.8657407407407408 0.810763888888889 0.8672839506172838
0 0.14322916666666663 0.6743827160493826 0.24218749999999997 0.6774691358024693 0.2508680555555555 0.8626543209876544 0.1527777777777778 0.8549382716049383
0 0.2430555555555555 0.6790123456790121 0.3420138888888889 0.6774691358024693 0.34809027777777773 0.8611111111111113 0.2508680555555555 0.8611111111111113
0 0.34027777777777773 0.6743827160493826 0.44010416666666663 0.6759259259259259 0.4435763888888888 0.8657407407407409 0.34722222222222215 0.8595679012345679
0 0.13888888888888887 0.6728395061728395 0.12586805555555555 0.4660493827160494 0.22916666666666666 0.47067901234567905 0.24218749999999997 0.6774691358024693
0 0.3342013888888888 0.4691358024691359 0.34114583333333337 0.6759259259259259 0.2387152777777778 0.6743827160493827 0.22916666666666666 0.47067901234567905
0 0.3350694444444444 0.4675925925925925 0.4392361111111111 0.4660493827160494 0.4409722222222222 0.6712962962962962 0.3411458333333333 0.6728395061728396
0 0.10763888888888887 0.24845679012345678 0.21788194444444448 0.24999999999999994 0.22916666666666666 0.4691358024691359 0.1241319444444444 0.47067901234567894
0 0.21874999999999997 0.24691358024691354 0.32552083333333337 0.24691358024691354 0.3315972222222222 0.4675925925925925 0.22916666666666666 0.46913580246913583
0 0.3272569444444444 0.24845679012345678 0.4366319444444444 0.24691358024691354 0.43750000000000006 0.4691358024691358 0.33333333333333337 0.47067901234567905