0 0.03472222222222222 0.35339506172839513 0.01996527777777777 0.16975308641975317 0.17621527777777773 0.16666666666666666 0.19010416666666666 0.3518518518518519
0 0.18923611111111108 0.3549382716049382 0.17621527777777773 0.16820987654320985 0.328125 0.1666666666666667 0.3368055555555556 0.35185185185185186
0 0.3376736111111111 0.35185185185185186 0.32986111111111105 0.16975308641975306 0.4401041666666667 0.16975308641975312 0.4427083333333333 0.35185185185185186
0 0.05555555555555554 0.5246913580246914 0.040798611111111084 0.3533950617283951 0.19010416666666666 0.3549382716049383 0.20225694444444445 0.5216049382716049
0 0.20312499999999997 0.5216049382716049 0.19097222222222224 0.35185185185185197 0.33767361111111105 0.3533950617283951 0.3454861111111111 0.5216049382716049
0 0.34548611111111105 0.5216049382716049 0.33940972222222227 0.3533950617283951 0.4444444444444444 0.35185185185185197 0.44878472222222227 0.5231481481481481
0 0.06076388888888887 0.5216049382716049 0.20399305555555552 0.5216049382716049 0.2144097222222222 0.6820987654320987 0.0755208333333333 0.6790123456790123
0 0.20312499999999997 0.5216049382716049 0.3463541666666667 0.5231481481481481 0.3541666666666667 0.6851851851851852 0.2152777777777778 0.6805555555555555
0 0.34809027777777773 0.5216049382716049 0.44878472222222215 0.5216049382716049 0.4513888888888889 0.6790123456790124 0.35503472222222227 0.6790123456790124
0 0.07725694444444443 0.6774691358024691 0.21701388888888887 0.683641975308642 0.22395833333333334 0.8410493827160493 0.0894097222222222 0.8364197530864197
0 0.21614583333333331 0.6790123456790123 0.3559027777777778 0.683641975308642 0.36111111111111105 0.8395061728395059 0.22395833333333334 0.837962962962963
0 0.35590277777777773 0.6790123456790123 0.454861111111111 0.6774691358024691 0.4583333333333333 0.8364197530864198 0.359375 0.8364197530864198
0 0.6692708333333334 0.33796296296296297 0.673611111111111 0.15277777777777782 0.8229166666666666 0.1512345679012346 0.814236111111111 0.3364197530864197
0 0.814236111111111 0.33487654320987653 0.8237847222222224 0.14660493827160498 0.9791666666666667 0.14660493827160492 0.9635416666666666 0.3271604938271605
0 0.6640625 0.5108024691358025 0.6692708333333334 0.3379629629629631 0.8133680555555556 0.33487654320987653 0.8055555555555556 0.507716049382716
0 0.8055555555555557 0.5 0.8142361111111109 0.3333333333333334 0.9609375000000001 0.32561728395061734 0.9505208333333334 0.5030864197530863
0 0.6562499999999999 0.6728395061728395 0.6640625 0.5123456790123457 0.8055555555555556 0.507716049382716 0.798611111111111 0.6728395061728395
0 0.7994791666666665 0.6743827160493826 0.8081597222222222 0.507716049382716 0.9513888888888891 0.5092592592592592 0.9409722222222224 0.6728395061728395
0 0.646701388888889 0.8240740740740743 0.6527777777777778 0.6743827160493828 0.7916666666666666 0.6743827160493827 0.7821180555555556 0.8271604938271605
0 0.782986111111111 0.8240740740740743 0.7934027777777776 0.6728395061728396 0.9331597222222222 0.6743827160493827 0.921875 0.8240740740740743
0 0.9262152777777778 0.8225308641975307 0.9375 0.6790123456790123 1 0.6774691358024691 0.9982638888888891 0.8225308641975307
0 0.9470486111111112 0.6743827160493826 0.9600694444444445 0.5154320987654321 1 0.5123456790123457 0.9991319444444444 0.6759259259259259
0 0.9583333333333333 0.5030864197530863 0.9713541666666666 0.33796296296296297 1 0.3364197530864198 1 0.507716049382716
0 0.9730902777777778 0.33487654320987653 0.9887152777777778 0.15586419753086422 1 0.15586419753086422 1 0.33641975308641975