0 0.008680555555555535 0.5771604938271604 0.15104166666666669 0.5802469135802468 0.14149305555555552 0.7438271604938272 0.0008680555555555506 0.7422839506172839 1.4802973661668754e-17 0.6666666666666665
0 0.009548611111111115 0.5771604938271604 0.026041666666666675 0.41203703703703715 0.16493055555555555 0.4151234567901234 0.15364583333333334 0.58179012345679
0 0.027777777777777752 0.41049382716049376 0.041666666666666664 0.2561728395061728 0.17621527777777776 0.2561728395061729 0.16493055555555552 0.4151234567901234
0 0.04600694444444442 0.25154320987654316 0.05815972222222222 0.11419753086419751 0.18229166666666666 0.10648148148148154 0.17708333333333334 0.2577160493827161
0 0.17534722222222224 0.25462962962962954 0.18576388888888892 0.10339506172839508 0.3159722222222222 0.10030864197530863 0.31250000000000006 0.2577160493827161
0 0.16406249999999997 0.4151234567901234 0.17534722222222224 0.2546296296296296 0.3116319444444444 0.2561728395061728 0.30642361111111105 0.4135802469135802
0 0.1545138888888889 0.5802469135802469 0.1649305555555556 0.41203703703703703 0.3055555555555555 0.41203703703703715 0.29861111111111105 0.5817901234567902
0 0.14149305555555555 0.7438271604938271 0.15451388888888892 0.5771604938271604 0.29861111111111105 0.5802469135802468 0.2925347222222222 0.7484567901234568
0 0.29253472222222227 0.743827160493827 0.29947916666666674 0.5756172839506173 0.4071180555555556 0.5787037037037035 0.4036458333333333 0.75
0 0.29861111111111105 0.5756172839506173 0.3055555555555555 0.4089506172839506 0.4097222222222222 0.4104938271604939 0.4071180555555555 0.5771604938271604
0 0.30642361111111105 0.4089506172839506 0.31250000000000006 0.25 0.4131944444444444 0.24845679012345684 0.4097222222222222 0.4120370370370371
0 0.3116319444444444 0.24999999999999994 0.3159722222222222 0.10339506172839502 0.4149305555555555 0.1018518518518519 0.4131944444444444 0.25
0 0.5807291666666665 0.3132716049382716 0.5772569444444445 0.12037037037037045 0.697048611111111 0.11111111111111116 0.7057291666666666 0.3101851851851852
0 0.7039930555555556 0.3101851851851852 0.697048611111111 0.10956790123456796 0.8177083333333334 0.10648148148148157 0.8307291666666666 0.3070987654320988
0 0.8315972222222221 0.3055555555555555 0.8185763888888888 0.10802469135802469 0.9348958333333334 0.10956790123456786 0.953125 0.308641975308642
0 0.5850694444444445 0.529320987654321 0.5807291666666666 0.3132716049382716 0.7065972222222222 0.3132716049382716 0.7152777777777778 0.5262345679012345
0 0.7144097222222224 0.5262345679012346 0.7057291666666665 0.308641975308642 0.8333333333333334 0.30864197530864196 0.845486111111111 0.5216049382716049
0 0.8472222222222222 0.5231481481481481 0.8333333333333333 0.3070987654320988 0.954861111111111 0.3040123456790123 0.9756944444444445 0.5216049382716049
0 0.5920138888888888 0.7530864197530863 0.5868055555555556 0.5277777777777778 0.7161458333333334 0.5262345679012346 0.7265625 0.7515432098765433
0 0.724826388888889 0.7515432098765432 0.7178819444444444 0.5246913580246915 0.8480902777777778 0.5262345679012345 0.8602430555555556 0.7484567901234567
0 0.8602430555555556 0.7484567901234568 0.8472222222222222 0.523148148148148 0.9739583333333334 0.5216049382716049 0.9947916666666667 0.75