0 0.09027777777777776 0.35185185185185186 0.07725694444444443 0.17129629629629634 0 0.17129629629629625 0 0.3533950617283951
0 0.08940972222222224 0.35185185185185186 0.0763888888888889 0.1712962962962963 0.23263888888888887 0.17438271604938269 0.24045138888888887 0.35648148148148145
0 0.24218749999999997 0.35185185185185186 0.23350694444444448 0.16975308641975306 0.3888888888888889 0.16975308641975306 0.3897569444444444 0.3564814814814815
0 0.09288194444444446 0.3549382716049382 0.10416666666666667 0.5262345679012346 0 0.5231481481481481 1.4802973661668754e-17 0.35185185185185186
0 0.09548611111111113 0.35339506172839513 0.24131944444444448 0.3580246913580248 0.25000000000000006 0.5246913580246915 0.10503472222222227 0.5277777777777778
0 0.24392361111111116 0.35185185185185186 0.3897569444444444 0.3549382716049382 0.39322916666666674 0.523148148148148 0.24913194444444448 0.5216049382716049
0 0.10503472222222224 0.5262345679012346 0.1171875 0.6867283950617284 0.014756944444444442 0.6867283950617283 0 0.5231481481481483
0 0.10590277777777776 0.5231481481481481 0.24999999999999997 0.5262345679012346 0.2569444444444445 0.6820987654320987 0.1171875 0.6820987654320987
0 0.24999999999999997 0.523148148148148 0.3932291666666667 0.5246913580246915 0.3975694444444444 0.6820987654320987 0.2578125 0.6805555555555555
0 0.014756944444444442 0.6882716049382716 0.11892361111111108 0.6882716049382716 0.12847222222222224 0.8395061728395062 0.02864583333333335 0.8333333333333334
0 0.11892361111111108 0.6836419753086419 0.2595486111111111 0.6820987654320987 0.2647569444444445 0.8333333333333335 0.12760416666666666 0.8348765432098764
0 0.26562499999999994 0.8333333333333334 0.2586805555555555 0.6774691358024693 0.3975694444444444 0.6820987654320988 0.4010416666666667 0.8333333333333335
0 0.6371527777777778 0.7052469135802468 0.6414930555555556 0.5648148148148148 0.6380208333333334 0.5416666666666666 0.642361111111111 0.5308641975308641 0.6458333333333334 0.3935185185185187 0.6432291666666666 0.382716049382716 0.6475694444444444 0.37037037037037046 0.6527777777777778 0.2021604938271606 0.6796875 0.2098765432098765 0.7170138888888888 0.21759259259259253 0.7543402777777778 0.22222222222222218 0.796875 0.22222222222222218 0.826388888888889 0.22222222222222218 0.8637152777777778 0.2129629629629629 0.8515625 0.39660493827160487 0.8524305555555556 0.4058641975308641 0.8489583333333334 0.419753086419753 0.8394097222222222 0.5632716049382716 0.8411458333333334 0.5756172839506173 0.8368055555555556 0.5895061728395061 0.829861111111111 0.7407407407407407 0.8255208333333334 0.7530864197530864 0.8098958333333334 0.7746913580246915 0.7934027777777778 0.787037037037037 0.759548611111111 0.7916666666666666 0.720486111111111 0.787037037037037 0.6822916666666666 0.7716049382716049 0.6510416666666666 0.7484567901234567 0.6380208333333334 0.7237654320987654
1 0.5251736111111113 0.5509259259259259 0.5277777777777778 0.4212962962962964 0.634548611111111 0.4212962962962963 0.6328125 0.5493827160493827
1 0.5286458333333333 0.41820987654320985 0.529513888888889 0.2854938271604938 0.6397569444444444 0.287037037037037 0.6354166666666666 0.4212962962962963
1 0.5286458333333333 0.28395061728395066 0.5303819444444445 0.1373456790123457 0.642361111111111 0.14197530864197536 0.6397569444444444 0.2854938271604939