1 0.23830178268890925 0.3703745604532881 0.2575656992535815 0.3779849966269858 0.29538005399164197 0.3767165905980362 0.3025148379044836 0.5416093743614862 0.2796835293833905 0.5517566225930832 0.24472308821046665 0.5301937201009398 0.23901526108019336 0.40081630514807887 0.23473439073248842 0.39066905691648196
1 0.3025148379044836 0.38813224485858266 0.3274865815994291 0.390669056916482 0.36173354438106886 0.3817902147138346 0.3688683282939104 0.380521808684885 0.3752896338154678 0.5428777803904359 0.35388528207694303 0.5568302467088817 0.31393049216503005 0.5530250286220328 0.30536875146962017 0.5454145924483351
1 0.37528963381546787 0.3817902147138346 0.39384007198885596 0.3894006508875323 0.4230926860315065 0.3855954328006835 0.438789210639758 0.3792534026559354 0.4444970377700313 0.38179021471383456 0.4437835593787471 0.4058899292638774 0.44092964581361044 0.41096355337967583 0.44092964581361044 0.5403409683325366 0.42095225085765403 0.5580986527378313 0.3824244177283094 0.5504882165641336 0.37957050416317273 0.5428777803904359
1 0.5294009663328463 0.5542934346509825 0.5294009663328463 0.44647892219026514 0.6185857652433662 0.44774732821921476 0.6157318516782294 0.5479514045062346
1 0.6164453300695137 0.5466829984772849 0.6185857652433663 0.446478922190265 0.7063436073713178 0.44901573424816427 0.7056301289800336 0.5454145924483352
1 0.7063436073713178 0.5479514045062345 0.707057085762602 0.446478922190265 0.7691297058043239 0.44901573424816427 0.7677027490217555 0.5479514045062345
1 0.5286874879415621 0.44901573424816427 0.5294009663328462 0.34500643987429574 0.6164453300695136 0.3462748459032454 0.6171588084607981 0.446478922190265
1 0.617158808460798 0.44774732821921465 0.6178722868520821 0.34373803384534607 0.7091975209364545 0.34373803384534607 0.7077705641538862 0.44901573424816427
1 0.7084840425451703 0.44901573424816427 0.7091975209364545 0.34246962781639645 0.7741240545433129 0.33993281575849726 0.7684162274130397 0.45028414027711394
1 0.5265470527677096 0.3437380338453461 0.5265470527677096 0.2359235213846287 0.6185857652433662 0.23592352138462863 0.6164453300695136 0.34754325193219493
1 0.617158808460798 0.3437380338453461 0.6192992436346504 0.23084989726883018 0.7106244777190227 0.23338670932672942 0.7091975209364545 0.34246962781639645
1 0.7091975209364545 0.34246962781639645 0.7106244777190227 0.2321183032977798 0.7762644897171654 0.22958149123988064 0.7741240545433129 0.33993281575849726
1 0.5251200959851413 0.2346551153556791 0.5251200959851413 0.12176697877916319 0.6185857652433663 0.11796176069231437 0.6200127220259345 0.2359235213846287
1 0.6192992436346504 0.23084989726883023 0.6192992436346504 0.11669335466336468 0.7134783912841594 0.11796176069231437 0.7113379561103067 0.2359235213846287
1 0.712051434501591 0.23084989726883023 0.7127649128928752 0.11669335466336471 0.7798318816735862 0.1179617606923144 0.7776914464997338 0.22958149123988064