0 0.07899305555555554 0.4753086419753086 0.11631944444444442 0.4691358024691359 0.15538194444444448 0.4753086419753087 0.17881944444444445 0.48302469135802467 0.1935763888888889 0.2530864197530864 0.1657986111111111 0.23611111111111105 0.12239583333333333 0.2237654320987654 0.09548611111111113 0.2391975308641975 0.08940972222222224 0.26388888888888884 0.09375 0.27932098765432095
0 0.20225694444444445 0.2746913580246913 0.20399305555555552 0.24228395061728397 0.21875000000000006 0.22839506172839508 0.2647569444444445 0.2237654320987654 0.3107638888888889 0.25154320987654316 0.3003472222222222 0.4861111111111111 0.2604166666666667 0.47685185185185186 0.22135416666666666 0.4645061728395062 0.19010416666666666 0.47839506172839513
0 0.3220486111111111 0.47685185185185186 0.328125 0.2700617283950617 0.3237847222222222 0.25154320987654316 0.3289930555555555 0.23611111111111105 0.3862847222222222 0.22530864197530862 0.42361111111111105 0.24691358024691354 0.4279513888888889 0.2962962962962962 0.41579861111111105 0.4922839506172839 0.38715277777777773 0.47685185185185186 0.3472222222222222 0.47839506172839513
0 0.06684027777777776 0.5231481481481481 0.06944444444444446 0.4830246913580248 0.10590277777777776 0.4753086419753086 0.1553819444444444 0.47839506172839513 0.17881944444444448 0.4969135802469137 0.16579861111111108 0.7608024691358025 0.05381944444444446 0.7577160493827161
0 0.1788194444444444 0.7654320987654322 0.2838541666666667 0.763888888888889 0.2960069444444444 0.49074074074074076 0.265625 0.48148148148148145 0.23177083333333334 0.47067901234567894 0.19270833333333334 0.4830246913580248 0.19010416666666666 0.4938271604938272
0 0.30642361111111105 0.7654320987654321 0.41840277777777773 0.7716049382716049 0.42361111111111105 0.5447530864197531 0.4288194444444444 0.5401234567901235 0.4262152777777778 0.4999999999999999 0.41145833333333337 0.4922839506172839 0.35937500000000006 0.48302469135802467 0.32031250000000006 0.48456790123456794
0 0.5989583333333333 0.5061728395061728 0.59375 0.29629629629629634 0.5868055555555556 0.30709876543209885 0.5859375 0.27160493827160503 0.6041666666666666 0.24999999999999994 0.6414930555555556 0.2376543209876543 0.6788194444444444 0.23148148148148148 0.6961805555555556 0.25462962962962965 0.704861111111111 0.5061728395061729 0.6822916666666666 0.49537037037037035 0.638888888888889 0.4969135802469137
0 0.7222222222222221 0.5030864197530863 0.712673611111111 0.25462962962962965 0.743923611111111 0.2345679012345679 0.7899305555555555 0.22839506172839508 0.8125 0.24845679012345678 0.8229166666666665 0.4922839506172839 0.7977430555555555 0.486111111111111 0.7630208333333333 0.486111111111111 0.7335069444444443 0.4938271604938271
0 0.8593749999999999 0.48456790123456783 0.8949652777777778 0.48148148148148145 0.9331597222222222 0.4876543209876544 0.943576388888889 0.492283950617284 0.931423611111111 0.3040123456790123 0.9340277777777778 0.29166666666666674 0.9322916666666666 0.25771604938271603 0.9088541666666666 0.23919753086419762 0.8645833333333334 0.23765432098765435 0.8411458333333334 0.2546296296296297 0.8359375 0.2592592592592593 0.8506944444444444 0.48919753086419754
0 0.5920138888888888 0.5478395061728395 0.5911458333333334 0.5108024691358025 0.6111111111111109 0.5 0.6605902777777778 0.49074074074074076 0.6987847222222222 0.5015432098765433 0.7074652777777778 0.5246913580246915 0.7161458333333334 0.779320987654321 0.6875 0.7854938271604939 0.599826388888889 0.779320987654321
0 0.7222222222222221 0.5432098765432098 0.7213541666666667 0.5046296296296297 0.7604166666666666 0.4891975308641975 0.7907986111111109 0.4861111111111111 0.8194444444444443 0.4969135802469137 0.8237847222222222 0.54320987654321 0.8394097222222222 0.7824074074074074 0.7317708333333334 0.7824074074074074
0 0.8506944444444445 0.5447530864197532 0.8480902777777779 0.4938271604938272 0.887152777777778 0.48148148148148145 0.9305555555555556 0.4861111111111111 0.954861111111111 0.5030864197530864 0.9609375000000001 0.5401234567901235 0.953125 0.5617283950617283 0.9661458333333335 0.787037037037037 0.8637152777777776 0.7854938271604939
1 0.5156249999999999 0.5586419753086419 0.5147569444444445 0.42901234567901225 0.5598958333333334 0.43209876543209885 0.5659722222222222 0.558641975308642
1 0.5138888888888888 0.6959876543209876 0.515625 0.558641975308642 0.5668402777777779 0.5617283950617284 0.5703125 0.7006172839506174
1 0.5147569444444444 0.8271604938271604 0.513888888888889 0.7006172839506173 0.5729166666666666 0.7006172839506173 0.5746527777777778 0.8271604938271605