0 0.01649305555555555 0.16820987654320985 0.171875 0.16975308641975312 0.18142361111111108 0.353395061728395 0.02951388888888893 0.353395061728395
0 0.17274305555555552 0.17129629629629625 0.32465277777777773 0.1712962962962963 0.3307291666666667 0.353395061728395 0.17968749999999997 0.3549382716049382
0 0.3255208333333333 0.17129629629629625 0.4322916666666667 0.16820987654320987 0.4401041666666667 0.3549382716049382 0.3315972222222222 0.3580246913580247
0 0.033854166666666664 0.353395061728395 0.18402777777777773 0.3549382716049382 0.19878472222222224 0.5308641975308641 0.0486111111111111 0.5262345679012345
0 0.18576388888888884 0.3549382716049383 0.3315972222222222 0.3549382716049383 0.34027777777777773 0.5231481481481481 0.19618055555555555 0.5262345679012345
0 0.3315972222222222 0.3549382716049382 0.4392361111111111 0.35030864197530853 0.4435763888888889 0.5246913580246914 0.3394097222222222 0.5262345679012346
0 0.051215277777777755 0.5277777777777777 0.1970486111111111 0.5262345679012345 0.2065972222222222 0.6851851851851852 0.0659722222222222 0.6867283950617284
0 0.19791666666666663 0.5277777777777777 0.3420138888888889 0.5262345679012346 0.34635416666666674 0.6805555555555555 0.20486111111111113 0.683641975308642
0 0.3420138888888889 0.5246913580246914 0.44184027777777773 0.5231481481481481 0.4470486111111111 0.6805555555555555 0.3446180555555555 0.683641975308642
0 0.06684027777777773 0.6836419753086419 0.2065972222222222 0.6805555555555555 0.21354166666666666 0.8364197530864198 0.078125 0.8395061728395061
0 0.20572916666666663 0.6851851851851851 0.34548611111111105 0.6820987654320987 0.3489583333333333 0.8302469135802468 0.21354166666666666 0.8348765432098765
0 0.3463541666666667 0.6836419753086419 0.4427083333333333 0.6805555555555555 0.4427083333333333 0.8240740740740741 0.3489583333333333 0.8256172839506173
0 0.5763888888888888 0.5879629629629629 0.5807291666666666 0.34722222222222227 0.6006944444444445 0.35956790123456783 0.6302083333333334 0.36574074074074076 0.6597222222222224 0.35802469135802467 0.6840277777777778 0.34876543209876537 0.6796875 0.5910493827160495 0.6614583333333334 0.6049382716049382 0.638888888888889 0.611111111111111 0.6119791666666666 0.6095679012345678 0.5894097222222222 0.6003086419753085
0 0.6848958333333333 0.595679012345679 0.6918402777777779 0.3549382716049382 0.7178819444444444 0.36574074074074076 0.7612847222222221 0.37345679012345673 0.802951388888889 0.35956790123456783 0.7942708333333334 0.6033950617283951 0.775173611111111 0.6188271604938272 0.748263888888889 0.6219135802469136 0.71875 0.6157407407407406 0.6944444444444444 0.6064814814814814 0.6831597222222222 0.6033950617283951
0 0.7977430555555555 0.5833333333333333 0.8098958333333334 0.3549382716049383 0.845486111111111 0.3611111111111112 0.8897569444444443 0.3518518518518519 0.8949652777777776 0.34259259259259267 0.8810763888888891 0.5817901234567902 0.8654513888888891 0.595679012345679 0.8402777777777779 0.595679012345679 0.8185763888888891 0.5910493827160493
0 0.568576388888889 0.7839506172839505 0.5755208333333334 0.5895061728395062 0.603298611111111 0.6049382716049383 0.6484375 0.6095679012345679 0.6788194444444444 0.5910493827160495 0.6744791666666666 0.7993827160493826 0.6640625 0.8179012345679014 0.6371527777777778 0.8271604938271606 0.6059027777777778 0.822530864197531 0.5755208333333334 0.8070987654320988
0 0.6814236111111112 0.7932098765432101 0.6848958333333333 0.5987654320987655 0.717013888888889 0.6157407407407408 0.7465277777777778 0.6234567901234569 0.782986111111111 0.6157407407407408 0.7960069444444444 0.601851851851852 0.7821180555555556 0.8225308641975309 0.7621527777777778 0.8441358024691358 0.7369791666666666 0.8472222222222224 0.7065972222222222 0.8333333333333336 0.6866319444444444 0.814814814814815
0 0.7890625 0.7901234567901236 0.8003472222222221 0.5817901234567902 0.8229166666666666 0.5895061728395063 0.8559027777777779 0.5956790123456791 0.8819444444444444 0.580246913580247 0.8663194444444443 0.7839506172839507 0.8489583333333333 0.8040123456790125 0.8229166666666665 0.8070987654320987 0.8029513888888888 0.8009259259259259
1 0.5130208333333333 0.2854938271604938 0.5121527777777779 0.13888888888888895 0.5972222222222222 0.13734567901234568 0.5946180555555556 0.2824074074074074
1 0.5937499999999999 0.28086419753086417 0.5946180555555556 0.13734567901234562 0.673611111111111 0.1373456790123457 0.6744791666666666 0.28395061728395066
1 0.6744791666666666 0.2762345679012346 0.6753472222222222 0.13580246913580246 0.7534722222222222 0.1358024691358025 0.748263888888889 0.27777777777777773