0 0.0712890625 0.375 0.0703125 0.3767361111111111 0.0703125 0.4010416666666667 0.072265625 0.4045138888888889 0.072265625 0.4079861111111111 0.080078125 0.421875 0.080078125 0.4322916666666667 0.08203125 0.4357638888888889 0.08203125 0.4496527777777778 0.083984375 0.453125 0.083984375 0.4704861111111111 0.0859375 0.4739583333333333 0.0859375 0.4878472222222222 0.087890625 0.4913194444444444 0.087890625 0.5052083333333334 0.08984375 0.5086805555555556 0.08984375 0.5225694444444444 0.091796875 0.5260416666666666 0.091796875 0.5399305555555556 0.09375 0.5434027777777778 0.09375 0.5642361111111112 0.095703125 0.5677083333333334 0.095703125 0.5746527777777778 0.09765625 0.578125 0.09765625 0.5954861111111112 0.099609375 0.5989583333333334 0.099609375 0.6059027777777778 0.1025390625 0.6111111111111112 0.1044921875 0.6111111111111112 0.1064453125 0.6145833333333334 0.1103515625 0.6145833333333334 0.1123046875 0.6180555555555556 0.1669921875 0.6180555555555556 0.1689453125 0.6145833333333334 0.1767578125 0.6145833333333334 0.1787109375 0.6111111111111112 0.1806640625 0.6111111111111112 0.181640625 0.609375 0.181640625 0.5885416666666666 0.17578125 0.578125 0.17578125 0.5434027777777778 0.173828125 0.5399305555555556 0.173828125 0.5295138888888888 0.177734375 0.5225694444444444 0.177734375 0.5052083333333334 0.173828125 0.4982638888888889 0.173828125 0.4739583333333333 0.171875 0.4704861111111111 0.171875 0.4427083333333333 0.169921875 0.4392361111111111 0.169921875 0.4149305555555556 0.1572265625 0.3923611111111111 0.1552734375 0.3923611111111111 0.1533203125 0.3888888888888889 0.1474609375 0.3888888888888889 0.1455078125 0.3854166666666667 0.1416015625 0.3854166666666667 0.1396484375 0.3819444444444444 0.1142578125 0.3819444444444444 0.1123046875 0.3784722222222222 0.1103515625 0.3784722222222222 0.1083984375 0.3819444444444444 0.0986328125 0.3819444444444444 0.0966796875 0.3784722222222222 0.0947265625 0.3784722222222222 0.0927734375 0.3819444444444444 0.0849609375 0.3819444444444444 0.0830078125 0.3784722222222222 0.0791015625 0.3784722222222222 0.0771484375 0.375
0 0.2039930555555555 0.6018518518518517 0.19531249999999997 0.4274691358024692 0.1875 0.4135802469135803 0.18750000000000003 0.388888888888889 0.21180555555555552 0.40432098765432106 0.2578125 0.40123456790123463 0.28298611111111105 0.3858024691358025 0.29340277777777773 0.38425925925925924 0.30121527777777773 0.611111111111111 0.2682291666666667 0.6342592592592593 0.234375 0.6342592592592593
0 0.3177083333333333 0.6003086419753085 0.3107638888888889 0.41820987654320996 0.30729166666666674 0.40432098765432106 0.31076388888888895 0.37654320987654316 0.3194444444444445 0.3719135802469137 0.3420138888888889 0.3811728395061729 0.38888888888888895 0.3750000000000001 0.4270833333333333 0.367283950617284 0.421875 0.6064814814814814 0.3958333333333333 0.625 0.3463541666666667 0.6219135802469137
0 0.0920138888888889 0.6234567901234568 0.11111111111111112 0.638888888888889 0.16232638888888887 0.6419753086419753 0.18663194444444445 0.6311728395061729 0.19270833333333334 0.6296296296296297 0.1970486111111111 0.7037037037037037 0.20312500000000003 0.7685185185185184 0.20312499999999997 0.8287037037037036 0.18229166666666663 0.8611111111111113 0.14062499999999997 0.8580246913580247 0.1163194444444444 0.8256172839506174 0.10156249999999997 0.6728395061728397 0.0859375 0.6543209876543211 0.08854166666666667 0.631172839506173
0 0.20659722222222224 0.6543209876543209 0.20399305555555552 0.625 0.24739583333333334 0.6496913580246915 0.3038194444444444 0.6404320987654322 0.3046875 0.6311728395061729 0.3125 0.8240740740740741 0.3098958333333333 0.8626543209876544 0.2760416666666667 0.8780864197530864 0.24045138888888884 0.8641975308641976 0.2196180555555555 0.8348765432098765
0 0.3185763888888889 0.6234567901234568 0.37152777777777773 0.6373456790123458 0.41927083333333337 0.617283950617284 0.4270833333333333 0.6265432098765432 0.42621527777777773 0.8425925925925927 0.4045138888888889 0.8657407407407409 0.3706597222222222 0.8657407407407409 0.3342013888888889 0.8410493827160496 0.328125 0.8256172839506174 0.32204861111111105 0.6543209876543211 0.3177083333333333 0.6265432098765434
0 0.6006944444444444 0.4027777777777778 0.6041666666666666 0.35956790123456783 0.6527777777777778 0.37962962962962965 0.697048611111111 0.37654320987654316 0.7109375 0.375 0.7057291666666666 0.6111111111111112 0.6666666666666666 0.6203703703703703 0.6336805555555556 0.6111111111111112 0.6067708333333334 0.5864197530864198
0 0.7265625 0.6126543209876544 0.7578124999999999 0.6280864197530863 0.7960069444444444 0.6249999999999999 0.8133680555555556 0.6172839506172839 0.8246527777777779 0.5941358024691359 0.8359374999999999 0.3811728395061728 0.8133680555555555 0.3873456790123456 0.7682291666666665 0.39043209876543206 0.7447916666666665 0.3811728395061728 0.7369791666666665 0.3750000000000001 0.7352430555555555 0.4598765432098766
0 0.8437500000000001 0.5895061728395062 0.8541666666666667 0.375 0.9088541666666667 0.38425925925925936 0.9409722222222221 0.3750000000000001 0.9557291666666667 0.36265432098765427 0.9513888888888891 0.4135802469135802 0.9453125000000001 0.42438271604938266 0.9357638888888891 0.537037037037037 0.9236111111111112 0.6095679012345678 0.8862847222222224 0.617283950617284 0.8454861111111112 0.6018518518518519
0 0.5998263888888888 0.6388888888888887 0.6006944444444445 0.6033950617283951 0.634548611111111 0.6296296296296297 0.6831597222222222 0.6265432098765433 0.6979166666666666 0.6203703703703703 0.7065972222222222 0.617283950617284 0.703125 0.7376543209876545 0.697048611111111 0.8379629629629631 0.6848958333333334 0.8611111111111113 0.6432291666666666 0.8518518518518521 0.6050347222222222 0.8209876543209877 0.6006944444444445 0.8055555555555558
0 0.7126736111111109 0.8225308641975307 0.7274305555555556 0.8425925925925926 0.7708333333333334 0.8518518518518521 0.7916666666666666 0.845679012345679 0.8038194444444444 0.8194444444444445 0.8133680555555556 0.6265432098765434 0.7916666666666666 0.638888888888889 0.7543402777777778 0.6404320987654323 0.7317708333333334 0.631172839506173 0.7265625 0.6265432098765434 0.7213541666666666 0.6265432098765434
0 0.8151041666666665 0.8209876543209875 0.829861111111111 0.8364197530864197 0.8671875000000001 0.8533950617283949 0.8888888888888891 0.8487654320987655 0.9071180555555556 0.8148148148148148 0.9114583333333334 0.7962962962962964 0.9262152777777776 0.6574074074074074 0.9348958333333333 0.6419753086419755 0.9322916666666666 0.6111111111111112 0.9131944444444444 0.6296296296296295 0.868923611111111 0.6296296296296295 0.8368055555555556 0.6188271604938271 0.8307291666666666 0.6157407407407406
1 0.20572916666666663 0.2716049382716049 0.20399305555555552 0.17746913580246912 0.2708333333333333 0.18055555555555555 0.2734375 0.26851851851851855
1 0.2725694444444444 0.2700617283950617 0.2717013888888889 0.17901234567901236 0.3394097222222222 0.17901234567901234 0.3402777777777778 0.26851851851851855
1 0.3411458333333333 0.2716049382716049 0.3385416666666667 0.17746913580246915 0.40625 0.18209876543209877 0.40625 0.27006172839506176
1 0.5520833333333333 0.2885802469135802 0.5520833333333334 0.18518518518518512 0.6284722222222221 0.18518518518518515 0.6293402777777778 0.26851851851851855 0.5928819444444445 0.2700617283950617 0.5824652777777779 0.2777777777777778 0.5789930555555556 0.2947530864197531
1 0.6284722222222221 0.26543209876543206 0.6293402777777778 0.18364197530864199 0.7083333333333334 0.1851851851851852 0.7074652777777778 0.2638888888888889
1 0.709201388888889 0.18209876543209874 0.782986111111111 0.183641975308642 0.78125 0.26697530864197533 0.7074652777777778 0.2654320987654321