0 0.23350694444444445 0.16512345679012344 0.3680555555555555 0.1666666666666666 0.3741319444444444 0.40740740740740744 0.2456597222222222 0.40277777777777785
0 0.10416666666666667 0.16049382716049382 0.2352430555555555 0.1651234567901234 0.2465277777777778 0.4012345679012345 0.12065972222222227 0.39814814814814814
0 0.10329861111111108 0.16049382716049382 0.12065972222222222 0.4012345679012345 0.00347222222222221 0.39814814814814814 0 0.35956790123456783 7.401486830834377e-18 0.16049382716049382
0 0.24826388888888884 0.4012345679012345 0.3758680555555556 0.4058641975308641 0.37934027777777773 0.6219135802469136 0.2586805555555555 0.6172839506172839
0 0.12413194444444443 0.3996913580246914 0.24913194444444445 0.4012345679012345 0.2586805555555555 0.6203703703703703 0.13888888888888887 0.6126543209876544
0 0.0026041666666666665 0.3996913580246913 0.12326388888888887 0.4012345679012346 0.13802083333333334 0.6095679012345678 0.024305555555555535 0.6049382716049382
0 0.023437499999999993 0.6080246913580246 0.1388888888888889 0.6126543209876544 0.15277777777777776 0.8040123456790123 0.04253472222222222 0.7993827160493826
0 0.13888888888888892 0.6126543209876543 0.25954861111111116 0.6188271604938271 0.2673611111111111 0.8101851851851853 0.15190972222222227 0.8040123456790124
0 0.25781249999999994 0.6203703703703702 0.38281250000000006 0.6234567901234568 0.38454861111111105 0.8132716049382716 0.2682291666666667 0.8086419753086419
0 0.5963541666666666 0.8364197530864199 0.599826388888889 0.6435185185185185 0.7256944444444444 0.638888888888889 0.7161458333333334 0.8364197530864199
0 0.7178819444444444 0.8348765432098766 0.7265624999999999 0.638888888888889 0.8515625 0.6373456790123456 0.8385416666666666 0.8364197530864199
0 0.8402777777777779 0.8240740740740743 0.8524305555555557 0.6327160493827161 0.9756944444444445 0.6265432098765433 0.9574652777777779 0.8271604938271606
0 0.5980902777777779 0.6435185185185185 0.6006944444444445 0.42438271604938277 0.7317708333333334 0.4166666666666668 0.724826388888889 0.6404320987654322
0 0.7256944444444443 0.6373456790123456 0.734375 0.4166666666666667 0.865451388888889 0.4151234567901234 0.8515625 0.6358024691358024
0 0.8524305555555555 0.6342592592592592 0.8663194444444443 0.41203703703703715 0.9956597222222224 0.4027777777777779 0.9774305555555557 0.6280864197530864
0 0.5989583333333333 0.42438271604938266 0.6006944444444445 0.17746913580246915 0.7413194444444444 0.17438271604938274 0.732638888888889 0.4151234567901234
0 0.7317708333333334 0.4166666666666668 0.7413194444444444 0.1743827160493828 0.881076388888889 0.16975308641975317 0.865451388888889 0.41512345679012347
0 0.8663194444444443 0.41049382716049376 0.881076388888889 0.16666666666666666 1 0.16203703703703698 1 0.3611111111111111 0.9965277777777779 0.40432098765432095