0 0.25781249999999994 0.5771604938271604 0.2604166666666667 0.5370370370370371 0.28559027777777773 0.5262345679012346 0.32638888888888895 0.5262345679012346 0.35677083333333337 0.5401234567901235 0.3663194444444445 0.5570987654320988 0.3680555555555556 0.5802469135802469 0.36197916666666674 0.5910493827160495 0.35677083333333337 0.691358024691358 0.35416666666666674 0.7577160493827161 0.30729166666666674 0.7608024691358024 0.2534722222222222 0.7530864197530863 0.2552083333333333 0.5864197530864197
0 0.5963541666666665 0.21604938271604937 0.5954861111111112 0.09259259259259256 0.6831597222222222 0.09413580246913576 0.6875 0.21450617283950618
0 0.685763888888889 0.21141975308641978 0.6822916666666667 0.09259259259259264 0.7682291666666665 0.09567901234567902 0.7751736111111109 0.21604938271604943
0 0.7734374999999999 0.21604938271604937 0.7682291666666666 0.09259259259259262 0.8506944444444445 0.09567901234567905 0.8619791666666666 0.220679012345679
0 0.8619791666666665 0.220679012345679 0.8515625 0.09567901234567905 0.9348958333333334 0.09876543209876543 0.9453124999999999 0.22685185185185186
0 0.599826388888889 0.34876543209876537 0.5980902777777779 0.21450617283950613 0.6875 0.21604938271604937 0.6927083333333334 0.34876543209876537
0 0.6909722222222221 0.34876543209876537 0.6866319444444444 0.21450617283950618 0.7760416666666666 0.21604938271604937 0.7838541666666665 0.3472222222222222
0 0.7838541666666665 0.34876543209876537 0.7760416666666667 0.21913580246913578 0.8619791666666666 0.220679012345679 0.8697916666666666 0.34876543209876537
0 0.8697916666666665 0.353395061728395 0.8619791666666666 0.220679012345679 0.9461805555555556 0.22530864197530862 0.959201388888889 0.35493827160493824
0 0.6041666666666665 0.48456790123456783 0.6015625 0.3441358024691358 0.6927083333333334 0.34722222222222227 0.6979166666666666 0.4830246913580248
0 0.6979166666666665 0.48456790123456783 0.6909722222222222 0.34567901234567905 0.7838541666666666 0.3487654320987654 0.7916666666666666 0.48148148148148145
0 0.7916666666666665 0.4830246913580248 0.7838541666666667 0.34567901234567894 0.8706597222222224 0.3503086419753086 0.8802083333333334 0.4876543209876544
0 0.8819444444444443 0.486111111111111 0.8715277777777779 0.3533950617283951 0.9600694444444444 0.3533950617283951 0.9713541666666666 0.49074074074074064
0 0.6067708333333333 0.6249999999999999 0.603298611111111 0.47839506172839513 0.6996527777777778 0.48148148148148145 0.7039930555555556 0.625
0 0.7031249999999999 0.6249999999999999 0.6987847222222222 0.47839506172839513 0.7925347222222222 0.48148148148148145 0.8003472222222221 0.6280864197530864
0 0.7994791666666665 0.6296296296296295 0.7916666666666666 0.48302469135802467 0.884548611111111 0.486111111111111 0.8932291666666666 0.6311728395061729
0 0.8932291666666666 0.6296296296296298 0.8828125 0.48302469135802467 0.9739583333333334 0.4876543209876544 0.9852430555555557 0.6296296296296295
0 0.6067708333333333 0.7654320987654321 0.6050347222222222 0.6219135802469136 0.703125 0.6249999999999999 0.7074652777777778 0.7638888888888887
0 0.7074652777777779 0.7638888888888888 0.7039930555555556 0.6203703703703702 0.798611111111111 0.625 0.8046875 0.7669753086419753
0 0.8046874999999999 0.7669753086419753 0.7994791666666666 0.6296296296296297 0.8932291666666665 0.632716049382716 0.9001736111111109 0.7685185185185184
0 0.9027777777777779 0.7685185185185184 0.8932291666666667 0.6311728395061729 0.9826388888888888 0.6296296296296295 0.9947916666666665 0.7700617283950617
1 0.22656249999999997 0.5462962962962963 0.23350694444444448 0.4166666666666668 0.3263888888888889 0.419753086419753 0.3229166666666667 0.5277777777777777 0.28298611111111105 0.5246913580246914 0.265625 0.529320987654321 0.2604166666666667 0.5447530864197531
1 0.3263888888888889 0.41820987654320985 0.38281250000000006 0.4182098765432099 0.3793402777777778 0.5478395061728396 0.36284722222222227 0.5447530864197531 0.35416666666666674 0.5385802469135802 0.33593750000000006 0.5339506172839505 0.32204861111111105 0.529320987654321
1 0.3828125 0.41820987654320985 0.4383680555555555 0.4212962962962964 0.4375 0.5524691358024693 0.3793402777777777 0.5478395061728395