0 0.1032986111111111 0.7608024691358025 0.1232638888888889 0.5354938271604939 0.22309027777777776 0.537037037037037 0.21006944444444445 0.7608024691358024
0 0.21093750000000003 0.7608024691358025 0.22309027777777785 0.5354938271604939 0.3272569444444444 0.5339506172839507 0.3177083333333333 0.7561728395061729
0 0.3177083333333333 0.7592592592592592 0.32812500000000006 0.5324074074074074 0.4357638888888889 0.5262345679012346 0.4314236111111111 0.7592592592592592
0 0.12586805555555552 0.5339506172839505 0.14149305555555555 0.3287037037037038 0.2387152777777778 0.32098765432098775 0.22395833333333334 0.5339506172839505
0 0.22309027777777776 0.5308641975308641 0.2378472222222222 0.32253086419753085 0.3368055555555555 0.3179012345679013 0.3289930555555555 0.5324074074074073
0 0.32986111111111105 0.5324074074074073 0.33767361111111105 0.32098765432098775 0.43923611111111105 0.31481481481481477 0.4366319444444444 0.5308641975308641
0 0.1423611111111111 0.32870370370370366 0.15538194444444445 0.13888888888888895 0.24739583333333334 0.12962962962962965 0.2387152777777778 0.32253086419753085
0 0.23871527777777776 0.324074074074074 0.24826388888888887 0.12962962962962968 0.3446180555555556 0.1219135802469136 0.33767361111111105 0.3209876543209877
0 0.33767361111111105 0.32098765432098764 0.3446180555555555 0.12037037037037042 0.4444444444444444 0.11265432098765431 0.4401041666666667 0.3209876543209877
0 0.6684027777777778 0.5092592592592593 0.8463541666666666 0.5061728395061729 0.861111111111111 0.7592592592592592 0.6770833333333334 0.7592592592592592
0 0.6692708333333333 0.5108024691358024 0.6631944444444444 0.28240740740740744 0.8324652777777778 0.2669753086419753 0.8472222222222221 0.507716049382716
0 0.6631944444444443 0.28240740740740733 0.6571180555555556 0.0725308641975309 0.8177083333333334 0.05401234567901236 0.829861111111111 0.26851851851851855
0 0.8315972222222221 0.2731481481481481 0.8185763888888891 0.052469135802469126 0.9288194444444445 0.04012345679012349 0.9496527777777779 0.2638888888888889
0 0.8298611111111109 0.2685185185185185 0.9487847222222224 0.26234567901234573 0.9704861111111112 0.49845679012345673 0.8463541666666666 0.507716049382716
0 0.8463541666666665 0.5046296296296295 0.9696180555555556 0.4999999999999999 0.9921875 0.7561728395061729 0.861111111111111 0.7561728395061729
0 0.9487847222222224 0.26388888888888884 0.9288194444444445 0.04629629629629627 1 0.04012345679012349 1 0.25925925925925924
0 0.9505208333333334 0.26080246913580246 1 0.2577160493827161 1 0.5015432098765433 0.970486111111111 0.5030864197530863
0 0.9696180555555555 0.5015432098765432 1 0.5015432098765433 1 0.7592592592592594 0.993923611111111 0.7577160493827161