0 0.05642361111111109 0.4212962962962963 0.03732638888888888 0.17283950617283947 0.15711805555555555 0.17438271604938274 0.17100694444444445 0.42438271604938277
0 0.17013888888888887 0.4212962962962963 0.15625000000000003 0.17283950617283947 0.2769097222222222 0.17438271604938274 0.2864583333333333 0.4212962962962963
0 0.2864583333333333 0.419753086419753 0.2786458333333333 0.17129629629629625 0.39583333333333337 0.17129629629629625 0.4010416666666667 0.419753086419753
0 0.07465277777777776 0.648148148148148 0.05729166666666665 0.4197530864197531 0.171875 0.4212962962962963 0.18663194444444445 0.6481481481481481
0 0.18749999999999997 0.6512345679012345 0.17187499999999997 0.4228395061728395 0.2890625 0.4197530864197531 0.296875 0.6466049382716049
0 0.296875 0.648148148148148 0.2881944444444444 0.4212962962962964 0.40104166666666674 0.41820987654320985 0.40625 0.6419753086419753
0 0.09288194444444443 0.8564814814814815 0.07812499999999999 0.6466049382716049 0.18836805555555555 0.6466049382716049 0.20052083333333331 0.859567901234568
0 0.20052083333333337 0.8580246913580247 0.1875 0.6496913580246915 0.29861111111111105 0.6466049382716049 0.3072916666666667 0.859567901234568
0 0.30642361111111105 0.8580246913580247 0.2986111111111111 0.6450617283950618 0.40798611111111105 0.6419753086419754 0.41145833333333337 0.8549382716049383
0 0.5807291666666665 0.8611111111111112 0.5833333333333334 0.6975308641975309 0.685763888888889 0.6990740740740741 0.681423611111111 0.8657407407407407
0 0.6814236111111109 0.8626543209876542 0.6857638888888888 0.6959876543209876 0.8246527777777778 0.6898148148148147 0.8168402777777779 0.8518518518518519
0 0.8185763888888891 0.8518518518518521 0.8272569444444445 0.6851851851851851 0.9609375 0.6712962962962964 0.9496527777777778 0.8271604938271605
0 0.5911458333333333 0.7006172839506173 0.5928819444444445 0.5385802469135802 0.6996527777777778 0.5339506172839507 0.693576388888889 0.6975308641975309
0 0.6944444444444445 0.6944444444444444 0.7005208333333335 0.5354938271604938 0.8428819444444445 0.5308641975308642 0.8307291666666665 0.6867283950617284
0 0.834201388888889 0.6805555555555555 0.8437499999999999 0.5277777777777778 0.853298611111111 0.5277777777777778 0.853298611111111 0.5216049382716049 0.9809027777777779 0.5138888888888887 0.9635416666666666 0.6759259259259259
0 0.5954861111111112 0.5370370370370371 0.6006944444444445 0.3611111111111112 0.712673611111111 0.35648148148148157 0.703125 0.5354938271604939
0 0.7048611111111109 0.5324074074074073 0.712673611111111 0.35956790123456794 0.8637152777777778 0.35185185185185186 0.8506944444444444 0.5308641975308641
0 0.8715277777777776 0.3472222222222222 0.9991319444444445 0.34259259259259267 0.9826388888888888 0.5123456790123456 0.8524305555555555 0.5231481481481481 0.8637152777777778 0.3518518518518519
0 0.6050347222222221 0.35648148148148145 0.611111111111111 0.16203703703703698 0.728298611111111 0.16203703703703703 0.71875 0.3564814814814815
0 0.7178819444444444 0.353395061728395 0.7265624999999999 0.16203703703703703 0.8836805555555556 0.16512345679012344 0.8689236111111109 0.353395061728395
0 0.8715277777777779 0.3410493827160493 0.884548611111111 0.17129629629629625 0.8793402777777778 0.15895061728395057 1 0.15586419753086417 1 0.34104938271604934