0 0.023437499999999986 0.23611111111111105 0.15885416666666666 0.2361111111111111 0.16666666666666666 0.4058641975308641 0.03385416666666668 0.4012345679012345
0 0.1597222222222222 0.2345679012345679 0.30034722222222227 0.24228395061728392 0.30555555555555547 0.41666666666666663 0.1649305555555556 0.40740740740740733
0 0.2994791666666667 0.2407407407407407 0.4053819444444444 0.25154320987654316 0.40625 0.419753086419753 0.3055555555555555 0.4151234567901234
0 0.0347222222222222 0.3996913580246913 0.16666666666666666 0.4058641975308642 0.17447916666666666 0.5679012345679013 0.04427083333333335 0.558641975308642
0 0.16666666666666663 0.4058641975308641 0.3038194444444444 0.4166666666666668 0.30902777777777773 0.5756172839506173 0.17447916666666666 0.566358024691358
0 0.3046875 0.4151234567901234 0.4045138888888889 0.419753086419753 0.40798611111111105 0.5802469135802468 0.3081597222222222 0.5756172839506174
0 0.04427083333333332 0.5586419753086419 0.17621527777777776 0.566358024691358 0.18402777777777776 0.7145061728395062 0.054687500000000014 0.7021604938271604
0 0.17447916666666663 0.566358024691358 0.30902777777777773 0.5740740740740741 0.3116319444444444 0.720679012345679 0.18229166666666666 0.7129629629629629
0 0.30902777777777773 0.5771604938271604 0.4071180555555555 0.5802469135802468 0.407986111111111 0.7345679012345677 0.3107638888888889 0.728395061728395
0 0.054687499999999986 0.7021604938271604 0.1831597222222222 0.7145061728395062 0.1892361111111111 0.8611111111111113 0.06250000000000001 0.8425925925925927
0 0.18229166666666663 0.7145061728395061 0.31423611111111105 0.7253086419753086 0.31684027777777773 0.8611111111111112 0.19097222222222224 0.8487654320987653
0 0.3133680555555555 0.7253086419753085 0.40798611111111105 0.7299382716049383 0.4097222222222222 0.8734567901234567 0.3168402777777778 0.8626543209876544
0 0.5703125 0.3672839506172839 0.6145833333333334 0.38580246913580246 0.6631944444444444 0.37962962962962965 0.6692708333333334 0.3811728395061728 0.665798611111111 0.6018518518518519 0.6371527777777778 0.6265432098765432 0.5954861111111112 0.625 0.5694444444444445 0.6018518518518519
0 0.7074652777777776 0.375 0.7517361111111109 0.3873456790123456 0.798611111111111 0.38425925925925924 0.8046875 0.3734567901234568 0.7925347222222222 0.6095679012345679 0.7708333333333334 0.6373456790123457 0.7161458333333334 0.6342592592592593 0.6901041666666666 0.6033950617283951 0.697048611111111 0.37808641975308643
0 0.8324652777777779 0.3688271604938271 0.8741319444444443 0.3827160493827159 0.915798611111111 0.37808641975308643 0.9210069444444444 0.37345679012345684 0.8932291666666666 0.6049382716049382 0.8680555555555556 0.6188271604938272 0.8350694444444444 0.6064814814814815 0.8194444444444443 0.5864197530864198
0 0.5668402777777779 0.6141975308641975 0.5972222222222222 0.6419753086419754 0.6475694444444444 0.648148148148148 0.6675347222222222 0.6311728395061729 0.6640625 0.8070987654320986 0.6527777777777778 0.8595679012345677 0.6197916666666666 0.8750000000000001 0.5824652777777779 0.851851851851852 0.5633680555555556 0.8225308641975309
0 0.6710069444444444 0.8132716049382716 0.6831597222222222 0.8503086419753086 0.7256944444444445 0.8750000000000002 0.7647569444444444 0.8626543209876544 0.7717013888888891 0.8333333333333336 0.7847222222222222 0.6404320987654322 0.7604166666666666 0.6589506172839508 0.712673611111111 0.6527777777777779 0.6831597222222222 0.6327160493827161
0 0.7864583333333333 0.8364197530864197 0.8020833333333334 0.6172839506172839 0.8281249999999999 0.6327160493827161 0.8663194444444444 0.6373456790123457 0.8975694444444444 0.6280864197530864 0.9027777777777778 0.6234567901234568 0.8984374999999999 0.6697530864197532 0.8958333333333333 0.7067901234567902 0.8776041666666665 0.8503086419753085 0.8628472222222221 0.8688271604938272 0.8437499999999999 0.8703703703703705 0.8081597222222221 0.8595679012345679
1 0.5243055555555556 0.22839506172839508 0.5225694444444445 0.12808641975308646 0.584201388888889 0.12345679012345677 0.5850694444444445 0.22993827160493827
1 0.5868055555555556 0.12345679012345677 0.6484375 0.12191358024691354 0.6458333333333334 0.2299382716049383 0.5859375 0.22993827160493827
1 0.6484374999999999 0.12191358024691354 0.7100694444444444 0.11728395061728392 0.7083333333333334 0.23148148148148145 0.6449652777777778 0.22993827160493827
1 0.7109374999999999 0.11882716049382715 0.7699652777777779 0.12654320987654316 0.7673611111111112 0.23148148148148145 0.7083333333333334 0.2299382716049383