0 0.0833333333333333 0.35648148148148145 0.07031249999999997 0.1666666666666666 0 0.16512345679012344 0.0008680555555555654 0.35185185185185186
0 0.0833333333333333 0.35185185185185186 0.07204861111111112 0.16203703703703703 0.23437499999999997 0.16975308641975312 0.23958333333333337 0.35493827160493824
0 0.24218749999999997 0.3472222222222222 0.2387152777777778 0.16358024691358022 0.39322916666666674 0.16975308641975306 0.39409722222222227 0.3549382716049382
0 0.0920138888888889 0.5324074074074073 0.0833333333333333 0.3533950617283951 0 0.35185185185185186 1.4802973661668754e-17 0.5308641975308641
0 0.09461805555555554 0.5277777777777777 0.08420138888888885 0.3503086419753087 0.24218749999999997 0.35648148148148157 0.24565972222222218 0.5277777777777778
0 0.24739583333333337 0.523148148148148 0.24305555555555552 0.3487654320987654 0.3940972222222222 0.3549382716049383 0.39409722222222227 0.5262345679012345
0 0.0920138888888889 0.5354938271604939 0.10416666666666667 0.6975308641975309 2.960594732333751e-17 0.6913580246913581 2.960594732333751e-17 0.5308641975308641
0 0.09375 0.5277777777777778 0.24479166666666666 0.5308641975308642 0.2517361111111111 0.6929012345679013 0.10416666666666667 0.6898148148148147
0 0.24739583333333331 0.5246913580246914 0.3940972222222222 0.5277777777777777 0.3958333333333333 0.6882716049382717 0.2508680555555555 0.6898148148148147
0 0.10503472222222224 0.7021604938271604 0.11458333333333331 0.851851851851852 0.00868055555555555 0.8503086419753088 0.0008680555555555358 0.7438271604938274 7.401486830834377e-18 0.6929012345679014
0 0.1050347222222222 0.6898148148148147 0.2526041666666667 0.6929012345679011 0.2578125 0.8518518518518519 0.11545138888888887 0.8518518518518519
0 0.2517361111111111 0.6913580246913581 0.39496527777777773 0.6898148148148147 0.3975694444444444 0.839506172839506 0.25781250000000006 0.8472222222222222
0 0.5008680555555556 0.845679012345679 0.5008680555555556 0.6388888888888888 0.599826388888889 0.6358024691358024 0.5954861111111112 0.8410493827160493
0 0.5954861111111112 0.8410493827160496 0.6006944444444445 0.6327160493827162 0.6979166666666665 0.6311728395061729 0.6927083333333334 0.8364197530864198
0 0.6918402777777778 0.8379629629629631 0.6979166666666666 0.6327160493827161 0.8593750000000001 0.625 0.8489583333333335 0.8317901234567903
0 0.5017361111111112 0.6342592592592593 0.5008680555555556 0.4104938271604939 0.603298611111111 0.41049382716049376 0.5989583333333334 0.632716049382716
0 0.5989583333333334 0.6296296296296295 0.6059027777777778 0.41203703703703703 0.7065972222222222 0.4074074074074075 0.6970486111111109 0.6296296296296295
0 0.6979166666666666 0.6296296296296297 0.7083333333333333 0.4027777777777779 0.8750000000000001 0.4027777777777778 0.8602430555555556 0.6265432098765432
0 0.5017361111111112 0.4089506172839507 0.5052083333333334 0.1666666666666667 0.6102430555555556 0.1620370370370371 0.6050347222222222 0.41512345679012347
0 0.6059027777777776 0.40432098765432106 0.611111111111111 0.1620370370370371 0.7178819444444444 0.16049382716049387 0.7083333333333334 0.40740740740740744
0 0.7092013888888888 0.4027777777777779 0.717013888888889 0.1620370370370371 0.8932291666666666 0.1574074074074074 0.8776041666666667 0.40123456790123463