0 0.05729166666666666 0.7499999999999999 0.07812499999999999 0.5756172839506173 0.18402777777777773 0.58179012345679 0.17100694444444445 0.7530864197530863
0 0.078125 0.5740740740740741 0.09288194444444446 0.4166666666666668 0.19444444444444445 0.4212962962962964 0.1814236111111111 0.5833333333333333
0 0.09288194444444443 0.4135802469135802 0.10850694444444443 0.2561728395061729 0.2100694444444445 0.2654320987654321 0.1970486111111111 0.419753086419753
0 0.10763888888888887 0.2546296296296296 0.12152777777777773 0.11111111111111113 0.2196180555555555 0.12037037037037042 0.20833333333333331 0.2654320987654321
0 0.20833333333333331 0.26543209876543206 0.21875 0.11882716049382722 0.3506944444444445 0.12654320987654316 0.3446180555555556 0.27469135802469136
0 0.34548611111111105 0.2762345679012346 0.35156250000000006 0.12962962962962968 0.4817708333333333 0.13271604938271608 0.48177083333333326 0.2808641975308641
0 0.19704861111111113 0.41820987654320985 0.20920138888888887 0.26080246913580246 0.34548611111111105 0.2762345679012346 0.34027777777777773 0.42592592592592593
0 0.33854166666666674 0.4274691358024691 0.3454861111111111 0.2731481481481481 0.482638888888889 0.27777777777777773 0.4809027777777779 0.4305555555555556
0 0.1814236111111111 0.58179012345679 0.1944444444444444 0.4151234567901234 0.3376736111111111 0.4228395061728395 0.33246527777777773 0.5879629629629629
0 0.33246527777777773 0.5910493827160493 0.3394097222222222 0.4212962962962964 0.48090277777777785 0.42901234567901225 0.4791666666666667 0.5879629629629629
0 0.1710069444444444 0.7515432098765432 0.18229166666666666 0.5802469135802468 0.33246527777777773 0.5864197530864197 0.3272569444444444 0.756172839506173
0 0.32638888888888895 0.7577160493827161 0.3342013888888889 0.5848765432098766 0.48177083333333337 0.5895061728395061 0.4809027777777779 0.7638888888888888
0 0.6093749999999999 0.7638888888888887 0.607638888888889 0.5354938271604938 0.7873263888888891 0.5416666666666666 0.7960069444444444 0.7638888888888888
0 0.7960069444444443 0.7654320987654321 0.7864583333333334 0.5370370370370371 0.9618055555555557 0.5385802469135802 0.9835069444444444 0.7654320987654321
0 0.6085069444444443 0.5354938271604938 0.6059027777777778 0.33179012345679015 0.7751736111111109 0.33024691358024694 0.7855902777777776 0.5416666666666666
0 0.7864583333333333 0.5401234567901234 0.7777777777777778 0.3317901234567901 0.947048611111111 0.330246913580247 0.9652777777777776 0.5385802469135803
0 0.603298611111111 0.33487654320987653 0.599826388888889 0.14043209876543206 0.763888888888889 0.1342592592592593 0.7725694444444444 0.3287037037037037
0 0.7725694444444443 0.3302469135802469 0.763888888888889 0.1358024691358024 0.9244791666666666 0.13271604938271606 0.939236111111111 0.3287037037037037