0 0.6206597222222221 0.8240740740740741 0.6241319444444444 0.7067901234567902 0.7100694444444444 0.7160493827160496 0.7057291666666666 0.8256172839506173
0 0.7074652777777776 0.8240740740740741 0.7118055555555555 0.7114197530864198 0.7960069444444444 0.7191358024691359 0.7916666666666666 0.8302469135802468
0 0.7916666666666665 0.83179012345679 0.7960069444444445 0.7191358024691358 0.8819444444444443 0.7237654320987654 0.8741319444444443 0.8333333333333335
0 0.8741319444444443 0.8348765432098764 0.8836805555555555 0.720679012345679 0.9678819444444445 0.720679012345679 0.9583333333333334 0.8333333333333335
0 0.6241319444444443 0.7083333333333333 0.6284722222222222 0.5941358024691359 0.7144097222222222 0.6003086419753085 0.7100694444444444 0.7175925925925924
0 0.7100694444444443 0.7160493827160493 0.7144097222222222 0.5987654320987654 0.8020833333333334 0.6018518518518519 0.795138888888889 0.7191358024691358
0 0.7968749999999999 0.7222222222222221 0.8020833333333334 0.6033950617283951 0.8897569444444444 0.6064814814814814 0.8819444444444443 0.7237654320987655
0 0.8828124999999999 0.720679012345679 0.890625 0.6033950617283951 0.9748263888888891 0.6049382716049383 0.9652777777777778 0.7237654320987655
0 0.6293402777777776 0.5941358024691358 0.6328125 0.47839506172839513 0.7196180555555556 0.4830246913580248 0.7152777777777778 0.5987654320987654
0 0.7135416666666665 0.5972222222222221 0.720486111111111 0.478395061728395 0.810763888888889 0.486111111111111 0.8029513888888891 0.6049382716049382
0 0.8020833333333333 0.6018518518518517 0.8090277777777778 0.486111111111111 0.8975694444444444 0.486111111111111 0.8923611111111109 0.6095679012345679
0 0.8923611111111109 0.6049382716049382 0.8975694444444444 0.48456790123456783 0.9869791666666666 0.48302469135802467 0.9791666666666667 0.6080246913580246
0 0.6293402777777776 0.47685185185185175 0.6362847222222222 0.353395061728395 0.7256944444444444 0.35802469135802467 0.71875 0.48456790123456783
0 0.7196180555555555 0.48302469135802467 0.7248263888888888 0.35648148148148157 0.8159722222222224 0.35956790123456794 0.8090277777777778 0.4876543209876544
0 0.8098958333333334 0.48148148148148145 0.8159722222222222 0.3611111111111111 0.9062499999999999 0.3611111111111111 0.8993055555555556 0.486111111111111
0 0.900173611111111 0.48456790123456783 0.9079861111111112 0.3595679012345679 0.9956597222222222 0.3611111111111112 0.990451388888889 0.48302469135802467
0 0.6388888888888888 0.3549382716049382 0.6440972222222222 0.2237654320987654 0.732638888888889 0.22530864197530862 0.728298611111111 0.3595679012345678
0 0.7282986111111112 0.35802469135802467 0.7335069444444444 0.2268518518518518 0.8289930555555556 0.2268518518518518 0.8203125 0.36111111111111116
0 0.8211805555555556 0.3641975308641975 0.828125 0.2268518518518518 0.921875 0.2268518518518518 0.912326388888889 0.3641975308641975
0 0.9114583333333333 0.3611111111111111 0.9227430555555556 0.2268518518518518 1 0.22530864197530867 1 0.3595679012345679
0 0.6449652777777776 0.22530864197530862 0.6493055555555556 0.09104938271604937 0.740451388888889 0.08950617283950622 0.7352430555555556 0.22839506172839502
0 0.7352430555555555 0.22376543209876545 0.7421875 0.08950617283950622 0.8368055555555557 0.08950617283950617 0.829861111111111 0.22839506172839502
0 0.8298611111111109 0.22993827160493827 0.837673611111111 0.08796296296296299 0.931423611111111 0.08641975308641973 0.923611111111111 0.22530864197530862
0 0.923611111111111 0.22530864197530867 0.931423611111111 0.08487654320987659 1 0.08487654320987659 1 0.22685185185185186
0 0.07725694444444443 0.32561728395061723 0.0763888888888889 0.2777777777777777 0.1032986111111111 0.28858024691358025 0.17013888888888887 0.279320987654321 0.19357638888888887 0.2777777777777778 0.20920138888888887 0.5308641975308641 0.17621527777777776 0.5509259259259259 0.1388888888888889 0.5555555555555556 0.1076388888888889 0.5339506172839507 0.0842013888888889 0.33024691358024694
0 0.21527777777777782 0.537037037037037 0.23263888888888887 0.5601851851851852 0.2630208333333333 0.5632716049382718 0.3081597222222222 0.5509259259259258 0.3185763888888889 0.5339506172839507 0.3038194444444444 0.287037037037037 0.2647569444444445 0.2962962962962962 0.20920138888888884 0.287037037037037 0.20312500000000006 0.28240740740740733 0.20225694444444448 0.32253086419753085 0.2065972222222222 0.36265432098765427
0 0.33246527777777773 0.5308641975308641 0.3524305555555556 0.5509259259259259 0.3993055555555555 0.5632716049382717 0.43142361111111105 0.5385802469135803 0.4375 0.3287037037037038 0.4427083333333333 0.3132716049382716 0.4375 0.27623456790123463 0.4244791666666667 0.2885802469135803 0.3819444444444444 0.2993827160493828 0.3350694444444444 0.29166666666666674 0.31510416666666674 0.2901234567901235 0.3159722222222222 0.3364197530864198 0.3263888888888889 0.34567901234567905
0 0.10069444444444446 0.5771604938271604 0.10069444444444449 0.54320987654321 0.1137152777777778 0.5570987654320988 0.14756944444444445 0.5555555555555556 0.19184027777777776 0.5555555555555556 0.20399305555555552 0.5493827160493827 0.21788194444444448 0.7762345679012345 0.1918402777777778 0.7947530864197532 0.15017361111111113 0.7947530864197532 0.1293402777777778 0.7669753086419755 0.11284722222222227 0.5925925925925927
0 0.21440972222222218 0.5601851851851851 0.25607638888888895 0.5756172839506173 0.3116319444444444 0.5617283950617283 0.31857638888888895 0.5601851851851852 0.3298611111111111 0.7839506172839505 0.296875 0.8117283950617282 0.24305555555555552 0.8148148148148148 0.2300347222222222 0.7808641975308642 0.21701388888888887 0.5925925925925926 0.2109375 0.5787037037037037
0 0.3385416666666667 0.5987654320987654 0.3289930555555555 0.5833333333333333 0.33246527777777773 0.5555555555555556 0.35329861111111105 0.5725308641975309 0.4157986111111111 0.5632716049382717 0.4409722222222222 0.5570987654320988 0.4383680555555555 0.7808641975308642 0.41840277777777773 0.8070987654320986 0.3828125 0.8148148148148149 0.35590277777777773 0.79320987654321 0.3428819444444444 0.7700617283950618
1 0.23784722222222218 0.10648148148148148 0.3237847222222222 0.10802469135802466 0.3263888888888889 0.2052469135802469 0.24045138888888887 0.20370370370370366
1 0.3237847222222222 0.10956790123456789 0.4088541666666667 0.10956790123456793 0.4097222222222222 0.20679012345679013 0.3272569444444444 0.20524691358024688
1 0.4088541666666667 0.10648148148148148 0.4748263888888889 0.11111111111111116 0.47569444444444453 0.2098765432098765 0.4097222222222222 0.2083333333333333