0 0.7204861111111109 0.33179012345679004 0.7135416666666666 0.12962962962962968 0.8151041666666666 0.13117283950617284 0.8263888888888888 0.3287037037037037
0 0.8272569444444443 0.32870370370370366 0.8151041666666666 0.13117283950617278 0.9131944444444444 0.13117283950617287 0.9288194444444444 0.3317901234567901
0 0.634548611111111 0.5478395061728395 0.6319444444444444 0.33487654320987653 0.7352430555555556 0.3364197530864198 0.743923611111111 0.5493827160493826
0 0.743923611111111 0.5478395061728395 0.736111111111111 0.33333333333333337 0.8394097222222221 0.3333333333333334 0.8541666666666665 0.5509259259259258
0 0.8532986111111109 0.5478395061728395 0.8402777777777779 0.33179012345679015 0.9409722222222222 0.3317901234567901 0.9583333333333335 0.5478395061728396
0 0.6345486111111109 0.5478395061728395 0.7421875000000001 0.5478395061728396 0.751736111111111 0.773148148148148 0.6371527777777778 0.7746913580246915
0 0.7413194444444443 0.5478395061728395 0.853298611111111 0.5478395061728396 0.8671875 0.7700617283950617 0.7508680555555556 0.7746913580246915
0 0.8532986111111109 0.5493827160493826 0.9609375000000001 0.5478395061728396 0.9835069444444443 0.773148148148148 0.8663194444444444 0.7731481481481481
0 0.0798611111111111 0.5061728395061728 0.1050347222222222 0.2700617283950617 0.13194444444444445 0.26080246913580246 0.1640625 0.26543209876543206 0.20399305555555552 0.29320987654320985 0.19097222222222224 0.5308641975308641 0.17100694444444445 0.5154320987654322 0.1328125 0.5015432098765433 0.0998263888888889 0.4969135802469137
0 0.1987847222222222 0.5246913580246914 0.21440972222222224 0.2839506172839507 0.23350694444444448 0.2731481481481482 0.25434027777777785 0.26851851851851855 0.27777777777777773 0.27314814814814814 0.3107638888888888 0.28858024691358025 0.31423611111111105 0.30401234567901236 0.3020833333333333 0.529320987654321 0.2821180555555556 0.5185185185185183 0.24392361111111116 0.5061728395061726 0.21440972222222224 0.5092592592592591
0 0.31423611111111105 0.523148148148148 0.3220486111111111 0.29320987654320996 0.34027777777777773 0.27623456790123463 0.3689236111111111 0.2700617283950617 0.39496527777777773 0.28086419753086417 0.42361111111111105 0.3055555555555555 0.4201388888888889 0.5262345679012345 0.39236111111111105 0.5108024691358025 0.3585069444444444 0.5061728395061729 0.3263888888888889 0.5154320987654322
0 0.05642361111111112 0.7515432098765432 0.08159722222222224 0.507716049382716 0.10156250000000001 0.49845679012345673 0.13194444444444445 0.4999999999999999 0.1631944444444444 0.5123456790123456 0.18923611111111113 0.5339506172839505 0.17100694444444445 0.7669753086419753 0.15277777777777776 0.7654320987654322 0.09635416666666667 0.7561728395061729 0.0607638888888889 0.7561728395061729
0 0.18142361111111108 0.7700617283950617 0.19618055555555555 0.529320987654321 0.2109375 0.5138888888888887 0.23871527777777782 0.5061728395061728 0.2682291666666667 0.5138888888888887 0.2960069444444444 0.5262345679012345 0.3029513888888889 0.537037037037037 0.2916666666666667 0.7716049382716049
0 0.3003472222222222 0.7700617283950617 0.314236111111111 0.5216049382716049 0.3420138888888889 0.5061728395061728 0.375 0.5061728395061728 0.4105902777777778 0.5169753086419753 0.4227430555555556 0.5324074074074073 0.4157986111111111 0.7731481481481481