0 0.09635416666666664 0.7160493827160493 0.19791666666666666 0.7145061728395062 0.21006944444444448 0.9074074074074077 0.11197916666666667 0.9043209876543209
0 0.0954861111111111 0.7160493827160493 0.11458333333333333 0.9058641975308643 0.014756944444444465 0.9027777777777779 0 0.7669753086419754 0 0.7160493827160495
0 0.07725694444444443 0.507716049382716 0.1796875 0.5061728395061729 0.19444444444444448 0.7129629629629629 0.09461805555555557 0.7145061728395061
0 0.07725694444444443 0.5046296296296295 0.0954861111111111 0.7129629629629629 0 0.7129629629629629 0 0.5061728395061728
0 0.07725694444444443 0.5046296296296295 0.059895833333333336 0.28240740740740744 0.16753472222222224 0.28240740740740744 0.18402777777777776 0.5015432098765433
0 0.0763888888888889 0.5015432098765433 0.05902777777777778 0.2824074074074074 0 0.28086419753086417 0 0.5092592592592592
0 0.3732638888888889 0.6574074074074073 0.3689236111111111 0.46296296296296285 0.359375 0.44598765432098775 0.36111111111111105 0.41049382716049376 0.3845486111111111 0.42283950617283955 0.4479166666666667 0.4166666666666668 0.47309027777777773 0.4058641975308641 0.4739583333333333 0.654320987654321 0.45052083333333337 0.6743827160493826 0.4157986111111111 0.6790123456790124 0.38888888888888895 0.6790123456790124
0 0.5347222222222222 0.6851851851851851 0.5052083333333334 0.6697530864197532 0.48697916666666663 0.6496913580246915 0.48871527777777785 0.4583333333333332 0.4869791666666667 0.43827160493827155 0.49045138888888895 0.41203703703703703 0.49652777777777785 0.4104938271604939 0.545138888888889 0.43055555555555564 0.5833333333333334 0.41820987654320996 0.5954861111111112 0.3996913580246913 0.5885416666666666 0.6666666666666666 0.5633680555555556 0.683641975308642
0 0.6614583333333333 0.6805555555555555 0.6371527777777778 0.6774691358024693 0.6119791666666666 0.66820987654321 0.6041666666666666 0.6496913580246916 0.6137152777777778 0.47067901234567905 0.611111111111111 0.44290123456790115 0.6067708333333334 0.4212962962962964 0.618923611111111 0.40432098765432106 0.665798611111111 0.41512345679012347 0.704861111111111 0.4135802469135803 0.728298611111111 0.4074074074074075 0.7230902777777778 0.4521604938271605 0.7178819444444444 0.46450617283950624 0.7100694444444444 0.654320987654321 0.6848958333333334 0.6790123456790124 0.6675347222222222 0.6805555555555556
0 0.37760416666666674 0.8858024691358025 0.375 0.7098765432098765 0.36458333333333337 0.6898148148148148 0.3680555555555555 0.6574074074074074 0.3810763888888889 0.6697530864197531 0.4053819444444445 0.6836419753086419 0.4548611111111111 0.6759259259259258 0.4800347222222222 0.662037037037037 0.4809027777777778 0.7160493827160493 0.47916666666666663 0.7530864197530865 0.4782986111111111 0.7962962962962962 0.4748263888888889 0.9058641975308641 0.4453125 0.9274691358024691 0.4166666666666667 0.9166666666666669 0.3880208333333333 0.8981481481481484
0 0.48697916666666663 0.8796296296296299 0.49131944444444453 0.720679012345679 0.4861111111111112 0.7052469135802469 0.4869791666666667 0.6712962962962963 0.4921875 0.6682098765432101 0.5147569444444445 0.6898148148148149 0.5598958333333334 0.6944444444444445 0.5859374999999999 0.6867283950617286 0.5946180555555556 0.6805555555555557 0.59375 0.7237654320987656 0.5902777777777779 0.7530864197530865 0.5885416666666666 0.8873456790123458 0.5703125 0.9197530864197532 0.5520833333333334 0.9320987654320988 0.5251736111111112 0.9274691358024693 0.5017361111111112 0.9120370370370372 0.4939236111111112 0.902777777777778
0 0.5998263888888888 0.8703703703703703 0.603298611111111 0.7314814814814815 0.599826388888889 0.7083333333333334 0.5980902777777779 0.6882716049382716 0.609375 0.6697530864197531 0.6284722222222222 0.6882716049382716 0.6692708333333334 0.6820987654320987 0.704861111111111 0.6759259259259258 0.712673611111111 0.660493827160494 0.7118055555555556 0.7067901234567903 0.7065972222222222 0.719135802469136 0.701388888888889 0.8626543209876544 0.6927083333333334 0.9012345679012346 0.6727430555555556 0.925925925925926 0.6519097222222222 0.9305555555555558 0.634548611111111 0.9259259259259259 0.6102430555555556 0.9027777777777778 0.603298611111111 0.8888888888888888