0 0.06857638888888887 0.18364197530864196 0.07986111111111113 0.06018518518518516 0.1640625 0.0524691358024691 0.1527777777777778 0.18364197530864199
0 0.15364583333333331 0.1805555555555555 0.1631944444444444 0.050925925925925916 0.2526041666666667 0.0493827160493827 0.24479166666666666 0.18055555555555547
0 0.24565972222222224 0.17901234567901234 0.25260416666666674 0.0478395061728395 0.3394097222222222 0.04783950617283954 0.33593750000000006 0.17901234567901234
0 0.3350694444444444 0.1790123456790124 0.3385416666666667 0.04938271604938275 0.42534722222222215 0.05092592592592595 0.423611111111111 0.1790123456790124
0 0.05642361111111109 0.3179012345679012 0.06857638888888887 0.183641975308642 0.1553819444444444 0.18055555555555555 0.14670138888888887 0.31944444444444436
0 0.14583333333333334 0.316358024691358 0.1545138888888889 0.1790123456790124 0.2456597222222222 0.1774691358024691 0.23784722222222218 0.3132716049382716
0 0.23784722222222218 0.3132716049382716 0.24392361111111113 0.17592592592592593 0.33593750000000006 0.17746913580246915 0.33072916666666674 0.3132716049382716
0 0.32986111111111105 0.31172839506172834 0.3359375 0.17592592592592599 0.42534722222222227 0.1774691358024692 0.4236111111111111 0.3148148148148148
0 0.04427083333333333 0.4552469135802469 0.057291666666666664 0.316358024691358 0.14496527777777773 0.316358024691358 0.13541666666666666 0.45679012345679004
0 0.13541666666666663 0.45679012345679004 0.14496527777777776 0.3132716049382716 0.23611111111111113 0.3132716049382716 0.23003472222222218 0.4537037037037036
0 0.22916666666666663 0.4552469135802469 0.23697916666666666 0.3101851851851851 0.3298611111111111 0.30864197530864207 0.3246527777777778 0.455246913580247
0 0.3255208333333333 0.4552469135802469 0.3307291666666667 0.31172839506172834 0.4227430555555556 0.31018518518518523 0.41927083333333337 0.45679012345679015
0 0.03038194444444444 0.5972222222222222 0.044270833333333336 0.4537037037037037 0.13454861111111108 0.4521604938271605 0.12413194444444442 0.5925925925925926
0 0.12326388888888887 0.595679012345679 0.13628472222222227 0.4521604938271605 0.22916666666666666 0.4521604938271605 0.2204861111111111 0.6003086419753086
0 0.2204861111111111 0.5987654320987654 0.22829861111111113 0.45216049382716045 0.32465277777777773 0.4537037037037037 0.31857638888888895 0.6018518518518517
0 0.3185763888888889 0.6003086419753085 0.32552083333333337 0.4521604938271605 0.4192708333333333 0.4537037037037036 0.4166666666666667 0.6003086419753085
0 0.013888888888888876 0.7376543209876543 0.02864583333333332 0.595679012345679 0.1223958333333333 0.595679012345679 0.11197916666666666 0.7469135802469136
0 0.11197916666666667 0.7438271604938271 0.12239583333333333 0.5941358024691359 0.2196180555555555 0.595679012345679 0.2109375 0.7484567901234568
0 0.21006944444444445 0.7515432098765432 0.21875 0.5972222222222222 0.3185763888888889 0.5972222222222221 0.3107638888888889 0.7484567901234567
0 0.3098958333333333 0.7484567901234567 0.3185763888888889 0.6003086419753085 0.41406250000000006 0.5972222222222222 0.41059027777777773 0.7608024691358023 0.40277777777777773 0.7484567901234566
0 0.5763888888888888 0.7530864197530863 0.576388888888889 0.6049382716049383 0.681423611111111 0.6095679012345677 0.6848958333333334 0.7530864197530862
0 0.5833333333333333 0.6049382716049382 0.5798611111111112 0.46296296296296285 0.6770833333333334 0.46296296296296285 0.6805555555555556 0.6080246913580247
0 0.5815972222222222 0.46296296296296297 0.5798611111111112 0.32561728395061723 0.673611111111111 0.3271604938271605 0.6770833333333334 0.46296296296296285
0 0.5807291666666665 0.3271604938271605 0.578125 0.19290123456790123 0.670138888888889 0.18827160493827158 0.673611111111111 0.3271604938271605
0 0.5781249999999999 0.19290123456790123 0.576388888888889 0.06481481481481478 0.6631944444444443 0.061728395061728385 0.6692708333333334 0.191358024691358
0 0.6692708333333333 0.19290123456790123 0.6640625 0.061728395061728385 0.7534722222222221 0.061728395061728385 0.7604166666666666 0.18981481481481477
0 0.6744791666666665 0.3271604938271605 0.6692708333333334 0.18981481481481477 0.7621527777777776 0.18981481481481477 0.7699652777777778 0.3271604938271605
0 0.6770833333333334 0.4691358024691358 0.6736111111111112 0.3240740740740741 0.7682291666666666 0.324074074074074 0.7734375000000001 0.4691358024691358
0 0.6796874999999999 0.6095679012345678 0.6762152777777778 0.46296296296296297 0.7725694444444444 0.4660493827160494 0.7777777777777778 0.6111111111111112
0 0.6840277777777778 0.7561728395061728 0.6814236111111112 0.6080246913580246 0.7777777777777776 0.6095679012345678 0.7847222222222222 0.7561728395061728
0 0.7847222222222221 0.7561728395061728 0.7786458333333334 0.6095679012345679 0.8784722222222221 0.6095679012345678 0.8871527777777776 0.7561728395061728
0 0.7777777777777776 0.6095679012345678 0.7725694444444444 0.4660493827160493 0.8689236111111109 0.4660493827160493 0.8793402777777776 0.6095679012345678
0 0.7743055555555555 0.4660493827160493 0.7690972222222222 0.32716049382716056 0.8602430555555556 0.3271604938271605 0.868923611111111 0.47067901234567894
0 0.7699652777777776 0.324074074074074 0.7621527777777778 0.18827160493827158 0.8532986111111112 0.19444444444444434 0.8619791666666666 0.3271604938271605
0 0.7604166666666665 0.19290123456790123 0.7543402777777778 0.06018518518518516 0.8428819444444444 0.05864197530864196 0.853298611111111 0.1944444444444444
0 0.853298611111111 0.19290123456790131 0.8428819444444444 0.058641975308641986 0.9288194444444444 0.06481481481481484 0.9401041666666667 0.19598765432098766
0 0.8602430555555555 0.3271604938271605 0.8524305555555556 0.19135802469135804 0.939236111111111 0.19290123456790126 0.953125 0.3271604938271605
0 0.8697916666666667 0.4660493827160494 0.859375 0.32716049382716056 0.9505208333333334 0.32561728395061723 0.9618055555555557 0.46913580246913583
0 0.8802083333333333 0.6095679012345678 0.8697916666666666 0.4660493827160494 0.9652777777777779 0.4660493827160494 0.9756944444444444 0.6141975308641975
0 0.8871527777777778 0.7561728395061728 0.8793402777777778 0.6049382716049382 0.9756944444444444 0.6126543209876544 0.9869791666666666 0.7546296296296297