0 0.09895833333333333 0.44290123456790115 0.10850694444444442 0.2546296296296297 0.1032986111111111 0.2407407407407407 0.10677083333333333 0.19907407407407401 0.12065972222222224 0.18209876543209877 0.14062500000000003 0.1774691358024692 0.1788194444444444 0.17901234567901234 0.20486111111111113 0.19290123456790123 0.18663194444444445 0.45524691358024694 0.14496527777777776 0.4398148148148148 0.109375 0.4398148148148148
0 0.08072916666666667 0.7253086419753086 0.0902777777777778 0.5154320987654321 0.08333333333333333 0.4969135802469137 0.08940972222222224 0.4583333333333332 0.1032986111111111 0.4475308641975308 0.13802083333333334 0.43981481481481494 0.18489583333333334 0.4537037037037037 0.19097222222222224 0.4660493827160494 0.17708333333333334 0.7422839506172839 0.08072916666666667 0.7407407407407407
0 0.19270833333333331 0.7469135802469137 0.20659722222222218 0.4922839506172839 0.2065972222222222 0.47067901234567894 0.21180555555555552 0.45370370370370383 0.2734375 0.44444444444444453 0.32552083333333337 0.46296296296296297 0.3125 0.7623456790123457
0 0.21788194444444445 0.4475308641975308 0.22743055555555552 0.25154320987654316 0.21875 0.23611111111111105 0.21701388888888884 0.1975308641975309 0.25 0.18055555555555555 0.2847222222222222 0.18055555555555555 0.3194444444444445 0.19444444444444434 0.33767361111111105 0.21604938271604932 0.3307291666666667 0.3287037037037036 0.3229166666666667 0.4583333333333332 0.29079861111111105 0.4459876543209876 0.2552083333333333 0.4382716049382715
0 0.44270833333333326 0.46296296296296285 0.42361111111111105 0.45524691358024694 0.3993055555555556 0.44907407407407407 0.3611111111111111 0.4506172839506173 0.3463541666666667 0.45833333333333326 0.35590277777777773 0.2391975308641975 0.35329861111111105 0.2299382716049383 0.35590277777777773 0.19907407407407401 0.37934027777777773 0.18981481481481477 0.4210069444444444 0.18672839506172836 0.45746527777777773 0.20524691358024694 0.47309027777777773 0.23919753086419757 0.4687499999999999 0.27006172839506176 0.462673611111111 0.30401234567901236 0.454861111111111 0.4660493827160493 0.44531249999999994 0.4645061728395061
0 0.34722222222222227 0.49074074074074064 0.34809027777777773 0.4583333333333332 0.38628472222222227 0.44907407407407407 0.4262152777777778 0.4490740740740742 0.45746527777777773 0.47222222222222227 0.4661458333333334 0.492283950617284 0.46527777777777785 0.529320987654321 0.46006944444444453 0.5370370370370371 0.451388888888889 0.7453703703703702 0.33159722222222227 0.7453703703703702
0 0.6588541666666666 0.7484567901234568 0.6484375 0.5262345679012345 0.6458333333333334 0.5216049382716049 0.6449652777777778 0.4799382716049382 0.7022569444444443 0.4583333333333332 0.7395833333333334 0.4614197530864197 0.7664930555555556 0.4814814814814814 0.7760416666666666 0.7530864197530864 0.6597222222222222 0.7546296296296295
0 0.6510416666666666 0.4722222222222222 0.6432291666666666 0.3163580246913581 0.6354166666666666 0.28086419753086417 0.6328125 0.27932098765432095 0.6380208333333334 0.23611111111111105 0.6822916666666666 0.20370370370370366 0.7265625 0.2021604938271606 0.7491319444444445 0.21604938271604948 0.7586805555555556 0.4614197530864198 0.7213541666666666 0.45679012345679015 0.681423611111111 0.46296296296296297
0 0.8020833333333333 0.7530864197530863 0.7925347222222222 0.5169753086419753 0.7864583333333335 0.5092592592592593 0.7838541666666666 0.4722222222222221 0.8090277777777778 0.4583333333333333 0.8437499999999999 0.45061728395061723 0.8828124999999999 0.4490740740740742 0.8967013888888888 0.4799382716049383 0.8949652777777778 0.5123456790123457 0.9079861111111109 0.7577160493827161
0 0.7821180555555555 0.44907407407407407 0.7760416666666666 0.25771604938271603 0.7699652777777778 0.24845679012345678 0.7682291666666666 0.22222222222222227 0.7994791666666666 0.20524691358024694 0.8411458333333334 0.1975308641975309 0.868923611111111 0.21141975308641978 0.8793402777777776 0.23456790123456794 0.8802083333333334 0.27314814814814814 0.881076388888889 0.345679012345679 0.8836805555555555 0.4521604938271605 0.8567708333333333 0.4490740740740741 0.8046874999999999 0.4521604938271605 0.7812499999999999 0.46604938271604934
0 0.9079861111111112 0.455246913580247 0.8975694444444444 0.2623456790123458 0.8923611111111112 0.234567901234568 0.892361111111111 0.21296296296296302 0.939236111111111 0.18981481481481488 0.974826388888889 0.19290123456790131 0.9913194444444444 0.21759259259259264 0.9913194444444444 0.2530864197530865 0.9852430555555555 0.26543209876543217 0.9973958333333335 0.45061728395061734 0.9678819444444445 0.43672839506172845 0.9296875000000001 0.43981481481481494 0.9097222222222224 0.45061728395061734
0 0.9314236111111109 0.7499999999999999 0.9184027777777778 0.5108024691358026 0.9114583333333334 0.4999999999999999 0.9149305555555556 0.4537037037037036 0.9635416666666667 0.441358024691358 0.9913194444444445 0.45216049382716045 1 0.4675925925925925 0.9991319444444444 0.7546296296296297