0 0.05729166666666666 0.1944444444444444 0.07031249999999999 0.07561728395061733 0.15364583333333334 0.0725308641975309 0.14409722222222224 0.19907407407407407
0 0.14322916666666666 0.19753086419753085 0.15364583333333334 0.07253086419753085 0.24045138888888884 0.07098765432098765 0.234375 0.20061728395061726
0 0.23437500000000003 0.19907407407407401 0.24131944444444448 0.0725308641975309 0.3307291666666667 0.06944444444444442 0.3272569444444444 0.19598765432098766
0 0.328125 0.19753086419753085 0.33246527777777773 0.06944444444444442 0.41666666666666663 0.0725308641975309 0.41579861111111105 0.19598765432098766
0 0.04513888888888889 0.3287037037037038 0.05815972222222222 0.19598765432098772 0.14583333333333334 0.19753086419753096 0.13541666666666666 0.3348765432098766
0 0.13802083333333334 0.33179012345679004 0.14756944444444445 0.19907407407407401 0.23611111111111113 0.20061728395061726 0.2300347222222222 0.3317901234567901
0 0.22916666666666663 0.33179012345679004 0.2361111111111112 0.19753086419753085 0.3272569444444445 0.1975308641975309 0.32291666666666674 0.3348765432098766
0 0.3229166666666667 0.33179012345679004 0.32812500000000006 0.19753086419753085 0.4175347222222222 0.19907407407407407 0.4166666666666667 0.3317901234567901
0 0.032118055555555546 0.4691358024691358 0.044270833333333336 0.330246913580247 0.13541666666666666 0.33333333333333337 0.12760416666666663 0.4722222222222221
0 0.1258680555555556 0.4675925925925926 0.13541666666666666 0.3317901234567901 0.22656250000000003 0.3302469135802468 0.21961805555555552 0.47067901234567905
0 0.22135416666666663 0.47067901234567894 0.2265625 0.33024691358024694 0.32204861111111105 0.3333333333333333 0.31770833333333337 0.4722222222222221
0 0.3177083333333333 0.47067901234567905 0.32204861111111105 0.33179012345679015 0.4140625 0.33024691358024694 0.4123263888888889 0.4737654320987655
0 0.01822916666666666 0.6141975308641975 0.03211805555555555 0.4691358024691359 0.1267361111111111 0.47067901234567905 0.11631944444444442 0.6141975308641976
0 0.1145833333333333 0.6141975308641975 0.125 0.4691358024691359 0.21961805555555552 0.4691358024691359 0.21267361111111113 0.6157407407407407
0 0.2118055555555555 0.6172839506172839 0.21875 0.47067901234567894 0.3151041666666667 0.4722222222222221 0.3116319444444444 0.6219135802469137
0 0.3133680555555556 0.6203703703703703 0.3159722222222222 0.4722222222222222 0.4114583333333333 0.4691358024691358 0.40972222222222227 0.6203703703703702
0 0.01736111111111111 0.6095679012345678 0.1163194444444444 0.611111111111111 0.10329861111111109 0.7623456790123456 0.0008680555555555654 0.757716049382716
0 0.1145833333333333 0.6095679012345678 0.21267361111111116 0.6157407407407407 0.20486111111111113 0.7623456790123456 0.1015625 0.7623456790123456
0 0.2118055555555555 0.6126543209876543 0.3116319444444444 0.6172839506172839 0.3055555555555555 0.7623456790123457 0.20399305555555552 0.7608024691358025
0 0.3125 0.6172839506172839 0.4123263888888889 0.6157407407407407 0.40625 0.7669753086419755 0.30555555555555547 0.7623456790123458
0 0.6371527777777778 0.6466049382716048 0.7838541666666665 0.6466049382716049 0.7907986111111112 0.7777777777777778 0.640625 0.7746913580246915
0 0.7838541666666665 0.6466049382716049 0.954861111111111 0.6496913580246914 0.9661458333333334 0.7762345679012346 0.7881944444444444 0.7777777777777777
0 0.6345486111111109 0.5169753086419753 0.7760416666666666 0.5200617283950618 0.7838541666666665 0.6481481481481481 0.6380208333333333 0.6466049382716049
0 0.7769097222222221 0.5216049382716049 0.9444444444444444 0.523148148148148 0.9557291666666666 0.6450617283950617 0.7803819444444444 0.6466049382716049
0 0.6345486111111109 0.5185185185185184 0.6319444444444444 0.40432098765432106 0.7682291666666666 0.39814814814814814 0.7760416666666666 0.5216049382716049
0 0.7760416666666665 0.5246913580246914 0.7682291666666666 0.3996913580246914 0.9348958333333334 0.3996913580246914 0.9453125 0.5231481481481481
0 0.6319444444444443 0.40432098765432095 0.6276041666666666 0.28703703703703703 0.7647569444444444 0.287037037037037 0.7682291666666666 0.4012345679012345
0 0.7682291666666665 0.4012345679012345 0.7630208333333334 0.28549382716049393 0.9218750000000001 0.28549382716049393 0.9322916666666667 0.4027777777777779
0 0.6267361111111109 0.287037037037037 0.626736111111111 0.17592592592592599 0.7586805555555556 0.1759259259259259 0.7656249999999999 0.2854938271604939
0 0.7656249999999999 0.287037037037037 0.7578125 0.17592592592592599 0.9140625 0.17592592592592587 0.923611111111111 0.2854938271604938
0 0.6267361111111109 0.1774691358024691 0.6241319444444444 0.07098765432098768 0.7552083333333333 0.06944444444444442 0.7586805555555556 0.17592592592592587
0 0.7578124999999999 0.17592592592592587 0.7534722222222222 0.07098765432098765 0.904513888888889 0.06944444444444442 0.9149305555555556 0.1774691358024691
1 0.5182291666666666 0.5462962962962962 0.5199652777777779 0.41203703703703715 0.5859375 0.4104938271604939 0.5859375 0.5493827160493827
1 0.5182291666666666 0.6851851851851851 0.5190972222222222 0.5447530864197532 0.5876736111111112 0.5493827160493826 0.5876736111111112 0.6851851851851851
1 0.5147569444444444 0.8256172839506172 0.5173611111111112 0.6805555555555556 0.5868055555555555 0.6836419753086419 0.5911458333333334 0.779320987654321 0.560763888888889 0.8271604938271606