0 0.09635416666666664 0.16512345679012344 0.19878472222222224 0.16666666666666663 0.2109375 0.404320987654321 0.11371527777777776 0.39814814814814814
0 0.19965277777777773 0.16512345679012344 0.3072916666666667 0.16975308641975306 0.3151041666666667 0.41358024691358025 0.2109375 0.40586419753086417
0 0.3072916666666667 0.16820987654320985 0.4192708333333333 0.16975308641975312 0.42187500000000006 0.4166666666666668 0.31510416666666674 0.40895061728395066
0 0.21093749999999997 0.4027777777777778 0.2222222222222222 0.6188271604938271 0.12673611111111108 0.6033950617283951 0.11371527777777776 0.3935185185185186
0 0.21093749999999997 0.4027777777777778 0.31423611111111105 0.41203703703703715 0.3211805555555556 0.632716049382716 0.22135416666666666 0.6188271604938272
0 0.3151041666666667 0.4089506172839506 0.4210069444444445 0.4182098765432099 0.421875 0.6419753086419753 0.3211805555555555 0.6296296296296297
0 0.12934027777777776 0.6049382716049383 0.2222222222222222 0.617283950617284 0.23350694444444448 0.8132716049382717 0.140625 0.7901234567901235
0 0.22222222222222218 0.6157407407407406 0.3211805555555556 0.6327160493827161 0.3263888888888889 0.8317901234567902 0.23263888888888892 0.8132716049382716
0 0.32204861111111105 0.6311728395061728 0.42187499999999994 0.6404320987654322 0.4253472222222222 0.845679012345679 0.32986111111111105 0.8271604938271605
0 0.6631944444444444 0.37962962962962965 0.6684027777777778 0.18209876543209882 0.790798611111111 0.18055555555555544 0.7803819444444444 0.37962962962962965
0 0.7821180555555556 0.37962962962962965 0.7916666666666665 0.18209876543209877 0.9661458333333334 0.18209876543209877 0.9513888888888891 0.38117283950617287
0 0.9505208333333333 0.3780864197530863 0.967013888888889 0.18055555555555555 1 0.1790123456790124 0.9991319444444444 0.3780864197530863
0 0.6605902777777778 0.5555555555555555 0.6649305555555556 0.3750000000000001 0.7803819444444444 0.37654320987654316 0.7743055555555556 0.5601851851851852
0 0.7725694444444443 0.5586419753086419 0.7821180555555556 0.37500000000000006 0.9496527777777776 0.3750000000000001 0.9340277777777778 0.5586419753086419
0 0.9366319444444443 0.566358024691358 0.9522569444444443 0.3765432098765432 1 0.37808641975308643 0.9973958333333335 0.5648148148148148
0 0.6553819444444444 0.722222222222222 0.6614583333333334 0.5555555555555556 0.771701388888889 0.558641975308642 0.763888888888889 0.7283950617283952
0 0.7647569444444443 0.7268518518518517 0.7734375 0.5586419753086419 0.9340277777777778 0.558641975308642 0.9192708333333334 0.7330246913580247
0 0.9210069444444443 0.7330246913580246 0.9348958333333335 0.5632716049382716 1 0.5601851851851852 0.998263888888889 0.7330246913580247
0 0.6571180555555556 0.7222222222222223 0.7630208333333335 0.7268518518518519 0.7543402777777776 0.8811728395061728 0.650173611111111 0.8734567901234568
0 0.7647569444444443 0.7268518518518517 0.9192708333333334 0.7299382716049382 0.9088541666666665 0.8935185185185185 0.7543402777777776 0.8858024691358023
0 0.9105902777777776 0.8919753086419753 0.923611111111111 0.7283950617283952 1 0.7314814814814814 1 0.896604938271605