0 0.5807291666666665 0.4799382716049382 0.5850694444444445 0.25154320987654327 0.7465277777777779 0.2530864197530864 0.736111111111111 0.48148148148148145
0 0.7387152777777776 0.4799382716049382 0.7465277777777778 0.25154320987654327 0.8559027777777778 0.2530864197530864 0.8446180555555556 0.48148148148148145
0 0.8437500000000001 0.48148148148148145 0.8567708333333335 0.25 0.9678819444444445 0.24845679012345678 0.9496527777777776 0.4814814814814814
0 0.579861111111111 0.6898148148148147 0.5824652777777779 0.47685185185185175 0.7387152777777778 0.4814814814814814 0.728298611111111 0.6929012345679012
0 0.7282986111111109 0.6929012345679012 0.7378472222222222 0.4830246913580248 0.8446180555555557 0.48148148148148145 0.8324652777777778 0.6959876543209877
0 0.8324652777777776 0.6929012345679011 0.8446180555555555 0.4830246913580248 0.9513888888888891 0.478395061728395 0.9331597222222221 0.6929012345679013
0 0.5755208333333333 0.8888888888888888 0.5807291666666666 0.6851851851851852 0.7291666666666666 0.6929012345679013 0.71875 0.8873456790123457
0 0.7196180555555555 0.8873456790123456 0.7300347222222222 0.6929012345679012 0.8333333333333334 0.6929012345679013 0.8194444444444444 0.8858024691358023
0 0.8203124999999999 0.8858024691358023 0.8324652777777776 0.6913580246913581 0.931423611111111 0.6882716049382718 0.9166666666666665 0.8858024691358023
0 0.0755208333333333 0.3611111111111111 0.11284722222222224 0.375 0.17881944444444448 0.3672839506172839 0.1883680555555556 0.3641975308641975 0.20052083333333334 0.6049382716049383 0.1545138888888889 0.6280864197530863 0.10590277777777776 0.6296296296296297 0.09635416666666667 0.5925925925925926 0.08333333333333333 0.4104938271604939 0.0703125 0.3996913580246914 0.06944444444444446 0.37345679012345684
0 0.2100694444444445 0.6080246913580247 0.20920138888888887 0.4166666666666668 0.20399305555555552 0.4027777777777779 0.20486111111111113 0.3719135802469137 0.23350694444444448 0.3811728395061729 0.2803819444444444 0.37345679012345684 0.3107638888888888 0.37037037037037046 0.31597222222222227 0.595679012345679 0.30034722222222227 0.6203703703703703 0.25781250000000006 0.6373456790123456 0.22829861111111116 0.632716049382716
0 0.3263888888888889 0.6033950617283951 0.3229166666666667 0.4166666666666668 0.3203125 0.4104938271604939 0.3203125 0.3811728395061728 0.3255208333333333 0.3750000000000001 0.3637152777777778 0.388888888888889 0.4192708333333333 0.37345679012345673 0.4288194444444445 0.36265432098765427 0.4262152777777778 0.6003086419753086 0.40972222222222227 0.6234567901234567 0.36718750000000006 0.6342592592592592 0.3324652777777778 0.6249999999999999 0.32552083333333337 0.6095679012345678
0 0.09461805555555554 0.6558641975308641 0.09374999999999999 0.6203703703703703 0.10590277777777773 0.6296296296296295 0.1623263888888889 0.6296296296296295 0.1970486111111111 0.6111111111111112 0.20833333333333334 0.8348765432098764 0.1935763888888889 0.8549382716049383 0.15885416666666666 0.8564814814814816 0.12152777777777776 0.8271604938271605 0.10850694444444443 0.7993827160493827
0 0.20659722222222218 0.6141975308641975 0.22829861111111113 0.6373456790123456 0.2873263888888889 0.6373456790123456 0.3177083333333333 0.6111111111111112 0.3229166666666667 0.837962962962963 0.30121527777777773 0.8641975308641976 0.2630208333333333 0.8703703703703703 0.22395833333333334 0.8441358024691357 0.21006944444444448 0.6604938271604938 0.203125 0.6435185185185184
0 0.3237847222222222 0.6080246913580248 0.34201388888888895 0.6280864197530864 0.3880208333333333 0.6358024691358024 0.4279513888888889 0.611111111111111 0.42968750000000006 0.6435185185185185 0.4270833333333333 0.8271604938271605 0.40625 0.8611111111111113 0.3585069444444444 0.8611111111111113 0.3385416666666667 0.8456790123456791 0.3333333333333333 0.8348765432098766 0.3255208333333333 0.660493827160494 0.3194444444444445 0.646604938271605
1 0.21354166666666663 0.17438271604938269 0.27777777777777773 0.1759259259259259 0.2795138888888889 0.26234567901234573 0.21788194444444448 0.26234567901234573
1 0.2786458333333333 0.17438271604938269 0.3454861111111111 0.17592592592592587 0.34635416666666674 0.26234567901234573 0.27864583333333337 0.26234567901234573
1 0.3463541666666667 0.17592592592592587 0.41145833333333326 0.17901234567901236 0.41059027777777773 0.2638888888888889 0.3489583333333333 0.26234567901234573