1 0.16145833333333331 0.220679012345679 0.22916666666666669 0.220679012345679 0.23177083333333334 0.31635802469135793 0.1657986111111111 0.3132716049382716
1 0.23003472222222218 0.22222222222222218 0.32204861111111105 0.22530864197530862 0.32465277777777773 0.31481481481481477 0.2309027777777778 0.31481481481481477
1 0.32204861111111105 0.2237654320987654 0.4131944444444444 0.22376543209876545 0.4140625 0.3348765432098765 0.4079861111111111 0.33333333333333326 0.3993055555555556 0.31790123456790115 0.3246527777777778 0.31635802469135793
1 0.5060763888888888 0.2237654320987654 0.5720486111111112 0.2222222222222222 0.5711805555555556 0.31327160493827166 0.5321180555555556 0.31172839506172834 0.5164930555555556 0.330246913580247 0.5069444444444445 0.33179012345679004
1 0.5729166666666665 0.220679012345679 0.6666666666666666 0.2206790123456791 0.6640625 0.32098765432098764 0.5720486111111112 0.3148148148148148
1 0.6649305555555555 0.21759259259259253 0.756076388888889 0.21604938271604943 0.751736111111111 0.31790123456790126 0.6640625000000001 0.31635802469135804
0 0.11024305555555557 0.7037037037037036 0.0833333333333333 0.4722222222222222 0.05642361111111112 0.48148148148148145 0.010416666666666696 0.4830246913580248 0 0.48148148148148145 0 0.7453703703703702 0.0251736111111111 0.7530864197530864 0.07031249999999999 0.7407407407407407 0.10590277777777775 0.7083333333333334
0 0.12152777777777776 0.7237654320987656 0.1032986111111111 0.5262345679012346 0.09461805555555554 0.5138888888888887 0.09288194444444449 0.4660493827160494 0.125 0.47839506172839513 0.18663194444444445 0.4722222222222222 0.21614583333333334 0.4614197530864199 0.22395833333333337 0.5154320987654322 0.22309027777777782 0.54320987654321 0.23350694444444448 0.7037037037037037 0.20833333333333334 0.7299382716049383 0.1814236111111111 0.7391975308641976 0.14496527777777776 0.7438271604938272 0.12413194444444443 0.7345679012345679
0 0.24565972222222224 0.7237654320987653 0.234375 0.5200617283950618 0.22743055555555552 0.5123456790123457 0.22656250000000006 0.48456790123456794 0.23090277777777785 0.4660493827160493 0.25520833333333337 0.4753086419753086 0.28472222222222227 0.4753086419753086 0.3307291666666667 0.47067901234567894 0.34809027777777773 0.4537037037037037 0.3541666666666667 0.49845679012345684 0.3506944444444444 0.5185185185185185 0.35590277777777773 0.7098765432098766 0.33767361111111105 0.7361111111111112 0.31684027777777773 0.7438271604938271 0.2881944444444444 0.7499999999999999 0.2612847222222222 0.7407407407407406
0 0 0.7885802469135802 0 0.7484567901234567 0.020833333333333332 0.7530864197530864 0.05381944444444445 0.7484567901234568 0.08940972222222224 0.7330246913580247 0.10850694444444442 0.720679012345679 0.11284722222222222 0.7191358024691358 0.1328125 0.9259259259259262 0.12152777777777775 0.9675925925925926 0.09809027777777778 0.9876543209876544 0.08159722222222222 0.9938271604938271 0.046875 0.9953703703703703 0.01996527777777777 0.9675925925925928 0.015625 0.9537037037037039
0 0.12152777777777776 0.7345679012345678 0.14236111111111113 0.7499999999999999 0.18750000000000003 0.75 0.2309027777777778 0.7237654320987654 0.2378472222222222 0.720679012345679 0.24739583333333331 0.9336419753086421 0.23350694444444445 0.9753086419753085 0.21006944444444445 0.9969135802469137 0.1866319444444444 0.9984567901234569 0.15277777777777773 0.9845679012345678 0.14062499999999997 0.9691358024691357
0 0.2439236111111111 0.7268518518518519 0.2760416666666667 0.7484567901234569 0.3350694444444444 0.7469135802469138 0.3550347222222222 0.7237654320987655 0.36371527777777773 0.7083333333333335 0.3637152777777778 0.75 0.3576388888888889 0.7638888888888888 0.36111111111111105 0.9598765432098764 0.34548611111111105 0.9938271604938274 0.3151041666666667 1 0.2769097222222222 0.9907407407407407 0.2621527777777778 0.9691358024691357 0.24739583333333334 0.7700617283950617 0.24131944444444448 0.7623456790123456
0 0.5338541666666666 0.7160493827160496 0.5355902777777779 0.5108024691358025 0.5286458333333334 0.49845679012345673 0.5303819444444445 0.455246913580247 0.5546875 0.47067901234567905 0.595486111111111 0.47685185185185186 0.646701388888889 0.4675925925925926 0.654513888888889 0.46296296296296297 0.6432291666666666 0.7191358024691358 0.6284722222222222 0.7453703703703703 0.5980902777777779 0.7530864197530864 0.5598958333333334 0.7515432098765433
0 0.6605902777777778 0.7145061728395061 0.6675347222222222 0.523148148148148 0.6614583333333334 0.5169753086419754 0.6588541666666666 0.478395061728395 0.6640625 0.46296296296296297 0.6840277777777778 0.47839506172839513 0.7300347222222222 0.48919753086419754 0.7682291666666666 0.4830246913580248 0.7829861111111112 0.4660493827160494 0.7647569444444444 0.7345679012345678 0.7473958333333334 0.7484567901234568 0.728298611111111 0.75 0.6979166666666666 0.7438271604938272 0.6744791666666666 0.7330246913580247
0 0.7838541666666666 0.7129629629629629 0.798611111111111 0.5030864197530863 0.7942708333333334 0.4969135802469137 0.7977430555555556 0.4660493827160493 0.8072916666666667 0.4660493827160494 0.8480902777777779 0.4737654320987655 0.8784722222222221 0.4737654320987655 0.9053819444444443 0.4660493827160494 0.9105902777777776 0.45679012345679026 0.9166666666666666 0.4814814814814814 0.907986111111111 0.5092592592592592 0.8880208333333334 0.7191358024691358 0.8741319444444444 0.736111111111111 0.8402777777777778 0.7391975308641975 0.8090277777777778 0.7283950617283951 0.790798611111111 0.720679012345679
0 0.5312499999999999 0.9475308641975307 0.5321180555555556 0.7700617283950619 0.5251736111111113 0.7530864197530863 0.5277777777777779 0.7114197530864198 0.5390625 0.734567901234568 0.568576388888889 0.7577160493827162 0.6085069444444444 0.7608024691358026 0.640625 0.7391975308641977 0.6458333333333334 0.7206790123456791 0.6484375 0.7654320987654323 0.642361111111111 0.785493827160494 0.6371527777777778 0.9722222222222224 0.6180555555555556 0.9984567901234569 0.5876736111111112 1 0.5633680555555556 0.9907407407407409 0.5434027777777779 0.9675925925925928
0 0.6545138888888888 0.9614197530864197 0.6597222222222224 0.7685185185185186 0.6519097222222222 0.7546296296296297 0.6553819444444444 0.7191358024691359 0.6744791666666666 0.7438271604938271 0.7005208333333334 0.7561728395061728 0.7447916666666666 0.7608024691358024 0.7682291666666667 0.7438271604938271 0.775173611111111 0.7345679012345678 0.771701388888889 0.7777777777777777 0.767361111111111 0.7885802469135802 0.7543402777777778 0.9799382716049384 0.7395833333333334 0.9984567901234569 0.7100694444444444 1 0.6805555555555556 0.9984567901234569 0.662326388888889 0.9799382716049384
0 0.7725694444444444 0.9583333333333334 0.787326388888889 0.7654320987654323 0.7821180555555556 0.7577160493827161 0.7821180555555556 0.7299382716049382 0.7864583333333334 0.7237654320987654 0.810763888888889 0.7391975308641977 0.8350694444444444 0.7484567901234569 0.8637152777777778 0.7438271604938274 0.8906249999999999 0.7314814814814816 0.8932291666666666 0.720679012345679 0.896701388888889 0.756172839506173 0.8897569444444444 0.771604938271605 0.8871527777777778 0.7808641975308643 0.868923611111111 0.9768518518518519 0.853298611111111 0.9969135802469135 0.8289930555555556 0.9953703703703703 0.8098958333333334 0.9891975308641975 0.7890625 0.978395061728395 0.779513888888889 0.970679012345679