0 0.10243055555555554 0.736111111111111 0.12499999999999999 0.5185185185185185 0.23090277777777776 0.5169753086419753 0.2144097222222222 0.7314814814814815
0 0.21527777777777776 0.736111111111111 0.22829861111111113 0.5154320987654321 0.3385416666666667 0.5154320987654321 0.32812500000000006 0.7345679012345678
0 0.3289930555555556 0.7361111111111112 0.33680555555555547 0.5123456790123456 0.44878472222222227 0.5123456790123457 0.44357638888888895 0.7361111111111112
0 0.125 0.5154320987654322 0.14322916666666663 0.30709876543209874 0.2439236111111111 0.3040123456790123 0.23090277777777776 0.5169753086419753
0 0.23090277777777776 0.513888888888889 0.2421875 0.3040123456790124 0.3463541666666667 0.29783950617283955 0.33767361111111105 0.5138888888888887
0 0.33854166666666674 0.5077160493827161 0.3454861111111111 0.29783950617283955 0.45052083333333337 0.29629629629629634 0.4461805555555556 0.5108024691358024
0 0.14496527777777776 0.3086419753086419 0.15885416666666663 0.11574074074074074 0.2526041666666667 0.10802469135802471 0.24131944444444448 0.3055555555555556
0 0.2439236111111111 0.2978395061728395 0.2534722222222222 0.10648148148148151 0.3506944444444444 0.0987654320987654 0.3446180555555555 0.29938271604938277
0 0.3446180555555556 0.2978395061728395 0.3506944444444444 0.09722222222222222 0.4548611111111111 0.09567901234567905 0.45138888888888895 0.2962962962962963
0 0.6684027777777778 0.2885802469135802 0.6631944444444444 0.08333333333333329 0.7699652777777776 0.08333333333333338 0.779513888888889 0.2916666666666667
0 0.7795138888888888 0.29166666666666663 0.7682291666666665 0.08333333333333336 0.8741319444444445 0.08024691358024698 0.8862847222222222 0.2854938271604939
0 0.8880208333333334 0.28395061728395055 0.8715277777777779 0.08179012345679011 0.9774305555555555 0.08179012345679015 0.9973958333333334 0.28395061728395066
0 0.6762152777777778 0.5092592592592593 0.670138888888889 0.2885802469135803 0.779513888888889 0.2901234567901234 0.7942708333333334 0.5123456790123456
0 0.7942708333333334 0.513888888888889 0.7803819444444444 0.2916666666666667 0.8897569444444444 0.2901234567901235 0.9036458333333334 0.5108024691358024
0 0.90625 0.5092592592592592 0.8880208333333334 0.287037037037037 0.9991319444444444 0.287037037037037 1 0.3040123456790123 1 0.5061728395061728
0 0.6848958333333334 0.7422839506172841 0.6796875 0.5123456790123458 0.7960069444444443 0.5123456790123457 0.8072916666666666 0.7469135802469137
0 0.8090277777777776 0.7469135802469136 0.7934027777777779 0.5138888888888888 0.9071180555555557 0.5123456790123457 0.9262152777777778 0.742283950617284
0 0.9253472222222224 0.75 0.9071180555555557 0.5092592592592593 1 0.5123456790123457 0.9982638888888891 0.7484567901234568
1 0.5273470374379685 0.5026172017152755 0.5258431960764535 0.4036978588245032 0.6080531905059466 0.3992420325681621 0.6100583123213001 0.5008348712127391
1 0.5303547201609988 0.6024277098573161 0.5293521592533221 0.49994370596147086 0.6110608732289768 0.49994370596147086 0.6120634341366537 0.6033188751085843
1 0.531858561522514 0.7111498705120387 0.5313572810686755 0.6015365446060478 0.6115621536828153 0.6024277098573161 0.6130659950443303 0.7084763747582341
1 0.5313572810686756 0.8136338744078839 0.5313572810686756 0.7111498705120387 0.6140685559520073 0.712041035763307 0.6150711168596839 0.7690756118444729 0.5925134964369572 0.8118515439053474 0.5353675246993826 0.8109603786540792