0 0.08420138888888887 0.3009259259259259 0.10243055555555554 0.09876543209876545 0.203125 0.1018518518518519 0.1892361111111111 0.3055555555555556
0 0.19010416666666663 0.30709876543209874 0.2022569444444445 0.0987654320987654 0.30642361111111105 0.10185185185185185 0.296875 0.30709876543209874
0 0.2960069444444444 0.308641975308642 0.3055555555555555 0.10339506172839505 0.4079861111111111 0.10648148148148148 0.4019097222222222 0.30709876543209874
0 0.06597222222222222 0.5185185185185185 0.08420138888888888 0.2993827160493827 0.1875 0.3024691358024692 0.17361111111111113 0.5216049382716049
0 0.17361111111111108 0.5169753086419754 0.1892361111111111 0.3024691358024691 0.29340277777777773 0.3024691358024691 0.28298611111111105 0.5231481481481481
0 0.2838541666666667 0.5231481481481481 0.2951388888888889 0.30709876543209874 0.4001736111111111 0.3101851851851852 0.39322916666666674 0.5277777777777778
0 0.047743055555555546 0.7453703703703702 0.06857638888888888 0.5169753086419753 0.1796875 0.5185185185185185 0.1623263888888889 0.7515432098765433
0 0.16145833333333331 0.7469135802469136 0.17881944444444445 0.5231481481481481 0.2881944444444444 0.5277777777777778 0.27777777777777773 0.7561728395061729
0 0.2769097222222222 0.7561728395061728 0.2890625 0.5246913580246915 0.3975694444444444 0.5231481481481481 0.39496527777777773 0.7577160493827161
0 0.6006944444444444 0.7561728395061728 0.5980902777777779 0.5370370370370371 0.7074652777777776 0.5339506172839507 0.7152777777777778 0.7561728395061728
0 0.7161458333333334 0.7592592592592593 0.7074652777777778 0.5339506172839505 0.8177083333333334 0.5339506172839507 0.8307291666666667 0.7608024691358025
0 0.8307291666666667 0.7577160493827161 0.8194444444444444 0.5385802469135803 0.923611111111111 0.5354938271604938 0.9427083333333334 0.7592592592592592
0 0.5972222222222221 0.537037037037037 0.595486111111111 0.324074074074074 0.6961805555555556 0.324074074074074 0.7039930555555557 0.537037037037037
0 0.7057291666666666 0.5370370370370371 0.6979166666666666 0.32098765432098764 0.8038194444444443 0.32098765432098775 0.814236111111111 0.5354938271604939
0 0.8151041666666666 0.5339506172839507 0.8029513888888891 0.32253086419753096 0.9036458333333334 0.32253086419753085 0.9218750000000001 0.5370370370370371
0 0.5946180555555555 0.324074074074074 0.5894097222222222 0.12654320987654322 0.689236111111111 0.12808641975308646 0.697048611111111 0.32561728395061723
0 0.697048611111111 0.32407407407407396 0.689236111111111 0.12191358024691354 0.7890625 0.12037037037037036 0.8003472222222222 0.3225308641975309
0 0.8020833333333333 0.32407407407407407 0.7899305555555556 0.12654320987654316 0.8880208333333334 0.125 0.9027777777777776 0.3225308641975309