0 0.09375 0.3040123456790123 0.11024305555555557 0.1033950617283951 0.010416666666666689 0.10339506172839502 0 0.18364197530864204 0.0008680555555555506 0.29938271604938277
0 0.09461805555555557 0.3055555555555556 0.11024305555555557 0.10030864197530867 0.2144097222222222 0.10493827160493831 0.20399305555555552 0.31327160493827166
0 0.20312500000000003 0.3070987654320987 0.2152777777777778 0.10648148148148154 0.3194444444444444 0.10956790123456789 0.31250000000000006 0.3101851851851852
0 0.07725694444444443 0.5231481481481481 0.09375000000000003 0.3040123456790124 0 0.3009259259259259 0 0.5262345679012345
0 0.07725694444444443 0.5262345679012346 0.09461805555555557 0.30555555555555564 0.2065972222222222 0.30709876543209885 0.19010416666666666 0.5354938271604939
0 0.20486111111111116 0.3040123456790123 0.3116319444444444 0.31172839506172834 0.3020833333333333 0.5385802469135803 0.19097222222222224 0.5308641975308641
0 0.0798611111111111 0.5339506172839507 0.06163194444444445 0.7654320987654322 0 0.7623456790123457 0 0.5262345679012346
0 0.0798611111111111 0.5324074074074073 0.19444444444444445 0.5370370370370371 0.18055555555555555 0.7700617283950617 0.05989583333333335 0.7623456790123456
0 0.19618055555555555 0.5339506172839505 0.3098958333333333 0.5370370370370371 0.30121527777777773 0.7638888888888887 0.18055555555555555 0.7654320987654322
0 0.5381944444444445 0.7746913580246914 0.5381944444444444 0.5787037037037036 0.677951388888889 0.5771604938271604 0.6840277777777778 0.779320987654321
0 0.6822916666666665 0.7777777777777777 0.6770833333333334 0.5725308641975307 0.8151041666666666 0.5725308641975307 0.8272569444444444 0.7762345679012346
0 0.8263888888888888 0.7762345679012346 0.8151041666666667 0.5725308641975309 0.953125 0.5709876543209876 0.9713541666666666 0.7762345679012345
0 0.5338541666666666 0.5771604938271604 0.53125 0.3858024691358025 0.6649305555555556 0.3827160493827161 0.6710069444444444 0.5771604938271605
0 0.6710069444444444 0.5725308641975309 0.665798611111111 0.3811728395061729 0.798611111111111 0.382716049382716 0.810763888888889 0.5725308641975309
0 0.8098958333333333 0.5709876543209876 0.798611111111111 0.37962962962962976 0.9314236111111109 0.3780864197530864 0.9496527777777778 0.5709876543209877
0 0.5277777777777778 0.38425925925925936 0.5269097222222222 0.21141975308641983 0.6536458333333334 0.205246913580247 0.6597222222222222 0.3842592592592593
0 0.6614583333333334 0.382716049382716 0.654513888888889 0.2037037037037037 0.782986111111111 0.20216049382716048 0.7934027777777778 0.3780864197530863
0 0.7934027777777778 0.3780864197530863 0.7829861111111109 0.20370370370370366 0.912326388888889 0.20216049382716053 0.9288194444444444 0.37962962962962965