0 0.2118055555555555 0.7422839506172839 0.37934027777777773 0.7345679012345679 0.3862847222222222 0.9382716049382716 0.22569444444444453 0.9459876543209875
0 0.043402777777777755 0.7422839506172839 0.2109375 0.7407407407407407 0.2256944444444445 0.947530864197531 0.06423611111111109 0.9506172839506174
0 0.0234375 0.5339506172839505 0.19618055555555552 0.5339506172839505 0.21180555555555552 0.7422839506172839 0.0451388888888889 0.742283950617284
0 0.19704861111111108 0.5339506172839505 0.37152777777777773 0.5308641975308641 0.3784722222222222 0.7361111111111112 0.21180555555555552 0.7422839506172839
0 0.004340277777777782 0.3132716049382716 0.18229166666666666 0.3117283950617284 0.19791666666666666 0.5370370370370371 0.02604166666666668 0.5385802469135802
0 0.1831597222222222 0.31172839506172834 0.3654513888888889 0.3055555555555556 0.3732638888888889 0.5339506172839507 0.19704861111111116 0.5354938271604939
0 0.5104166666666666 0.4691358024691359 0.5095486111111112 0.4228395061728395 0.5407986111111112 0.4351851851851852 0.6050347222222222 0.4305555555555556 0.6189236111111109 0.42438271604938266 0.6258680555555556 0.4228395061728395 0.6206597222222222 0.6743827160493827 0.5928819444444445 0.6944444444444444 0.5538194444444445 0.6959876543209877 0.5199652777777779 0.6728395061728396
0 0.6319444444444443 0.6697530864197531 0.6371527777777778 0.4830246913580248 0.6319444444444444 0.4691358024691359 0.6328125 0.4274691358024692 0.6762152777777778 0.43981481481481494 0.728298611111111 0.43209876543209885 0.75 0.4135802469135803 0.7456597222222222 0.6620370370370371 0.7274305555555556 0.691358024691358 0.6805555555555556 0.6944444444444444 0.634548611111111 0.6728395061728396
0 0.7690972222222221 0.6558641975308641 0.7821180555555556 0.47839506172839513 0.7760416666666666 0.455246913580247 0.7777777777777778 0.42438271604938277 0.8229166666666666 0.4336419753086421 0.8697916666666666 0.4274691358024693 0.8854166666666666 0.4197530864197531 0.8836805555555556 0.4814814814814814 0.8723958333333334 0.5015432098765432 0.8585069444444444 0.6712962962962962 0.822048611111111 0.6882716049382717 0.78125 0.66820987654321
0 0.5138888888888888 0.7160493827160493 0.513888888888889 0.6820987654320987 0.5381944444444445 0.6990740740740741 0.5885416666666665 0.7052469135802469 0.6197916666666666 0.6882716049382717 0.6137152777777778 0.9012345679012346 0.5928819444444445 0.9290123456790123 0.5434027777777779 0.927469135802469 0.5147569444444445 0.8888888888888888
0 0.6319444444444443 0.691358024691358 0.6866319444444444 0.7114197530864197 0.7387152777777778 0.699074074074074 0.7473958333333334 0.6882716049382716 0.7335069444444443 0.8950617283950618 0.7178819444444443 0.9459876543209875 0.6718749999999999 0.9521604938271602 0.6406249999999999 0.925925925925926 0.626736111111111 0.8981481481481483 0.6319444444444444 0.6959876543209877
0 0.7647569444444443 0.6774691358024691 0.7960069444444444 0.699074074074074 0.8480902777777779 0.7021604938271604 0.8637152777777779 0.6759259259259258 0.8585069444444445 0.7407407407407407 0.8446180555555557 0.9058641975308642 0.8203125000000001 0.9351851851851852 0.7881944444444445 0.9320987654320986 0.748263888888889 0.8935185185185185
1 0.5295138888888888 0.3009259259259259 0.5303819444444445 0.2067901234567901 0.5989583333333333 0.2037037037037036 0.5963541666666666 0.3024691358024691
1 0.5972222222222222 0.2978395061728395 0.6006944444444445 0.20216049382716053 0.665798611111111 0.20370370370370366 0.665798611111111 0.2978395061728395
1 0.6657986111111109 0.2962962962962962 0.665798611111111 0.2037037037037037 0.732638888888889 0.2037037037037037 0.7291666666666666 0.2978395061728395