0 0.06423611111111109 0.5416666666666665 0.24479166666666666 0.5447530864197532 0.23177083333333334 0.7777777777777776 0.04079861111111115 0.7746913580246916
0 0.24565972222222218 0.5432098765432098 0.4270833333333333 0.5462962962962962 0.421875 0.7777777777777777 0.22829861111111113 0.7746913580246914
0 0.06423611111111109 0.5385802469135802 0.0842013888888889 0.3225308641975309 0.2569444444444444 0.3271604938271605 0.24392361111111113 0.5447530864197531
0 0.24565972222222218 0.5416666666666665 0.25781250000000006 0.32716049382716056 0.43315972222222227 0.330246913580247 0.42534722222222227 0.5478395061728396
0 0.2638888888888889 0.32561728395061723 0.2725694444444444 0.12654320987654316 0.4366319444444444 0.1311728395061728 0.43402777777777773 0.3317901234567901
0 0.09288194444444443 0.32098765432098764 0.109375 0.12500000000000003 0.2725694444444444 0.12500000000000006 0.2638888888888889 0.3287037037037037
0 0.5703125 0.31944444444444436 0.5677083333333334 0.11882716049382722 0.6918402777777778 0.1111111111111111 0.697048611111111 0.3148148148148148
0 0.6970486111111109 0.31481481481481477 0.6918402777777779 0.10802469135802471 0.8177083333333334 0.09876543209876537 0.828125 0.3101851851851852
0 0.8281249999999999 0.30864197530864196 0.818576388888889 0.09722222222222222 0.9427083333333334 0.09413580246913582 0.9600694444444444 0.30401234567901236
0 0.572048611111111 0.5416666666666665 0.5694444444444444 0.3194444444444444 0.6979166666666666 0.3148148148148149 0.704861111111111 0.5370370370370371
0 0.7057291666666666 0.5339506172839508 0.6996527777777776 0.3132716049382716 0.829861111111111 0.31018518518518523 0.84375 0.5339506172839507
0 0.8480902777777778 0.5308641975308641 0.8324652777777776 0.30555555555555564 0.9644097222222222 0.300925925925926 0.9835069444444444 0.5262345679012346
0 0.579861111111111 0.7762345679012345 0.5772569444444444 0.5385802469135802 0.7118055555555556 0.5354938271604937 0.720486111111111 0.7746913580246912
0 0.7204861111111112 0.7716049382716049 0.7144097222222222 0.5308641975308642 0.8498263888888891 0.5324074074074074 0.8637152777777778 0.7731481481481481
0 0.8663194444444443 0.7700617283950617 0.8515624999999999 0.529320987654321 0.9878472222222222 0.5277777777777777 1 0.6882716049382716 0.9991319444444444 0.7685185185185184