0 0.04947916666666665 0.4444444444444444 0.18489583333333334 0.4429012345679012 0.1953125 0.6327160493827162 0.06423611111111112 0.6358024691358024
0 0.18489583333333331 0.4398148148148148 0.3203125 0.44290123456790126 0.3237847222222222 0.6311728395061729 0.1953125 0.6311728395061729
0 0.3220486111111111 0.441358024691358 0.4522569444444444 0.43672839506172845 0.4522569444444444 0.6265432098765433 0.3272569444444444 0.6280864197530863
0 0.06857638888888888 0.632716049382716 0.19618055555555555 0.6311728395061729 0.20572916666666666 0.8024691358024693 0.07899305555555557 0.8055555555555558
0 0.19618055555555552 0.6296296296296295 0.32465277777777773 0.6296296296296297 0.33159722222222227 0.8024691358024691 0.20572916666666669 0.8024691358024691
0 0.3263888888888889 0.6296296296296295 0.45399305555555547 0.6234567901234567 0.45312499999999994 0.7978395061728396 0.33159722222222227 0.8009259259259258
0 0.08159722222222224 0.8070987654320988 0.2065972222222222 0.8009259259259259 0.21614583333333334 0.9614197530864199 0.09114583333333333 0.9645061728395062
0 0.20659722222222218 0.8009259259259258 0.3315972222222222 0.8024691358024693 0.3376736111111111 0.9583333333333336 0.21614583333333334 0.9598765432098766
0 0.3333333333333333 0.7993827160493826 0.4539930555555555 0.7947530864197532 0.45833333333333326 0.9521604938271604 0.3368055555555555 0.9598765432098764
0 0.6336805555555556 0.6774691358024691 0.6354166666666666 0.5030864197530863 0.6171875 0.47685185185185175 0.6180555555555556 0.44290123456790126 0.642361111111111 0.455246913580247 0.7022569444444444 0.46296296296296297 0.7300347222222222 0.4583333333333333 0.7213541666666666 0.6944444444444443 0.681423611111111 0.7114197530864198 0.6414930555555556 0.7006172839506174 0.6302083333333334 0.6882716049382717
0 0.6197916666666665 0.9027777777777778 0.6197916666666666 0.7561728395061729 0.623263888888889 0.7083333333333334 0.665798611111111 0.7283950617283951 0.7213541666666666 0.720679012345679 0.7230902777777778 0.7222222222222221 0.7152777777777778 0.9274691358024691 0.6822916666666666 0.9614197530864199 0.6631944444444444 0.9537037037037039 0.640625 0.9382716049382718
0 0.7430555555555556 0.9228395061728396 0.7526041666666666 0.771604938271605 0.7421875 0.7577160493827162 0.7421875 0.720679012345679 0.7491319444444444 0.7098765432098767 0.8038194444444444 0.7206790123456791 0.8342013888888888 0.712962962962963 0.84375 0.6975308641975307 0.829861111111111 0.9228395061728394 0.8168402777777778 0.9567901234567903 0.7881944444444444 0.9675925925925926 0.7578125 0.9567901234567898
0 0.7508680555555556 0.699074074074074 0.7586805555555556 0.5185185185185185 0.7473958333333334 0.4938271604938271 0.75 0.4537037037037037 0.7777777777777776 0.45679012345679015 0.829861111111111 0.46296296296296297 0.8576388888888891 0.45679012345679015 0.8637152777777778 0.45061728395061723 0.8628472222222224 0.5262345679012346 0.8472222222222224 0.683641975308642 0.8263888888888891 0.7052469135802469 0.7934027777777779 0.7114197530864198 0.7578125000000001 0.7083333333333334
0 0.8472222222222221 0.927469135802469 0.8645833333333333 0.7453703703703705 0.859375 0.7268518518518517 0.8637152777777778 0.7006172839506173 0.9036458333333334 0.7083333333333335 0.9383680555555557 0.712962962962963 0.9557291666666666 0.6851851851851853 0.9539930555555556 0.7469135802469138 0.9288194444444444 0.9228395061728396 0.9027777777777778 0.947530864197531 0.881076388888889 0.9537037037037039 0.8515625 0.9367283950617284
0 0.8671874999999999 0.6929012345679012 0.884548611111111 0.49537037037037035 0.8802083333333333 0.47839506172839513 0.8819444444444443 0.4444444444444444 0.9140625000000001 0.4552469135802469 0.9696180555555555 0.45679012345679004 0.9809027777777779 0.4351851851851853 0.9835069444444445 0.4753086419753086 0.9765625000000001 0.5015432098765432 0.9574652777777779 0.6759259259259258 0.9375000000000001 0.7006172839506174 0.9062500000000001 0.7067901234567902 0.8758680555555557 0.7021604938271605 0.8689236111111112 0.6959876543209877
1 0.22135416666666663 0.21759259259259253 0.29079861111111105 0.21913580246913578 0.29340277777777773 0.308641975308642 0.22395833333333334 0.30709876543209874
1 0.2942708333333333 0.21913580246913578 0.3854166666666667 0.21759259259259253 0.38715277777777773 0.3055555555555555 0.296875 0.30864197530864196
1 0.38715277777777773 0.21604938271604943 0.47395833333333326 0.22530864197530864 0.4722222222222222 0.3364197530864198 0.4583333333333333 0.3333333333333334 0.4557291666666667 0.3148148148148149 0.4435763888888889 0.29166666666666674 0.390625 0.300925925925926
1 0.5477430555555556 0.32407407407407396 0.5486111111111112 0.20524691358024694 0.6293402777777778 0.20370370370370366 0.6276041666666666 0.3240740740740741
1 0.6276041666666665 0.32561728395061723 0.6293402777777778 0.20524691358024688 0.7109375 0.20216049382716048 0.7100694444444444 0.31944444444444436
1 0.7109374999999999 0.31944444444444436 0.7118055555555556 0.20061728395061726 0.7916666666666666 0.19907407407407407 0.7864583333333334 0.3117283950617284
1 0.5460069444444444 0.43827160493827155 0.5460069444444445 0.32407407407407407 0.6293402777777778 0.3271604938271605 0.6276041666666666 0.4274691358024691 0.6163194444444444 0.4274691358024691
1 0.6293402777777778 0.4135802469135803 0.6293402777777778 0.3240740740740741 0.7083333333333334 0.3194444444444445 0.7065972222222222 0.3827160493827161
1 0.7100694444444443 0.382716049382716 0.7100694444444444 0.32098765432098775 0.7881944444444444 0.316358024691358 0.7864583333333334 0.3780864197530863 0.751736111111111 0.37499999999999994 0.7265625 0.3780864197530863