0 0.05642361111111109 0.4027777777777778 0.03993055555555554 0.2376543209876544 0 0.23611111111111116 0 0.40586419753086417
0 0.05642361111111109 0.4058641975308641 0.0390625 0.236111111111111 0.1475694444444444 0.23456790123456794 0.16145833333333334 0.40586419753086417
0 0.16145833333333331 0.4027777777777778 0.1501736111111111 0.23611111111111116 0.2595486111111111 0.23456790123456794 0.2673611111111111 0.4012345679012346
0 0.2664930555555555 0.39814814814814814 0.2569444444444445 0.2330246913580247 0.368923611111111 0.23148148148148148 0.3723958333333333 0.39969135802469136
0 0.07291666666666664 0.5601851851851851 0.05729166666666668 0.40432098765432106 0 0.4027777777777778 0 0.5601851851851852
0 0.07378472222222224 0.5632716049382716 0.0581597222222222 0.4027777777777779 0.1640625 0.40432098765432095 0.17621527777777776 0.5601851851851851
0 0.1762152777777778 0.5617283950617284 0.16319444444444445 0.4027777777777778 0.26996527777777773 0.3996913580246913 0.2795138888888889 0.5617283950617283
0 0.27777777777777773 0.5586419753086419 0.26822916666666674 0.39814814814814814 0.3767361111111111 0.4027777777777779 0.37934027777777773 0.5601851851851852
0 0.08854166666666667 0.7037037037037036 0.07552083333333331 0.5601851851851852 0.000868055555555558 0.5586419753086421 0 0.70679012345679
0 0.09027777777777776 0.7052469135802468 0.07552083333333331 0.558641975308642 0.17621527777777776 0.5601851851851851 0.1866319444444444 0.7052469135802469
0 0.18576388888888887 0.7052469135802468 0.17534722222222224 0.5570987654320987 0.28125 0.5586419753086421 0.2881944444444444 0.70679012345679
0 0.2890625 0.7006172839506173 0.2803819444444444 0.5555555555555556 0.3819444444444445 0.5555555555555556 0.3880208333333333 0.7052469135802468
0 0.009548611111111124 0.8410493827160493 0.0017361111111111013 0.773148148148148 0.001736111111111116 0.7052469135802469 0.09288194444444445 0.7021604938271603 0.10416666666666664 0.845679012345679
0 0.1032986111111111 0.8395061728395062 0.09114583333333331 0.7037037037037038 0.19010416666666666 0.7021604938271604 0.19878472222222224 0.8425925925925924
0 0.20052083333333331 0.8425925925925926 0.19010416666666669 0.7037037037037037 0.2899305555555555 0.7021604938271606 0.296875 0.8425925925925926
0 0.296875 0.8379629629629629 0.29079861111111105 0.699074074074074 0.38715277777777773 0.7021604938271605 0.39322916666666674 0.837962962962963
0 0.019965277777777776 0.964506172839506 0.009548611111111101 0.839506172839506 0.10329861111111108 0.839506172839506 0.11458333333333331 0.9660493827160493
0 0.1154513888888889 0.9691358024691357 0.10243055555555557 0.8364197530864198 0.2013888888888889 0.839506172839506 0.2065972222222222 0.9660493827160493
0 0.20833333333333337 0.9629629629629631 0.20138888888888887 0.8410493827160496 0.29861111111111105 0.8379629629629631 0.3038194444444444 0.9675925925925926
0 0.3046875 0.9675925925925926 0.2977430555555555 0.8379629629629629 0.39322916666666674 0.8348765432098764 0.3975694444444445 0.9567901234567903
0 0.5598958333333334 0.49537037037037024 0.5598958333333334 0.32098765432098775 0.673611111111111 0.31944444444444436 0.6692708333333334 0.4938271604938271
0 0.6692708333333333 0.4938271604938271 0.6753472222222222 0.3148148148148149 0.8255208333333335 0.3179012345679013 0.8151041666666666 0.49074074074074076
0 0.8168402777777778 0.48456790123456794 0.8255208333333334 0.3101851851851851 0.9713541666666666 0.30864197530864207 0.9557291666666667 0.48456790123456794
0 0.5616319444444445 0.6651234567901234 0.5616319444444445 0.49691358024691357 0.6692708333333334 0.49537037037037035 0.6649305555555556 0.6558641975308641
0 0.665798611111111 0.6558641975308641 0.6684027777777778 0.492283950617284 0.814236111111111 0.4861111111111111 0.8046875 0.654320987654321
0 0.8055555555555557 0.654320987654321 0.8168402777777779 0.4861111111111111 0.9565972222222222 0.48456790123456794 0.9418402777777779 0.6435185185185185
0 0.5598958333333334 0.8148148148148148 0.5616319444444445 0.6620370370370371 0.6631944444444444 0.6558641975308642 0.6588541666666666 0.8132716049382717
0 0.6588541666666666 0.8070987654320986 0.6640625 0.6558641975308641 0.8046875 0.648148148148148 0.7960069444444444 0.8040123456790123
0 0.7977430555555557 0.8055555555555556 0.8046875 0.6512345679012345 0.9427083333333334 0.6435185185185184 0.9288194444444444 0.7947530864197531
0 0.5572916666666665 0.9629629629629629 0.5598958333333334 0.8148148148148148 0.6588541666666666 0.8101851851851852 0.6553819444444444 0.95679012345679
0 0.6562499999999999 0.9521604938271604 0.6597222222222222 0.8086419753086419 0.7977430555555556 0.8040123456790123 0.7881944444444444 0.947530864197531
0 0.7890624999999999 0.9490740740740741 0.7968750000000001 0.7993827160493827 0.9305555555555557 0.7962962962962961 0.9192708333333335 0.9429012345679013
1 0.47395833333333326 0.32561728395061723 0.47222222222222227 0.21759259259259253 0.5355902777777779 0.2129629629629629 0.5355902777777779 0.32561728395061723
1 0.4722222222222222 0.43055555555555564 0.4713541666666667 0.32561728395061723 0.5347222222222222 0.32253086419753096 0.5338541666666666 0.4336419753086419
1 0.4748263888888889 0.5308641975308642 0.47309027777777785 0.43209876543209885 0.5321180555555556 0.43209876543209874 0.5312500000000001 0.5339506172839507
1 0.4748263888888889 0.6219135802469136 0.4739583333333333 0.529320987654321 0.5303819444444444 0.5308641975308641 0.53125 0.6234567901234567