0 0.11284722222222224 0.7361111111111112 0.09374999999999997 0.5030864197530863 0.11458333333333334 0.513888888888889 0.17447916666666666 0.5092592592592594 0.19444444444444445 0.49537037037037035 0.20833333333333334 0.7253086419753086 0.18836805555555555 0.7407407407407407 0.15364583333333334 0.7530864197530864 0.1189236111111111 0.7469135802469137
0 0.21614583333333331 0.7314814814814814 0.20399305555555552 0.5 0.234375 0.5154320987654322 0.29253472222222215 0.5092592592592593 0.3107638888888888 0.5015432098765433 0.32204861111111105 0.7237654320987655 0.2977430555555556 0.7438271604938272 0.26909722222222227 0.7515432098765432 0.24392361111111116 0.7499999999999999
0 0.3307291666666667 0.7268518518518517 0.3211805555555556 0.5030864197530864 0.3550347222222222 0.507716049382716 0.4053819444444445 0.5030864197530863 0.4192708333333333 0.4876543209876545 0.4244791666666667 0.4799382716049383 0.43315972222222227 0.7114197530864197 0.4140625 0.7345679012345679 0.3802083333333333 0.7453703703703703 0.3420138888888889 0.7407407407407407 0.3342013888888889 0.7330246913580247
0 0.1163194444444444 0.7438271604938271 0.1467013888888889 0.7530864197530862 0.1892361111111111 0.7407407407407406 0.20920138888888887 0.7299382716049382 0.22222222222222224 0.9243827160493828 0.19010416666666666 0.9537037037037037 0.15625 0.9506172839506172 0.12760416666666666 0.9212962962962964 0.1232638888888889 0.9074074074074076
0 0.21961805555555555 0.7345679012345678 0.24826388888888887 0.75 0.2994791666666667 0.7453703703703703 0.3211805555555555 0.7268518518518519 0.3315972222222222 0.9228395061728394 0.3046875 0.9521604938271606 0.2743055555555555 0.9598765432098766 0.25 0.9490740740740741 0.2265625 0.925925925925926
0 0.3307291666666667 0.7345679012345678 0.34895833333333326 0.7484567901234567 0.3819444444444444 0.7469135802469136 0.4131944444444445 0.7330246913580246 0.43402777777777773 0.7175925925925926 0.4401041666666667 0.9151234567901236 0.41579861111111105 0.9490740740740741 0.3854166666666667 0.9629629629629629 0.3567708333333333 0.9506172839506172 0.33767361111111105 0.9212962962962963
0 0.6458333333333334 0.7206790123456791 0.6493055555555556 0.49074074074074076 0.6840277777777778 0.5077160493827161 0.7369791666666665 0.5108024691358025 0.7534722222222222 0.5 0.7473958333333334 0.7299382716049383 0.7300347222222222 0.742283950617284 0.701388888888889 0.7453703703703703 0.665798611111111 0.7391975308641976
0 0.7578125 0.7175925925925926 0.763888888888889 0.5092592592592592 0.790798611111111 0.5262345679012345 0.84375 0.5339506172839505 0.8671875000000001 0.5092592592592592 0.8585069444444444 0.7114197530864198 0.8411458333333334 0.7314814814814814 0.8038194444444444 0.7407407407407407 0.7769097222222222 0.7361111111111112
0 0.8697916666666665 0.7268518518518517 0.8784722222222222 0.5030864197530864 0.9175347222222222 0.5123456790123456 0.9661458333333334 0.5108024691358024 0.9800347222222224 0.49691358024691357 0.9635416666666667 0.7330246913580246 0.9375000000000001 0.7422839506172841 0.8845486111111112 0.7407407407407406
0 0.642361111111111 0.9351851851851853 0.6484375 0.7268518518518517 0.6822916666666666 0.7484567901234567 0.7256944444444443 0.7422839506172839 0.7473958333333334 0.7283950617283951 0.7395833333333335 0.9660493827160496 0.7083333333333335 0.978395061728395 0.6762152777777779 0.9722222222222224 0.6432291666666667 0.9351851851851853
0 0.7534722222222221 0.9552469135802468 0.7621527777777778 0.7283950617283951 0.7864583333333334 0.7453703703703705 0.8350694444444443 0.7453703703703705 0.8567708333333334 0.7206790123456791 0.8402777777777778 0.9521604938271604 0.810763888888889 0.9675925925925926 0.7760416666666666 0.9675925925925928
0 0.8663194444444443 0.7283950617283951 0.8932291666666666 0.7438271604938271 0.9383680555555556 0.7469135802469138 0.9644097222222222 0.7361111111111113 0.9479166666666666 0.9459876543209877 0.921875 0.9598765432098764 0.8932291666666666 0.95679012345679 0.8559027777777778 0.9212962962962963
1 0.5373263888888888 0.3225308641975309 0.537326388888889 0.20061728395061734 0.6223958333333334 0.20216049382716048 0.6197916666666666 0.3240740740740741
1 0.6197916666666665 0.3271604938271605 0.6223958333333334 0.20370370370370366 0.7083333333333334 0.20216049382716048 0.7057291666666666 0.32098765432098764
1 0.7057291666666665 0.32253086419753085 0.7083333333333334 0.19907407407407401 0.7934027777777779 0.20061728395061726 0.7881944444444444 0.32253086419753085
1 0.5381944444444445 0.42901234567901225 0.5390624999999999 0.32253086419753085 0.618923611111111 0.32716049382716056 0.6189236111111109 0.35339506172839513 0.5972222222222221 0.3611111111111112 0.5946180555555555 0.433641975308642
1 0.5390624999999999 0.5370370370370371 0.5407986111111112 0.43055555555555564 0.5946180555555556 0.4351851851851853 0.5894097222222222 0.5401234567901234
1 0.5416666666666666 0.6141975308641976 0.5416666666666666 0.5370370370370371 0.5894097222222222 0.5370370370370371 0.5885416666666666 0.6141975308641976