0 0.0677083333333333 0.3302469135802469 0.17881944444444448 0.33333333333333326 0.19270833333333334 0.5570987654320988 0.08593750000000001 0.5570987654320988
0 0.1788194444444444 0.32870370370370366 0.2942708333333333 0.32561728395061723 0.30295138888888895 0.5570987654320988 0.19097222222222224 0.5555555555555556
0 0.29340277777777773 0.32561728395061723 0.4071180555555555 0.3256172839506173 0.4105902777777777 0.5555555555555556 0.30121527777777773 0.5570987654320988
0 0.08506944444444446 0.5570987654320988 0.1918402777777778 0.5601851851851852 0.20486111111111113 0.7716049382716049 0.1032986111111111 0.7654320987654322
0 0.19184027777777773 0.5570987654320987 0.30034722222222215 0.5540123456790123 0.3107638888888889 0.7669753086419753 0.20399305555555555 0.7700617283950618
0 0.3020833333333333 0.5570987654320987 0.40885416666666674 0.5555555555555555 0.4131944444444445 0.7685185185185185 0.30902777777777773 0.7654320987654322
0 0.10329861111111108 0.7685185185185184 0.20225694444444448 0.7700617283950619 0.21788194444444448 0.9583333333333336 0.1154513888888889 0.9521604938271604
0 0.2048611111111111 0.7700617283950617 0.3098958333333333 0.7669753086419753 0.3168402777777778 0.9583333333333334 0.21788194444444448 0.9598765432098764
0 0.30902777777777773 0.7700617283950617 0.4114583333333333 0.7654320987654322 0.41840277777777773 0.9583333333333334 0.31857638888888895 0.9583333333333334
0 0.5894097222222221 0.5061728395061728 0.5928819444444445 0.32561728395061734 0.7057291666666666 0.3271604938271605 0.6996527777777778 0.5030864197530863
0 0.7005208333333333 0.5030864197530863 0.704861111111111 0.3240740740740741 0.8585069444444445 0.32716049382716056 0.8463541666666667 0.5
0 0.8472222222222222 0.49845679012345673 0.8585069444444445 0.3240740740740741 1 0.3240740740740741 1 0.42438271604938277 0.9921875 0.4969135802469137
0 0.5868055555555555 0.6728395061728395 0.5894097222222222 0.5030864197530864 0.6961805555555556 0.5030864197530863 0.6909722222222222 0.6697530864197532
0 0.6918402777777778 0.669753086419753 0.697048611111111 0.49845679012345684 0.8454861111111109 0.4999999999999999 0.837673611111111 0.6712962962962962
0 0.8376736111111109 0.6666666666666665 0.8463541666666665 0.4969135802469137 0.9921875 0.49537037037037035 0.9756944444444444 0.6666666666666666
0 0.5824652777777778 0.8256172839506172 0.5859375 0.669753086419753 0.689236111111111 0.6682098765432098 0.6840277777777778 0.8240740740740742
0 0.6840277777777776 0.8287037037037037 0.689236111111111 0.6682098765432101 0.8350694444444445 0.6666666666666666 0.8246527777777778 0.8271604938271604
0 0.8263888888888888 0.8209876543209877 0.8359375000000001 0.6635802469135804 0.9756944444444444 0.662037037037037 0.9635416666666666 0.8179012345679012
0 0.5807291666666665 0.9675925925925928 0.5833333333333334 0.8240740740740741 0.6831597222222222 0.8240740740740741 0.6788194444444444 0.9660493827160496
0 0.6788194444444443 0.964506172839506 0.6840277777777778 0.8271604938271605 0.8229166666666666 0.8256172839506173 0.8151041666666666 0.9675925925925928
0 0.8142361111111109 0.9675925925925926 0.8246527777777778 0.8194444444444446 0.9644097222222221 0.8179012345679012 0.9496527777777779 0.964506172839506
1 0.1944444444444444 0.22222222222222218 0.265625 0.2268518518518518 0.2647569444444445 0.29475308641975306 0.19791666666666666 0.29320987654320985
1 0.2647569444444444 0.22839506172839502 0.3385416666666667 0.22839506172839505 0.3411458333333333 0.29166666666666663 0.2673611111111112 0.29320987654320985
1 0.34027777777777773 0.22839506172839502 0.40364583333333337 0.2299382716049383 0.4053819444444444 0.2962962962962963 0.3411458333333333 0.2916666666666667