0 0.09027777777777776 0.3055555555555555 0.1076388888888889 0.10339506172839502 0.24131944444444445 0.10030864197530863 0.2309027777777778 0.3055555555555556
0 0.23090277777777776 0.287037037037037 0.24131944444444448 0.0833333333333333 0.34548611111111105 0.07870370370370368 0.3385416666666667 0.2808641975308642
0 0.3376736111111111 0.28395061728395066 0.3454861111111111 0.07561728395061727 0.4496527777777778 0.0740740740740741 0.4444444444444445 0.28395061728395066
0 0.07465277777777776 0.523148148148148 0.09288194444444445 0.3055555555555556 0.23003472222222218 0.3024691358024692 0.21961805555555552 0.5231481481481481
0 0.22048611111111116 0.5108024691358025 0.2309027777777778 0.2854938271604938 0.34114583333333337 0.279320987654321 0.3307291666666667 0.5092592592592592
0 0.33246527777777773 0.5154320987654321 0.3394097222222222 0.28240740740740744 0.4453125 0.28086419753086417 0.44531249999999994 0.5092592592592592
0 0.05555555555555555 0.7469135802469136 0.07552083333333331 0.5246913580246914 0.2204861111111111 0.5246913580246915 0.2074652777777778 0.7469135802469136
0 0.20746527777777776 0.7453703703703702 0.22048611111111113 0.5077160493827161 0.33246527777777773 0.5092592592592592 0.3272569444444444 0.75
0 0.3272569444444444 0.7484567901234567 0.3350694444444445 0.5108024691358024 0.4444444444444444 0.5061728395061729 0.4418402777777777 0.75
0 0.6553819444444444 0.7561728395061728 0.646701388888889 0.5108024691358025 0.759548611111111 0.5123456790123456 0.7708333333333333 0.7561728395061728
0 0.6475694444444444 0.5108024691358025 0.642361111111111 0.28703703703703703 0.7473958333333335 0.287037037037037 0.759548611111111 0.5169753086419754
0 0.642361111111111 0.279320987654321 0.6397569444444444 0.08024691358024695 0.7413194444444444 0.08179012345679015 0.7491319444444444 0.28395061728395066
0 0.7508680555555555 0.2854938271604938 0.7430555555555557 0.08641975308641973 0.842013888888889 0.08950617283950617 0.853298611111111 0.28703703703703703
0 0.7491319444444443 0.2839506172839506 0.8567708333333334 0.2885802469135802 0.868923611111111 0.5138888888888888 0.759548611111111 0.5108024691358023
0 0.7612847222222222 0.5138888888888887 0.8715277777777779 0.5138888888888887 0.8880208333333334 0.7608024691358024 0.771701388888889 0.757716049382716
0 0.8741319444444443 0.523148148148148 1 0.5246913580246915 1 0.7561728395061729 0.8871527777777779 0.7592592592592592
0 0.8715277777777778 0.5185185185185185 0.8559027777777779 0.30709876543209885 0.9939236111111112 0.31172839506172845 1 0.38425925925925936 0.9991319444444444 0.5277777777777777
0 0.8550347222222224 0.30709876543209874 0.8420138888888891 0.10339506172839508 0.9774305555555556 0.10956790123456793 0.9956597222222221 0.3101851851851852
1 0.5590277777777778 0.529320987654321 0.5590277777777778 0.3950617283950618 0.5928819444444445 0.3935185185185186 0.5946180555555555 0.5277777777777778
1 0.5598958333333334 0.6682098765432098 0.560763888888889 0.529320987654321 0.5972222222222221 0.529320987654321 0.5954861111111112 0.66820987654321
1 0.5598958333333333 0.8101851851851852 0.560763888888889 0.6682098765432098 0.5963541666666666 0.6712962962962962 0.5946180555555556 0.773148148148148 0.5789930555555556 0.8148148148148148