0 0.6015624999999999 0.4691358024691358 0.6085069444444445 0.24691358024691354 0.71875 0.24845679012345678 0.7074652777777778 0.47222222222222215
0 0.7083333333333333 0.4645061728395061 0.71875 0.24691358024691354 0.8263888888888891 0.24691358024691354 0.8098958333333334 0.4675925925925925
0 0.810763888888889 0.46450617283950624 0.8272569444444444 0.25000000000000006 0.9322916666666666 0.24537037037037043 0.912326388888889 0.46450617283950624
0 0.5963541666666665 0.6728395061728395 0.603298611111111 0.4675925925925926 0.7057291666666666 0.4675925925925926 0.6953125 0.6728395061728396
0 0.6970486111111109 0.6759259259259258 0.7065972222222224 0.4691358024691358 0.8107638888888891 0.4675925925925926 0.7960069444444444 0.6728395061728396
0 0.7960069444444444 0.669753086419753 0.8090277777777778 0.4645061728395061 0.912326388888889 0.46296296296296297 0.8958333333333334 0.6728395061728395
0 0.5911458333333333 0.8580246913580247 0.5972222222222222 0.6712962962962964 0.6944444444444444 0.6712962962962962 0.6866319444444444 0.8611111111111112
0 0.6874999999999999 0.8580246913580245 0.6953125 0.6712962962962963 0.7951388888888888 0.6682098765432098 0.782986111111111 0.8580246913580245
0 0.782986111111111 0.8580246913580247 0.7960069444444444 0.66820987654321 0.8932291666666666 0.66820987654321 0.8793402777777776 0.8564814814814816
0 0.10416666666666664 0.42438271604938266 0.09114583333333333 0.24691358024691365 0 0.24691358024691365 1.4802973661668754e-17 0.37808641975308643 0.004340277777777798 0.42283950617283955
0 0.10416666666666667 0.42438271604938266 0.09114583333333333 0.2469135802469136 0.24392361111111113 0.25154320987654327 0.24739583333333334 0.4274691358024691
0 0.25000000000000006 0.4212962962962964 0.24392361111111113 0.25000000000000006 0.39236111111111105 0.2546296296296296 0.39322916666666674 0.4305555555555556
0 0.004340277777777775 0.4228395061728395 0.10677083333333331 0.4228395061728395 0.11805555555555555 0.58179012345679 0.01822916666666668 0.5787037037037036
0 0.10590277777777773 0.4228395061728395 0.25086805555555547 0.425925925925926 0.25607638888888884 0.5848765432098765 0.11718750000000003 0.5802469135802469
0 0.2517361111111111 0.42438271604938266 0.39322916666666674 0.42592592592592604 0.3940972222222222 0.5879629629629629 0.2578125 0.5802469135802469
0 0.01822916666666666 0.5802469135802468 0.12065972222222222 0.5802469135802469 0.12934027777777776 0.7299382716049382 0.033854166666666664 0.7283950617283951
0 0.1206597222222222 0.5802469135802468 0.2595486111111111 0.5848765432098766 0.2630208333333333 0.7330246913580248 0.13020833333333334 0.7299382716049384
0 0.2586805555555555 0.5848765432098765 0.3967013888888889 0.5817901234567902 0.39843750000000006 0.7391975308641976 0.26388888888888895 0.7345679012345679
0 0.03385416666666666 0.7283950617283951 0.13020833333333331 0.7314814814814814 0.13888888888888887 0.8688271604938271 0.04600694444444442 0.8626543209876542
0 0.12934027777777773 0.7283950617283951 0.2638888888888889 0.7314814814814814 0.2682291666666667 0.875 0.13802083333333331 0.8719135802469136
0 0.2630208333333333 0.7330246913580246 0.3975694444444444 0.7361111111111112 0.4001736111111111 0.8765432098765431 0.27083333333333337 0.8765432098765431