0 0.333984375 0.5086805555555556 0.333984375 0.5503472222222222 0.33203125 0.5538194444444444 0.33203125 0.6197916666666666 0.3349609375 0.625 0.4228515625 0.625 0.4248046875 0.6284722222222222 0.4267578125 0.6284722222222222 0.431640625 0.6197916666666666 0.431640625 0.484375 0.4306640625 0.4826388888888889 0.4287109375 0.4826388888888889 0.4267578125 0.4791666666666667 0.3369140625 0.4791666666666667 0.3359375 0.4809027777777778 0.3359375 0.5052083333333334
0 0.33984375 0.3420138888888889 0.33984375 0.3871527777777778 0.337890625 0.390625 0.337890625 0.421875 0.3359375 0.4253472222222222 0.3359375 0.4739583333333333 0.3369140625 0.4756944444444444 0.3837890625 0.4756944444444444 0.3857421875 0.4791666666666667 0.4306640625 0.4791666666666667 0.43359375 0.4739583333333333 0.43359375 0.3385416666666667 0.4326171875 0.3368055555555556 0.4091796875 0.3368055555555556 0.4072265625 0.3333333333333333 0.3994140625 0.3333333333333333 0.3974609375 0.3368055555555556 0.3427734375 0.3368055555555556
0 0.232421875 0.5538194444444444 0.232421875 0.5954861111111112 0.23046875 0.5989583333333334 0.23046875 0.6163194444444444 0.2333984375 0.6215277777777778 0.3232421875 0.6215277777777778 0.3251953125 0.625 0.3271484375 0.625 0.330078125 0.6197916666666666 0.330078125 0.5920138888888888 0.33203125 0.5885416666666666 0.33203125 0.5295138888888888 0.333984375 0.5260416666666666 0.333984375 0.4913194444444444 0.3359375 0.4878472222222222 0.3359375 0.484375 0.3330078125 0.4791666666666667 0.3251953125 0.4791666666666667 0.3232421875 0.4756944444444444 0.2412109375 0.4756944444444444 0.23828125 0.4809027777777778 0.23828125 0.4878472222222222 0.236328125 0.4913194444444444 0.236328125 0.515625 0.234375 0.5190972222222222 0.234375 0.5503472222222222
0 0.34375 0.22395833333333334 0.34375 0.2864583333333333 0.341796875 0.2899305555555556 0.341796875 0.3315972222222222 0.3427734375 0.3333333333333333 0.3447265625 0.3333333333333333 0.3466796875 0.3368055555555556 0.3935546875 0.3368055555555556 0.3955078125 0.3333333333333333 0.4091796875 0.3333333333333333 0.4111328125 0.3368055555555556 0.4326171875 0.3368055555555556 0.435546875 0.3315972222222222 0.435546875 0.2621527777777778 0.4375 0.2586805555555556 0.435546875 0.2552083333333333 0.4375 0.2517361111111111 0.4375 0.2065972222222222 0.4345703125 0.2013888888888889 0.3466796875 0.2013888888888889 0.345703125 0.203125 0.345703125 0.2204861111111111
0 0.248046875 0.2760416666666667 0.248046875 0.3142361111111111 0.24609375 0.3177083333333333 0.24609375 0.3246527777777778 0.2490234375 0.3298611111111111 0.2822265625 0.3298611111111111 0.2841796875 0.3333333333333333 0.3154296875 0.3333333333333333 0.3173828125 0.3298611111111111 0.3193359375 0.3298611111111111 0.3212890625 0.3333333333333333 0.3369140625 0.3333333333333333 0.341796875 0.3246527777777778 0.341796875 0.2795138888888889 0.34375 0.2760416666666667 0.34375 0.21354166666666666 0.345703125 0.21006944444444445 0.345703125 0.203125 0.3408203125 0.19444444444444445 0.3173828125 0.19444444444444445 0.3154296875 0.19791666666666666 0.2548828125 0.19791666666666666 0.251953125 0.203125 0.251953125 0.234375 0.25 0.2378472222222222 0.25 0.2725694444444444
0 0.34765625 0.07465277777777778 0.34765625 0.1579861111111111 0.345703125 0.16145833333333334 0.345703125 0.19618055555555555 0.3466796875 0.19791666666666666 0.3662109375 0.19791666666666666 0.3681640625 0.2013888888888889 0.4013671875 0.2013888888888889 0.4033203125 0.19791666666666666 0.4052734375 0.19791666666666666 0.4072265625 0.2013888888888889 0.4091796875 0.2013888888888889 0.4111328125 0.19791666666666666 0.4365234375 0.19791666666666666 0.4375 0.19618055555555555 0.4375 0.1440972222222222 0.439453125 0.140625 0.439453125 0.1371527777777778 0.443359375 0.13368055555555555 0.443359375 0.1267361111111111 0.44140625 0.1232638888888889 0.44140625 0.10243055555555555 0.439453125 0.09895833333333333 0.439453125 0.08159722222222222 0.4345703125 0.07291666666666667 0.3896484375 0.07291666666666667 0.3876953125 0.06944444444444445 0.3505859375 0.06944444444444445
0 0.255859375 0.109375 0.255859375 0.14756944444444445 0.25390625 0.15104166666666666 0.25390625 0.19270833333333334 0.2548828125 0.19444444444444445 0.3447265625 0.19444444444444445 0.345703125 0.19270833333333334 0.345703125 0.1440972222222222 0.34765625 0.140625 0.34765625 0.07118055555555555 0.3466796875 0.06944444444444445 0.3232421875 0.06944444444444445 0.3212890625 0.06597222222222222 0.2607421875 0.06597222222222222 0.2578125 0.07118055555555555 0.2578125 0.10590277777777778
0 0.5946180555555555 0.3024691358024691 0.59375 0.25771604938271603 0.618923611111111 0.23611111111111105 0.65625 0.22530864197530862 0.704861111111111 0.2376543209876543 0.7109375 0.27932098765432095 0.7161458333333334 0.48765432098765427 0.704861111111111 0.492283950617284 0.6840277777777778 0.48919753086419754 0.6458333333333334 0.48456790123456794 0.6050347222222222 0.5046296296296295
0 0.7291666666666666 0.48148148148148145 0.7196180555555556 0.26543209876543217 0.7621527777777778 0.24382716049382713 0.8116319444444444 0.2376543209876544 0.8237847222222222 0.26543209876543217 0.8194444444444444 0.29783950617283955 0.8255208333333334 0.4830246913580248 0.798611111111111 0.4799382716049383 0.7630208333333334 0.48148148148148145 0.7395833333333334 0.4876543209876544
0 0.8532986111111109 0.48456790123456783 0.8446180555555556 0.2530864197530864 0.873263888888889 0.24228395061728397 0.9071180555555557 0.22993827160493827 0.9340277777777779 0.2391975308641975 0.9435763888888888 0.2700617283950617 0.9418402777777779 0.30709876543209874 0.9366319444444445 0.31172839506172834 0.9479166666666666 0.49691358024691357 0.9166666666666666 0.486111111111111 0.8802083333333334 0.48302469135802467 0.8619791666666666 0.49537037037037024 0.8567708333333334 0.49691358024691357 0.8524305555555556 0.5030864197530863
0 0.6067708333333334 0.5123456790123457 0.6519097222222222 0.4891975308641975 0.6944444444444445 0.48456790123456794 0.712673611111111 0.5030864197530864 0.712673611111111 0.5385802469135803 0.712673611111111 0.5570987654320988 0.7144097222222222 0.5756172839506174 0.7222222222222222 0.779320987654321 0.615451388888889 0.7854938271604939
0 0.7508680555555556 0.7839506172839507 0.8515625000000001 0.7808641975308642 0.8394097222222224 0.49537037037037035 0.8107638888888891 0.4891975308641975 0.7395833333333334 0.49691358024691357 0.732638888888889 0.507716049382716 0.7413194444444444 0.7854938271604938
0 0.8749999999999999 0.7854938271604938 0.96875 0.7885802469135802 0.9600694444444444 0.5617283950617284 0.9609375 0.5385802469135803 0.954861111111111 0.5030864197530864 0.8958333333333334 0.4938271604938272 0.8697916666666667 0.5 0.8567708333333335 0.5108024691358025 0.868923611111111 0.7885802469135803
0 0.3272569444444444 0.7762345679012345 0.3333333333333333 0.6249999999999999 0.4305555555555555 0.6265432098765433 0.4288194444444444 0.7808641975308642
0 0.22482638888888884 0.7762345679012345 0.23263888888888887 0.625 0.33246527777777773 0.6280864197530863 0.3263888888888889 0.7762345679012345
0 0.12152777777777773 0.7716049382716049 0.13194444444444442 0.6188271604938272 0.23263888888888887 0.6234567901234567 0.22395833333333331 0.7762345679012346
0 0.01996527777777776 0.7716049382716049 0.03559027777777777 0.6188271604938271 0.13194444444444445 0.6188271604938271 0.1223958333333333 0.7716049382716049
0 0.03472222222222221 0.6219135802469136 0.04600694444444445 0.4722222222222222 0.140625 0.4737654320987655 0.1319444444444444 0.6234567901234568
0 0.13194444444444445 0.6188271604938272 0.1414930555555556 0.4722222222222221 0.23611111111111116 0.478395061728395 0.22916666666666669 0.6219135802469137
0 0.23784722222222218 0.4753086419753086 0.24739583333333334 0.3317901234567901 0.34375000000000006 0.3302469135802469 0.3359375 0.47685185185185186
0 0.14149305555555555 0.4722222222222222 0.15104166666666663 0.33179012345679015 0.24652777777777776 0.33333333333333337 0.2387152777777778 0.47376543209876537
0 0.04600694444444444 0.4722222222222221 0.05902777777777777 0.33024691358024694 0.15277777777777773 0.3348765432098766 0.14236111111111108 0.4722222222222222
0 0.15017361111111108 0.33487654320987653 0.16059027777777776 0.19290123456790123 0.25173611111111116 0.1959876543209876 0.24479166666666666 0.33179012345679004
0 0.059895833333333356 0.33179012345679004 0.07031250000000001 0.19135802469135804 0.16059027777777773 0.19290123456790123 0.15104166666666666 0.3333333333333333
0 0.16145833333333331 0.19290123456790123 0.1701388888888889 0.06018518518518516 0.2586805555555555 0.06635802469135801 0.2526041666666667 0.19290123456790126
0 0.0703125 0.18827160493827158 0.0815972222222222 0.06327160493827158 0.16927083333333334 0.06018518518518516 0.16059027777777773 0.18981481481481483