0 0.03993055555555555 0.3179012345679012 0.05902777777777778 0.11111111111111119 0.17708333333333334 0.11111111111111116 0.16579861111111108 0.31635802469135804
0 0.16666666666666663 0.31481481481481477 0.1770833333333334 0.10956790123456793 0.30121527777777773 0.11111111111111113 0.29166666666666674 0.3209876543209877
0 0.2916666666666667 0.31944444444444436 0.3003472222222222 0.11419753086419754 0.42361111111111105 0.1188271604938272 0.4157986111111111 0.32253086419753085
0 0.02430555555555555 0.5262345679012346 0.0425347222222222 0.3132716049382716 0.16666666666666666 0.3163580246913581 0.15451388888888887 0.5324074074074073
0 0.15538194444444445 0.5308641975308641 0.16666666666666666 0.3132716049382717 0.2942708333333333 0.31944444444444436 0.2873263888888889 0.5308641975308641
0 0.28906250000000006 0.5416666666666666 0.2977430555555555 0.3194444444444445 0.4210069444444444 0.32253086419753096 0.41840277777777773 0.5432098765432098
0 0.004340277777777782 0.7592592592592594 0.02430555555555555 0.5262345679012345 0.1553819444444444 0.5308641975308641 0.13888888888888887 0.7638888888888888
0 0.1371527777777778 0.7669753086419755 0.15364583333333334 0.5324074074074074 0.2890625 0.5354938271604939 0.27777777777777773 0.7700617283950618
0 0.2769097222222222 0.7716049382716049 0.2881944444444444 0.5416666666666666 0.4175347222222222 0.54320987654321 0.4097222222222222 0.7669753086419754
0 0.5963541666666666 0.7638888888888888 0.5963541666666665 0.5817901234567902 0.7074652777777778 0.5910493827160495 0.7118055555555556 0.7638888888888888
0 0.712673611111111 0.7638888888888887 0.7065972222222221 0.5895061728395062 0.8515625 0.5925925925925924 0.861111111111111 0.7685185185185184
0 0.8611111111111109 0.7654320987654321 0.8515624999999999 0.595679012345679 0.9921875 0.6018518518518519 1 0.683641975308642 1 0.7716049382716049
0 0.5937499999999999 0.5802469135802468 0.5928819444444445 0.41203703703703715 0.6987847222222222 0.41820987654320996 0.7039930555555556 0.5910493827160495
0 0.7039930555555555 0.5895061728395061 0.6996527777777779 0.419753086419753 0.8402777777777776 0.4305555555555556 0.8515625 0.5941358024691359
0 0.8515624999999999 0.5972222222222221 0.8411458333333334 0.4305555555555556 0.9739583333333334 0.4336419753086419 0.990451388888889 0.6003086419753088
0 0.595486111111111 0.4089506172839506 0.5928819444444445 0.25 0.6961805555555556 0.25771604938271603 0.6987847222222222 0.41975308641975306
0 0.7005208333333334 0.41820987654320996 0.697048611111111 0.25771604938271603 0.8307291666666666 0.2700617283950617 0.8402777777777776 0.43209876543209885
0 0.8402777777777776 0.4305555555555556 0.8307291666666665 0.27314814814814803 0.959201388888889 0.28395061728395055 0.9730902777777778 0.43827160493827166
0 0.5928819444444444 0.25154320987654316 0.592013888888889 0.09567901234567902 0.6909722222222222 0.10339506172839502 0.6961805555555556 0.25925925925925924
0 0.6953124999999999 0.25462962962962954 0.6909722222222222 0.10493827160493831 0.8237847222222222 0.1157407407407408 0.8307291666666665 0.271604938271605
0 0.8324652777777776 0.2716049382716049 0.8237847222222222 0.11728395061728394 0.9461805555555556 0.13580246913580243 0.9583333333333335 0.2854938271604939