0 0.028645833333333332 0.38580246913580246 0.12847222222222224 0.39043209876543206 0.14583333333333334 0.632716049382716 0.10243055555555557 0.654320987654321 0.06336805555555557 0.6512345679012346 0.05729166666666668 0.6327160493827161
0 0.16666666666666666 0.3950617283950618 0.21006944444444445 0.39814814814814814 0.2604166666666667 0.39043209876543206 0.26996527777777773 0.3873456790123457 0.2786458333333333 0.6265432098765433 0.24305555555555552 0.6481481481481481 0.20486111111111113 0.6496913580246915 0.18055555555555555 0.6327160493827161
0 0.2864583333333333 0.38425925925925924 0.31510416666666674 0.39351851851851855 0.3663194444444445 0.3919753086419752 0.3914930555555556 0.38117283950617276 0.3975694444444445 0.3780864197530863 0.39670138888888895 0.617283950617284 0.37500000000000006 0.6404320987654322 0.33159722222222227 0.6404320987654322 0.30295138888888895 0.6296296296296297 0.2960069444444445 0.6188271604938272
0 0.05295138888888889 0.6373456790123456 0.08072916666666666 0.6527777777777778 0.13454861111111108 0.6419753086419754 0.14496527777777773 0.6373456790123457 0.1631944444444444 0.8626543209876543 0.13368055555555552 0.8858024691358024 0.09461805555555555 0.8842592592592594 0.07378472222222222 0.8441358024691358 0.057291666666666664 0.6929012345679013 0.04774305555555554 0.6774691358024693
0 0.16753472222222224 0.6558641975308642 0.1996527777777777 0.6651234567901234 0.2517361111111111 0.6589506172839505 0.26996527777777773 0.6496913580246915 0.2786458333333333 0.8395061728395062 0.2569444444444445 0.8657407407407408 0.22829861111111113 0.8765432098765432 0.18489583333333334 0.8611111111111113 0.1779513888888889 0.8410493827160495
0 0.2864583333333333 0.6574074074074076 0.32378472222222227 0.6635802469135802 0.3741319444444445 0.6574074074074073 0.3802083333333333 0.654320987654321 0.38454861111111105 0.8410493827160496 0.3576388888888889 0.8765432098765432 0.31684027777777773 0.8719135802469136 0.2951388888888889 0.8410493827160495
0 0.5234375000000001 0.3688271604938271 0.5590277777777779 0.38117283950617287 0.6102430555555556 0.3811728395061728 0.6380208333333334 0.37345679012345673 0.6328125 0.617283950617284 0.5989583333333334 0.6327160493827161 0.5572916666666666 0.6280864197530864 0.5277777777777779 0.5987654320987655
0 0.5260416666666666 0.6141975308641975 0.5651041666666666 0.6373456790123456 0.623263888888889 0.6373456790123456 0.6276041666666666 0.6358024691358024 0.6223958333333334 0.8395061728395061 0.6085069444444444 0.8626543209876543 0.5729166666666666 0.8641975308641975 0.5321180555555556 0.8364197530864197 0.5243055555555555 0.8163580246913579 0.5234375 0.6635802469135802 0.5182291666666666 0.6512345679012345
0 0.6397569444444444 0.6126543209876543 0.6484375 0.37808641975308643 0.7039930555555556 0.39043209876543217 0.748263888888889 0.37808641975308643 0.7395833333333334 0.45061728395061734 0.732638888888889 0.6126543209876544 0.7005208333333334 0.6280864197530864
0 0.6458333333333334 0.6280864197530864 0.6875 0.6450617283950617 0.7265625 0.6342592592592592 0.7352430555555555 0.6280864197530863 0.7265625000000001 0.8425925925925926 0.7135416666666667 0.8672839506172839 0.6848958333333335 0.8734567901234567 0.6519097222222224 0.8580246913580245 0.6302083333333335 0.8225308641975307 0.638888888888889 0.632716049382716
0 0.7682291666666665 0.3688271604938271 0.8168402777777778 0.38580246913580246 0.861111111111111 0.3780864197530864 0.8723958333333335 0.3688271604938271 0.8723958333333333 0.41358024691358025 0.8645833333333333 0.419753086419753 0.8463541666666665 0.6064814814814814 0.8237847222222221 0.6219135802469137 0.7812499999999999 0.6126543209876544 0.7560763888888891 0.5925925925925926
0 0.7552083333333333 0.6188271604938271 0.7960069444444443 0.6373456790123457 0.8350694444444445 0.6373456790123457 0.8541666666666666 0.6172839506172839 0.853298611111111 0.6604938271604938 0.845486111111111 0.6759259259259259 0.8307291666666666 0.8179012345679013 0.8098958333333334 0.8487654320987653 0.7682291666666666 0.8549382716049383 0.7378472222222222 0.8271604938271604 0.7473958333333333 0.6172839506172839
1 0.11197916666666664 0.18209876543209874 0.21614583333333334 0.18672839506172836 0.21875000000000003 0.27932098765432095 0.17795138888888887 0.2777777777777778 0.11718749999999997 0.3179012345679012
1 0.21614583333333331 0.18827160493827158 0.2786458333333333 0.1944444444444444 0.2803819444444444 0.27932098765432095 0.21701388888888887 0.2777777777777778
1 0.2786458333333333 0.18981481481481477 0.34375 0.19290123456790123 0.3420138888888889 0.2777777777777778 0.2803819444444444 0.2777777777777778