0 0.6293402777777778 0.47376543209876537 0.6206597222222222 0.2669753086419753 0.615451388888889 0.26234567901234573 0.615451388888889 0.23302469135802464 0.6319444444444444 0.2083333333333334 0.6710069444444444 0.18981481481481477 0.7144097222222222 0.19598765432098772 0.7265625 0.21141975308641983 0.7335069444444444 0.4583333333333333 0.6883680555555556 0.4537037037037037 0.650173611111111 0.4614197530864198
0 0.6371527777777776 0.7515432098765432 0.631076388888889 0.6450617283950618 0.6276041666666666 0.5277777777777778 0.6197916666666666 0.5277777777777778 0.618923611111111 0.48919753086419754 0.6397569444444444 0.47067901234567905 0.6848958333333334 0.4598765432098766 0.7256944444444444 0.4660493827160494 0.736111111111111 0.4799382716049383 0.7343750000000001 0.5169753086419754 0.7413194444444444 0.7561728395061728
0 0.7682291666666666 0.7608024691358025 0.7612847222222222 0.5185185185185185 0.75 0.4799382716049382 0.7569444444444444 0.4645061728395061 0.7968750000000001 0.4583333333333332 0.837673611111111 0.46450617283950624 0.8611111111111112 0.4614197530864198 0.8723958333333334 0.4799382716049383 0.868923611111111 0.5200617283950618 0.8819444444444444 0.7608024691358025
0 0.7630208333333333 0.4614197530864197 0.7890625 0.47067901234567905 0.8324652777777778 0.46759259259259256 0.8532986111111112 0.46141975308641975 0.8411458333333334 0.2453703703703705 0.8463541666666666 0.23148148148148143 0.84375 0.21450617283950624 0.7977430555555556 0.20216049382716053 0.75 0.21296296296296302 0.740451388888889 0.21913580246913586 0.7421875 0.2561728395061729 0.75 0.27777777777777785 0.7612847222222222 0.4614197530864198
0 0.8802083333333334 0.4660493827160494 0.9210069444444445 0.45524691358024705 0.962673611111111 0.4537037037037037 0.9861111111111112 0.46141975308641975 0.974826388888889 0.2654320987654321 0.978298611111111 0.25771604938271603 0.9765625 0.2345679012345679 0.9678819444444444 0.20524691358024688 0.9401041666666666 0.1944444444444444 0.9097222222222222 0.19753086419753085 0.8802083333333334 0.21141975308641975 0.8654513888888891 0.220679012345679 0.8602430555555556 0.22839506172839502 0.8715277777777778 0.2530864197530864 0.8706597222222222 0.26388888888888884
0 0.9105902777777778 0.7685185185185184 0.8993055555555557 0.5231481481481481 0.892361111111111 0.5123456790123456 0.8871527777777779 0.46759259259259267 0.9149305555555556 0.46450617283950624 0.9496527777777778 0.45679012345679004 0.9869791666666666 0.4614197530864197 0.9991319444444444 0.478395061728395 1 0.5200617283950617 1 0.7700617283950617
0 0.031249999999999993 0.7623456790123456 0.046006944444444434 0.5895061728395061 0.15277777777777776 0.5910493827160495 0.1362847222222222 0.7623456790123457
0 0.13715277777777776 0.7592592592592592 0.15364583333333334 0.5879629629629629 0.30121527777777773 0.595679012345679 0.2925347222222222 0.7623456790123457
0 0.29253472222222227 0.7638888888888888 0.30121527777777773 0.5925925925925924 0.4479166666666667 0.5925925925925924 0.4453125 0.7638888888888887
0 0.04687499999999999 0.5879629629629629 0.061631944444444434 0.42592592592592604 0.16493055555555555 0.42901234567901236 0.1553819444444444 0.5895061728395062
0 0.15538194444444445 0.5879629629629629 0.1657986111111111 0.4305555555555556 0.3081597222222222 0.43209876543209885 0.2994791666666667 0.5987654320987655
0 0.2994791666666667 0.5910493827160495 0.3081597222222222 0.4305555555555556 0.4496527777777778 0.43209876543209874 0.44878472222222227 0.595679012345679
0 0.06163194444444443 0.42592592592592593 0.07725694444444445 0.2716049382716049 0.1762152777777778 0.2731481481481481 0.1640625 0.43209876543209874
0 0.1675347222222222 0.42592592592592593 0.18055555555555552 0.2762345679012345 0.31597222222222227 0.2854938271604938 0.3072916666666667 0.4351851851851852
0 0.3098958333333333 0.43055555555555564 0.3151041666666667 0.2824074074074074 0.4513888888888889 0.2808641975308643 0.4505208333333333 0.43055555555555564
0 0.07986111111111113 0.2685185185185185 0.09461805555555557 0.12037037037037036 0.18836805555555552 0.1234567901234568 0.1779513888888889 0.2731481481481481
0 0.18142361111111108 0.27314814814814814 0.19184027777777776 0.13271604938271603 0.32291666666666674 0.13271604938271608 0.31684027777777773 0.2824074074074074
0 0.31684027777777773 0.2777777777777777 0.3229166666666667 0.13425925925925927 0.4522569444444444 0.13271604938271608 0.4505208333333333 0.279320987654321
1 0.5112847222222222 0.5879629629629629 0.5104166666666666 0.47376543209876537 0.5815972222222222 0.4722222222222222 0.5833333333333334 0.5864197530864198
1 0.5104166666666666 0.7037037037037036 0.5121527777777779 0.5879629629629629 0.5850694444444445 0.5879629629629629 0.5824652777777779 0.7037037037037037
1 0.5104166666666666 0.8194444444444444 0.5121527777777779 0.7037037037037037 0.5859375 0.7021604938271606 0.5850694444444445 0.7700617283950619 0.5659722222222222 0.8179012345679014