0 0.595486111111111 0.5570987654320987 0.5954861111111112 0.35493827160493824 0.592013888888889 0.3503086419753087 0.59375 0.3055555555555556 0.6137152777777778 0.31327160493827166 0.6536458333333334 0.3225308641975309 0.6944444444444444 0.3194444444444444 0.7152777777777778 0.3070987654320988 0.7161458333333334 0.3564814814814815 0.7100694444444444 0.3765432098765432 0.7083333333333334 0.566358024691358 0.6866319444444444 0.5802469135802469 0.654513888888889 0.5833333333333334 0.6145833333333334 0.5802469135802468
0 0.5937499999999999 0.7962962962962962 0.5954861111111112 0.6095679012345679 0.5911458333333334 0.6003086419753085 0.5911458333333334 0.5632716049382717 0.607638888888889 0.5833333333333334 0.6397569444444444 0.5972222222222222 0.681423611111111 0.595679012345679 0.704861111111111 0.5787037037037037 0.7039930555555556 0.625 0.697048611111111 0.6759259259259258 0.697048611111111 0.6604938271604938 0.6866319444444444 0.8194444444444445 0.6692708333333334 0.8271604938271604 0.6302083333333334 0.8256172839506172
0 0.7092013888888888 0.8009259259259258 0.7135416666666666 0.6172839506172839 0.7109375 0.5787037037037036 0.7274305555555556 0.5787037037037035 0.7621527777777776 0.5910493827160496 0.8090277777777778 0.5910493827160496 0.8237847222222224 0.574074074074074 0.8246527777777778 0.6064814814814814 0.8203125 0.6172839506172839 0.8055555555555556 0.8179012345679012 0.7899305555555556 0.8333333333333335 0.7578125 0.8364197530864197 0.736111111111111 0.8240740740740741
0 0.8159722222222224 0.7993827160493826 0.8289930555555557 0.6095679012345678 0.8281250000000001 0.5679012345679012 0.8723958333333335 0.5848765432098765 0.9262152777777779 0.5787037037037036 0.9331597222222224 0.5601851851851852 0.9340277777777779 0.6111111111111112 0.9270833333333335 0.617283950617284 0.9088541666666667 0.7993827160493827 0.8897569444444445 0.8179012345679012 0.8637152777777779 0.8240740740740742 0.8333333333333335 0.8132716049382717
0 0.7152777777777776 0.5601851851851851 0.724826388888889 0.35339506172839513 0.7213541666666666 0.33179012345679004 0.728298611111111 0.3055555555555555 0.7699652777777778 0.32098765432098764 0.8194444444444445 0.32098765432098764 0.834201388888889 0.316358024691358 0.8333333333333334 0.3688271604938271 0.8177083333333333 0.5725308641975309 0.8020833333333333 0.5817901234567902 0.7621527777777776 0.5817901234567902 0.7291666666666665 0.5756172839506174
0 0.8315972222222224 0.5524691358024693 0.8472222222222222 0.35030864197530875 0.8428819444444445 0.3333333333333334 0.8463541666666667 0.3040123456790124 0.8880208333333334 0.31481481481481477 0.9470486111111112 0.3101851851851851 0.9565972222222224 0.3040123456790123 0.9531249999999999 0.3503086419753087 0.9479166666666665 0.367283950617284 0.9270833333333333 0.5601851851851852 0.9105902777777776 0.5771604938271605 0.8880208333333333 0.5771604938271605 0.8515624999999999 0.5648148148148148
0 0.09982638888888887 0.6296296296296295 0.2065972222222222 0.632716049382716 0.21614583333333331 0.8348765432098764 0.1154513888888889 0.8302469135802468
0 0.2048611111111111 0.6311728395061728 0.30902777777777773 0.6296296296296295 0.3168402777777778 0.8333333333333335 0.21614583333333334 0.8317901234567902
0 0.30815972222222227 0.6327160493827161 0.4114583333333333 0.6296296296296297 0.4149305555555556 0.8271604938271604 0.31510416666666674 0.8302469135802468
0 0.0798611111111111 0.4166666666666668 0.1892361111111111 0.4151234567901234 0.20225694444444448 0.6280864197530863 0.0972222222222222 0.6327160493827161
0 0.18923611111111108 0.4166666666666667 0.29861111111111105 0.4151234567901234 0.3072916666666667 0.6342592592592593 0.203125 0.6358024691358025
0 0.2994791666666667 0.4151234567901234 0.40624999999999994 0.41203703703703715 0.4114583333333333 0.632716049382716 0.3072916666666667 0.6373456790123457
0 0.2890625 0.1774691358024691 0.4027777777777778 0.17901234567901234 0.40625 0.4151234567901234 0.29861111111111105 0.41666666666666674
0 0.17361111111111108 0.1774691358024691 0.2899305555555555 0.17901234567901234 0.2994791666666667 0.41203703703703703 0.1875 0.4151234567901234
0 0.060763888888888874 0.18055555555555555 0.1736111111111111 0.17901234567901234 0.18663194444444445 0.4151234567901234 0.07986111111111115 0.41975308641975306