0 0.5963541666666665 0.4753086419753086 0.603298611111111 0.2515432098765432 0.7109375 0.24845679012345678 0.7005208333333334 0.47376543209876537
0 0.7022569444444445 0.4722222222222222 0.712673611111111 0.24999999999999994 0.8168402777777778 0.24845679012345678 0.8038194444444444 0.47067901234567894
0 0.8046875000000001 0.4691358024691359 0.8194444444444444 0.25154320987654327 0.9201388888888891 0.25000000000000006 0.9036458333333335 0.4675925925925926
0 0.5937499999999999 0.6820987654320987 0.599826388888889 0.4753086419753086 0.701388888888889 0.4753086419753087 0.6918402777777778 0.6820987654320987
0 0.6927083333333334 0.6790123456790123 0.7005208333333335 0.4753086419753087 0.8038194444444443 0.4753086419753087 0.7916666666666665 0.6774691358024693
0 0.7934027777777778 0.6743827160493826 0.8055555555555556 0.4722222222222221 0.9027777777777776 0.4691358024691359 0.8871527777777778 0.6728395061728396
0 0.5894097222222222 0.867283950617284 0.59375 0.6820987654320988 0.6918402777777778 0.677469135802469 0.685763888888889 0.8657407407407408
0 0.6840277777777776 0.8657407407407407 0.6918402777777779 0.6820987654320987 0.790798611111111 0.6790123456790124 0.78125 0.867283950617284
0 0.7812499999999999 0.8626543209876542 0.7899305555555556 0.6743827160493826 0.8871527777777778 0.6743827160493827 0.8741319444444444 0.859567901234568
0 0.04600694444444444 0.37037037037037035 0.08767361111111112 0.3811728395061728 0.12760416666666663 0.37037037037037046 0.14930555555555552 0.36419753086419754 0.16232638888888892 0.617283950617284 0.13020833333333334 0.6327160493827161 0.08767361111111115 0.625 0.07031250000000001 0.6033950617283951 0.04774305555555558 0.4197530864197531 0.04253472222222223 0.41203703703703715
0 0.16927083333333331 0.3688271604938271 0.21788194444444448 0.3780864197530863 0.2552083333333333 0.36574074074074076 0.2682291666666667 0.6126543209876544 0.24739583333333334 0.6311728395061729 0.19791666666666666 0.6280864197530864 0.17708333333333334 0.6111111111111112
0 0.2795138888888889 0.3688271604938271 0.3159722222222222 0.38580246913580246 0.3741319444444445 0.37037037037037035 0.39930555555555547 0.36574074074074076 0.39843749999999994 0.6080246913580247 0.36892361111111105 0.6358024691358025 0.3255208333333333 0.6327160493827161 0.2881944444444444 0.6080246913580247
0 0.06944444444444446 0.625 0.09635416666666667 0.6358024691358025 0.1423611111111111 0.6327160493827161 0.15972222222222224 0.6280864197530864 0.17274305555555555 0.8564814814814815 0.14322916666666666 0.8719135802469133 0.10416666666666669 0.8719135802469137 0.08506944444444448 0.8379629629629629 0.07291666666666669 0.6697530864197531 0.06510416666666669 0.6512345679012345 0.06336805555555557 0.6203703703703703
0 0.17968749999999997 0.6280864197530863 0.2074652777777778 0.6419753086419754 0.2552083333333333 0.6419753086419753 0.27517361111111105 0.6280864197530864 0.2795138888888889 0.7175925925925924 0.2847222222222222 0.853395061728395 0.2552083333333333 0.8780864197530863 0.20833333333333334 0.8765432098765431 0.19184027777777776 0.8441358024691357 0.1796875 0.6280864197530863
0 0.2890625 0.6280864197530863 0.33940972222222215 0.6496913580246915 0.39236111111111105 0.6342592592592593 0.3984375 0.6280864197530863 0.3940972222222222 0.853395061728395 0.3645833333333333 0.8765432098765431 0.32204861111111105 0.8719135802469137 0.2960069444444444 0.8441358024691359