0 0.0703125 0.29166666666666663 0.0868055555555556 0.09876543209876543 0.18663194444444448 0.10030864197530863 0.17274305555555555 0.2885802469135802
0 0.17187500000000003 0.287037037037037 0.1883680555555556 0.09722222222222222 0.2899305555555555 0.10185185185185193 0.2795138888888889 0.2978395061728395
0 0.2803819444444444 0.2993827160493827 0.2899305555555556 0.1018518518518519 0.390625 0.10648148148148154 0.3845486111111111 0.3024691358024692
0 0.04600694444444444 0.5015432098765433 0.06597222222222222 0.2885802469135803 0.17013888888888887 0.29320987654320985 0.15625 0.507716049382716
0 0.15538194444444445 0.49845679012345684 0.1701388888888889 0.2870370370370371 0.27777777777777773 0.29783950617283955 0.265625 0.5123456790123456
0 0.2673611111111111 0.507716049382716 0.2769097222222222 0.29783950617283955 0.3819444444444444 0.3040123456790123 0.3758680555555556 0.5123456790123457
0 0.019965277777777783 0.7268518518518517 0.0407986111111111 0.5046296296296297 0.15277777777777776 0.5077160493827161 0.13454861111111108 0.7345679012345679
0 0.13541666666666666 0.7345679012345678 0.15277777777777776 0.5015432098765432 0.2647569444444445 0.5108024691358024 0.2517361111111111 0.7361111111111112
0 0.2526041666666667 0.7361111111111112 0.2647569444444445 0.5092592592592593 0.3741319444444444 0.5092592592592593 0.36545138888888895 0.7361111111111112
0 0.6006944444444445 0.7469135802469135 0.5954861111111112 0.5277777777777777 0.703125 0.5308641975308641 0.7118055555555556 0.75
0 0.712673611111111 0.7453703703703701 0.7022569444444445 0.529320987654321 0.8125 0.5277777777777777 0.8289930555555556 0.7515432098765433
0 0.828125 0.7469135802469137 0.8133680555555557 0.5246913580246914 0.9192708333333335 0.5231481481481481 0.9383680555555557 0.7469135802469137
0 0.5963541666666665 0.5262345679012345 0.5946180555555556 0.32098765432098764 0.697048611111111 0.3225308641975309 0.703125 0.5262345679012345
0 0.703125 0.5246913580246915 0.697048611111111 0.32407407407407407 0.7994791666666665 0.3240740740740741 0.8124999999999999 0.5262345679012346
0 0.810763888888889 0.5246913580246915 0.7994791666666666 0.3179012345679012 0.9027777777777776 0.31944444444444436 0.9192708333333333 0.5231481481481481
0 0.5954861111111112 0.31790123456790126 0.5902777777777779 0.12345679012345682 0.6909722222222222 0.12037037037037045 0.6996527777777778 0.3256172839506173
0 0.6987847222222222 0.32253086419753085 0.6901041666666666 0.11882716049382715 0.790798611111111 0.12037037037037047 0.8003472222222222 0.3194444444444445
0 0.8012152777777778 0.31481481481481477 0.790798611111111 0.12037037037037036 0.8880208333333333 0.1234567901234568 0.9010416666666665 0.32098765432098764