0 0.02256944444444442 0.24382716049382713 0.1519097222222222 0.24537037037037038 0.1657986111111111 0.4753086419753086 0.04427083333333332 0.4722222222222221
0 0.15190972222222227 0.24537037037037032 0.2829861111111111 0.24845679012345678 0.2916666666666667 0.4753086419753087 0.1640625 0.47067901234567894
0 0.28298611111111105 0.2469135802469136 0.4123263888888889 0.25308641975308643 0.4149305555555555 0.47685185185185175 0.29079861111111105 0.47067901234567894
0 0.043402777777777755 0.47067901234567894 0.16666666666666666 0.4753086419753086 0.1796875 0.6790123456790123 0.05989583333333335 0.6712962962962963
0 0.16666666666666663 0.4722222222222221 0.2925347222222222 0.4753086419753086 0.3020833333333333 0.6836419753086419 0.1779513888888889 0.6774691358024691
0 0.2925347222222222 0.47067901234567894 0.41579861111111105 0.4753086419753087 0.41840277777777773 0.6805555555555556 0.2994791666666667 0.6774691358024693
0 0.06684027777777773 0.6728395061728395 0.1831597222222222 0.6774691358024691 0.1953125 0.8688271604938271 0.08072916666666664 0.8611111111111112
0 0.18402777777777773 0.6805555555555555 0.3020833333333333 0.683641975308642 0.31076388888888895 0.8719135802469135 0.19444444444444445 0.8672839506172838
0 0.3029513888888889 0.6790123456790123 0.4210069444444444 0.6790123456790123 0.4244791666666667 0.8688271604938271 0.3116319444444445 0.8641975308641975
0 0.5963541666666665 0.40432098765432095 0.6015625 0.23302469135802464 0.7465277777777778 0.23302469135802464 0.7395833333333334 0.40432098765432095
0 0.7404513888888888 0.41049382716049376 0.748263888888889 0.24074074074074064 0.8975694444444445 0.23919753086419757 0.8854166666666666 0.4104938271604938
0 0.8854166666666665 0.4135802469135802 0.8984374999999999 0.24382716049382713 1 0.2407407407407407 0.9986916666666124 0.28086419753086417 0.9882749999999457 0.41203703703703703
0 0.595045833333279 0.5632716049382716 0.5993861111110569 0.4027777777777779 0.7391430555555013 0.40432098765432095 0.7330666666666124 0.5648148148148148
0 0.7339347222221679 0.5679012345679013 0.7382749999999457 0.4074074074074074 0.88584444444439 0.41203703703703703 0.8736916666666124 0.5740740740740741
0 0.8736916666666124 0.5725308641975309 0.8884486111110569 0.4135802469135803 0.9900111111110569 0.4151234567901234 0.9769902777777234 0.5740740740740741
0 0.5924416666666125 0.7145061728395061 0.5976499999999457 0.5632716049382717 0.7321986111110569 0.5679012345679013 0.726122222222168 0.7175925925925926
0 0.7261222222221679 0.7191358024691358 0.7330666666666124 0.5679012345679013 0.8728236111110568 0.5709876543209876 0.86240694444439 0.7222222222222222
0 0.8632749999999457 0.7253086419753085 0.8736916666666125 0.574074074074074 0.9761222222221679 0.5771604938271605 0.9631013888888346 0.7268518518518517
0 0.5881013888888345 0.8564814814814815 0.5933097222221678 0.7175925925925926 0.727858333333279 0.720679012345679 0.7209138888888346 0.8611111111111112
0 0.7209138888888346 0.8626543209876544 0.7269902777777236 0.720679012345679 0.8580666666666124 0.7222222222222222 0.8502541666666125 0.8626543209876543
0 0.852858333333279 0.8734567901234569 0.8624069444443901 0.7253086419753086 0.9613652777777235 0.7283950617283951 0.9500805555555013 0.8734567901234569