0 0.13802083333333334 0.6419753086419754 0.12586805555555558 0.4490740740740742 0 0.44907407407407407 0 0.595679012345679 0.005208333333333348 0.6419753086419753
0 0.1371527777777778 0.6419753086419754 0.125 0.45061728395061734 0.26736111111111105 0.45061728395061723 0.2734375 0.6435185185185185
0 0.27343750000000006 0.6450617283950618 0.2664930555555555 0.45061728395061734 0.4053819444444444 0.45061728395061734 0.40798611111111105 0.6450617283950618
0 0.027777777777777776 0.8209876543209877 0.011284722222222217 0.6419753086419754 0.1440972222222222 0.6450617283950618 0.15711805555555555 0.8271604938271605
0 0.1579861111111111 0.8271604938271604 0.14322916666666666 0.6435185185185184 0.2795138888888888 0.6435185185185184 0.2864583333333333 0.8240740740740742
0 0.2873263888888889 0.8240740740740741 0.2786458333333333 0.6419753086419754 0.41145833333333337 0.6419753086419754 0.4140625 0.8209876543209876
0 0.028645833333333332 0.8240740740740741 0.15625 0.822530864197531 0.16666666666666666 0.9907407407407409 0.04253472222222223 0.9861111111111112
0 0.15624999999999997 0.8271604938271604 0.2881944444444444 0.8256172839506172 0.2942708333333333 0.9907407407407409 0.16927083333333334 0.9891975308641977
0 0.2873263888888889 0.8194444444444446 0.4149305555555555 0.8194444444444446 0.41753472222222215 0.9907407407407407 0.29340277777777773 0.9876543209876542
0 0.5911458333333333 0.49537037037037024 0.59375 0.31172839506172845 0.704861111111111 0.3148148148148148 0.6979166666666666 0.4938271604938272
0 0.697048611111111 0.4922839506172839 0.7057291666666666 0.3132716049382717 0.8559027777777778 0.316358024691358 0.84375 0.4922839506172839
0 0.8446180555555557 0.48148148148148145 0.857638888888889 0.31172839506172845 1 0.31018518518518523 0.9991319444444444 0.35648148148148145 0.984375 0.4830246913580248
0 0.5859375 0.6604938271604939 0.5885416666666665 0.4938271604938272 0.6953125 0.4938271604938272 0.6883680555555556 0.6604938271604939
0 0.6901041666666666 0.6558641975308641 0.6961805555555556 0.49074074074074064 0.842013888888889 0.49074074074074076 0.8307291666666666 0.6558641975308642
0 0.8298611111111109 0.6527777777777777 0.8428819444444444 0.48456790123456794 0.986111111111111 0.48302469135802467 0.9696180555555557 0.648148148148148
0 0.5824652777777778 0.8225308641975307 0.5859375 0.6620370370370371 0.689236111111111 0.6620370370370371 0.681423611111111 0.8240740740740742
0 0.6822916666666665 0.8194444444444446 0.6909722222222222 0.6604938271604939 0.8315972222222222 0.6574074074074076 0.8203125 0.8101851851851853
0 0.8229166666666666 0.8070987654320988 0.8324652777777778 0.6527777777777779 0.96875 0.6512345679012346 0.9574652777777778 0.8024691358024691
0 0.5755208333333333 0.978395061728395 0.5815972222222222 0.8240740740740741 0.6822916666666666 0.8225308641975309 0.6770833333333334 0.9737654320987653
0 0.6779513888888888 0.970679012345679 0.6831597222222222 0.8148148148148149 0.822048611111111 0.8101851851851853 0.810763888888889 0.9567901234567903
0 0.8125000000000001 0.9537037037037039 0.8237847222222222 0.8055555555555557 0.954861111111111 0.8040123456790125 0.9418402777777778 0.9490740740740741
1 0.4661458333333333 0.3425925925925926 0.46614583333333337 0.23148148148148143 0.5503472222222222 0.2268518518518518 0.5494791666666666 0.33796296296296297
1 0.4703146383665716 0.44516342606267906 0.4697282111366881 0.3409096963056113 0.5500687416307284 0.33882462171046995 0.5483094599410779 0.44516342606267906
1 0.4720739200562222 0.5442044693318933 0.4714874928263386 0.4472485006578204 0.5471366054813108 0.44412088876510836 0.5447908965617768 0.5442044693318933
1 0.47324677451598907 0.6401179007083955 0.4732467745159891 0.5431619320343226 0.5453773237916604 0.5442044693318931 0.5453773237916604 0.6401179007083955
1 0.15133455328815557 0.22775101088910543 0.23599200141469806 0.23041476540242833 0.23898872524218626 0.3116592780587758 0.15657881998625997 0.3143230325720987
1 0.23749036332844223 0.22775101088910543 0.32139863049811257 0.2290828881457668 0.32364617336872875 0.30633176903213016 0.23898872524218628 0.31032740080211446
1 0.32364617336872875 0.22908288814576683 0.40605607862465504 0.23307851991575118 0.40605607862465504 0.3089955235454529 0.32364617336872875 0.3063317690321301