0 0.29079861111111105 0.7546296296296295 0.3029513888888889 0.5046296296296295 0.3003472222222222 0.5 0.3038194444444444 0.4598765432098766 0.34548611111111105 0.45061728395061723 0.39236111111111105 0.45679012345679004 0.4201388888888889 0.48302469135802467 0.4227430555555556 0.5246913580246914 0.4201388888888889 0.5354938271604938 0.40798611111111105 0.7515432098765432
0 0.15364583333333331 0.7546296296296295 0.16927083333333331 0.5015432098765433 0.16579861111111108 0.49537037037037024 0.16579861111111108 0.4675925925925926 0.17881944444444445 0.44907407407407407 0.2309027777777778 0.44444444444444453 0.2708333333333333 0.45679012345679015 0.29340277777777773 0.4691358024691359 0.2760416666666667 0.757716049382716
0 0.02083333333333335 0.7391975308641977 0.04340277777777777 0.49537037037037035 0.0390625 0.48765432098765427 0.04427083333333335 0.4537037037037036 0.06770833333333333 0.43672839506172834 0.09635416666666667 0.43672839506172845 0.1310763888888889 0.4490740740740742 0.15017361111111113 0.46296296296296297 0.15711805555555555 0.4876543209876544 0.13541666666666666 0.7484567901234568
0 0.30902777777777773 0.45679012345679004 0.3185763888888889 0.24228395061728392 0.3151041666666667 0.2407407407407407 0.31423611111111105 0.21296296296296302 0.34114583333333337 0.19444444444444434 0.3723958333333333 0.19290123456790123 0.4123263888888889 0.21141975308641978 0.4253472222222222 0.24537037037037038 0.4227430555555555 0.27623456790123463 0.4192708333333333 0.2962962962962963 0.4123263888888889 0.47376543209876537 0.3958333333333333 0.4583333333333332 0.3585069444444444 0.44907407407407407 0.3255208333333333 0.4552469135802469 0.3133680555555555 0.45987654320987653
0 0.17621527777777773 0.44907407407407407 0.19097222222222224 0.2345679012345679 0.18402777777777776 0.2345679012345679 0.18315972222222224 0.21296296296296297 0.19097222222222224 0.1944444444444444 0.21961805555555555 0.17901234567901228 0.2552083333333333 0.18055555555555544 0.28559027777777773 0.19598765432098755 0.3038194444444444 0.21759259259259248 0.30642361111111105 0.24537037037037027 0.3020833333333333 0.25925925925925913 0.29079861111111105 0.4660493827160493 0.2682291666666667 0.45370370370370366 0.24045138888888887 0.4459876543209877 0.21006944444444448 0.44135802469135804
0 0.04687499999999999 0.4475308641975308 0.06336805555555554 0.24845679012345678 0.05729166666666665 0.2391975308641975 0.06336805555555554 0.18981481481481477 0.08333333333333331 0.17592592592592593 0.1154513888888889 0.17129629629629625 0.14930555555555555 0.18827160493827158 0.1736111111111111 0.2067901234567901 0.17534722222222224 0.24845679012345678 0.15451388888888892 0.46296296296296285 0.12413194444444445 0.4444444444444445 0.09288194444444448 0.43518518518518523 0.06597222222222225 0.4429012345679012
0 0.5928819444444444 0.7499999999999999 0.592013888888889 0.5817901234567902 0.7387152777777778 0.5802469135802468 0.748263888888889 0.7515432098765431
0 0.7491319444444443 0.7530864197530863 0.7395833333333334 0.5802469135802468 0.8897569444444445 0.5802469135802468 0.9036458333333335 0.7530864197530862
0 0.9036458333333333 0.7546296296296295 0.8897569444444445 0.5787037037037035 0.9887152777777776 0.580246913580247 1 0.6929012345679014 1 0.7500000000000001
0 0.5902777777777778 0.5879629629629629 0.584201388888889 0.41203703703703715 0.7317708333333334 0.41203703703703703 0.7395833333333334 0.58179012345679
0 0.7395833333333333 0.5787037037037036 0.7326388888888888 0.4074074074074075 0.876736111111111 0.41049382716049376 0.8880208333333334 0.5802469135802469
0 0.8897569444444445 0.5802469135802469 0.875 0.4089506172839507 0.9739583333333335 0.4135802469135802 0.9895833333333334 0.5833333333333333
0 0.5850694444444444 0.4135802469135802 0.5815972222222221 0.24691358024691354 0.7213541666666666 0.24691358024691354 0.7317708333333334 0.4135802469135802
0 0.7317708333333334 0.4089506172839506 0.7230902777777778 0.24537037037037032 0.8602430555555556 0.24845679012345678 0.8741319444444444 0.4089506172839506
0 0.875 0.4074074074074075 0.8611111111111109 0.25 0.9565972222222222 0.2546296296296297 0.9730902777777778 0.41820987654320996
0 0.5815972222222221 0.24845679012345678 0.578125 0.09722222222222228 0.7144097222222222 0.09567901234567905 0.7222222222222222 0.24537037037037038
0 0.7222222222222221 0.24228395061728392 0.7152777777777778 0.09104938271604937 0.8480902777777776 0.0972222222222222 0.8611111111111112 0.24845679012345673
0 0.8619791666666665 0.24999999999999994 0.8480902777777776 0.09567901234567897 0.9427083333333334 0.10493827160493831 0.954861111111111 0.25462962962962965