0 0.6024305555555555 0.1774691358024691 0.6006944444444445 0.055555555555555566 0.6901041666666666 0.061728395061728385 0.6944444444444444 0.18827160493827155
0 0.6944444444444443 0.18827160493827158 0.6918402777777778 0.06172839506172844 0.7786458333333334 0.06635802469135807 0.7890625 0.19290123456790126
0 0.7890625 0.19135802469135804 0.7786458333333334 0.06790123456790127 0.8671875 0.07253086419753087 0.8741319444444443 0.1898148148148148
0 0.5312499999999999 0.17592592592592587 0.6180555555555556 0.18518518518518515 0.623263888888889 0.30246913580246915 0.53125 0.29938271604938277
0 0.6223958333333333 0.18364197530864196 0.7109375 0.19135802469135804 0.7144097222222222 0.3055555555555556 0.625 0.30246913580246915
0 0.7109374999999999 0.19290123456790123 0.7977430555555555 0.19290123456790126 0.8090277777777778 0.3148148148148148 0.7161458333333333 0.3101851851851852
0 0.800347222222222 0.19290123456790123 0.8862847222222222 0.20061728395061726 0.8958333333333334 0.3271604938271605 0.8081597222222221 0.316358024691358
0 0.5303819444444444 0.29938271604938277 0.6258680555555556 0.3024691358024692 0.6284722222222222 0.44598765432098775 0.53125 0.4429012345679012
0 0.6249999999999999 0.2993827160493827 0.720486111111111 0.3070987654320987 0.7274305555555555 0.4521604938271605 0.6284722222222222 0.4475308641975308
0 0.7187499999999999 0.30864197530864196 0.8133680555555556 0.31944444444444436 0.822048611111111 0.455246913580247 0.7274305555555556 0.4490740740740742
0 0.8142361111111109 0.31481481481481477 0.8984375 0.32098765432098764 0.9088541666666665 0.45987654320987653 0.8229166666666665 0.455246913580247
0 0.5338541666666666 0.5925925925925926 0.5338541666666665 0.4444444444444444 0.631076388888889 0.4475308641975309 0.6354166666666666 0.5987654320987655
0 0.6354166666666665 0.5987654320987654 0.6302083333333334 0.44290123456790137 0.7282986111111109 0.45061728395061734 0.7335069444444444 0.6003086419753084
0 0.7335069444444444 0.5987654320987655 0.7291666666666665 0.4475308641975309 0.8237847222222222 0.4537037037037037 0.8333333333333334 0.6033950617283951
0 0.8342013888888888 0.6003086419753085 0.8229166666666665 0.4537037037037037 0.9131944444444444 0.45679012345679015 0.9253472222222222 0.6049382716049382
0 0.5355902777777779 0.7469135802469136 0.5338541666666666 0.5925925925925926 0.6371527777777778 0.5910493827160492 0.6414930555555556 0.7515432098765433
0 0.642361111111111 0.7499999999999999 0.6371527777777778 0.5941358024691358 0.7352430555555555 0.6018518518518519 0.7447916666666667 0.7484567901234567
0 0.7447916666666666 0.7453703703703703 0.7343749999999999 0.6033950617283951 0.8359375 0.6064814814814814 0.84375 0.7499999999999999
0 0.8446180555555555 0.75 0.8368055555555556 0.6018518518518519 0.9253472222222222 0.6018518518518519 0.9375 0.7484567901234567
0 0.5104166666666666 0.25617283950617287 0.5095486111111112 0.1512345679012346 0.5868055555555555 0.15432098765432103 0.5885416666666666 0.17901234567901236 0.529513888888889 0.17592592592592596
0 0.041666666666666664 0.20216049382716045 0.06423611111111112 0.17901234567901234 0.12239583333333334 0.17592592592592593 0.16232638888888887 0.18672839506172847 0.14236111111111108 0.43672839506172834 0.10416666666666664 0.4228395061728395 0.05208333333333332 0.4228395061728395 0.025173611111111115 0.4305555555555556 0.04340277777777778 0.24074074074074073 0.03472222222222223 0.23148148148148148 0.04079861111111112 0.20216049382716048
0 0.16232638888888887 0.43209876543209874 0.18055555555555555 0.18209876543209877 0.2230902777777778 0.17283950617283952 0.26909722222222215 0.18981481481481483 0.2838541666666667 0.21296296296296297 0.2708333333333333 0.43981481481481477 0.23263888888888884 0.42592592592592593 0.1788194444444444 0.4228395061728395
0 0.2838541666666667 0.44444444444444436 0.3020833333333333 0.21450617283950613 0.3315972222222222 0.18518518518518517 0.3723958333333333 0.19444444444444445 0.3958333333333333 0.22839506172839508 0.4019097222222222 0.2777777777777778 0.39496527777777773 0.2824074074074074 0.3862847222222222 0.4645061728395061 0.35590277777777773 0.44753086419753085 0.31423611111111105 0.43981481481481477
0 0.01475694444444445 0.478395061728395 0.018229166666666668 0.44290123456790126 0.05208333333333335 0.42592592592592604 0.10156249999999997 0.425925925925926 0.1397569444444444 0.4490740740740742 0.140625 0.48148148148148157 0.13541666666666666 0.49845679012345673 0.12239583333333333 0.7222222222222223 0.07204861111111113 0.7237654320987655 0.0034722222222222173 0.7160493827160495
0 0.140625 0.7129629629629629 0.15885416666666666 0.48765432098765427 0.15104166666666666 0.47376543209876537 0.15625 0.43672839506172834 0.1875 0.42592592592592593 0.22135416666666666 0.4274691358024691 0.2638888888888889 0.43827160493827166 0.26388888888888884 0.4799382716049382 0.24913194444444445 0.720679012345679 0.1475694444444444 0.7175925925925927
0 0.26736111111111105 0.7175925925925926 0.2795138888888889 0.4876543209876544 0.2769097222222222 0.48148148148148145 0.28125000000000006 0.4490740740740742 0.33940972222222227 0.4444444444444444 0.3862847222222222 0.4691358024691358 0.3949652777777778 0.5092592592592593 0.3923611111111111 0.5216049382716049 0.38888888888888895 0.5231481481481481 0.3758680555555556 0.7361111111111112 0.3376736111111111 0.7237654320987655