0 0.0685763888888889 0.6543209876543209 0.18142361111111113 0.648148148148148 0.19270833333333334 0.8595679012345679 0.08159722222222222 0.8657407407407408
0 0.17968749999999997 0.648148148148148 0.29079861111111105 0.6404320987654322 0.30034722222222227 0.8487654320987654 0.1935763888888889 0.8564814814814816
0 0.2925347222222222 0.6466049382716049 0.40017361111111105 0.6404320987654322 0.4019097222222222 0.8410493827160493 0.2994791666666667 0.8503086419753086
0 0.0685763888888889 0.6527777777777777 0.0503472222222222 0.43209876543209874 0.16666666666666663 0.43055555555555564 0.18142361111111113 0.6512345679012346
0 0.17968749999999997 0.6466049382716048 0.16840277777777776 0.42901234567901225 0.28472222222222227 0.42592592592592604 0.2916666666666667 0.6419753086419754
0 0.2916666666666667 0.6388888888888888 0.2847222222222222 0.42438271604938277 0.3975694444444444 0.4197530864197531 0.4010416666666667 0.6404320987654322
0 0.05381944444444444 0.42438271604938266 0.03125 0.1805555555555555 0.1527777777777778 0.1790123456790124 0.16840277777777776 0.42746913580246915
0 0.1675347222222222 0.42592592592592593 0.15364583333333331 0.18055555555555555 0.27517361111111105 0.17746913580246915 0.28559027777777773 0.4243827160493827
0 0.2855902777777778 0.4212962962962963 0.2760416666666667 0.1790123456790124 0.3949652777777778 0.1774691358024692 0.3993055555555556 0.4197530864197531
0 0.6067708333333333 0.3503086419753086 0.6085069444444444 0.16820987654320985 0.756076388888889 0.16512345679012355 0.748263888888889 0.34259259259259267
0 0.7526041666666665 0.3410493827160493 0.756076388888889 0.1666666666666666 0.9027777777777778 0.15895061728395057 0.890625 0.3348765432098766
0 0.8923611111111109 0.33796296296296297 0.9027777777777776 0.16049382716049382 1 0.15586419753086422 1 0.20524691358024694 0.9895833333333335 0.33333333333333337
0 0.6093749999999999 0.5108024691358024 0.609375 0.34259259259259267 0.751736111111111 0.34259259259259267 0.7456597222222222 0.5030864197530864
0 0.7491319444444443 0.5030864197530863 0.7508680555555556 0.337962962962963 0.8923611111111112 0.3379629629629631 0.8854166666666667 0.5
0 0.8845486111111109 0.49691358024691357 0.892361111111111 0.33333333333333337 0.9887152777777778 0.33179012345679004 0.9765625 0.49537037037037035
0 0.6059027777777778 0.662037037037037 0.609375 0.5092592592592592 0.7465277777777778 0.5061728395061728 0.7413194444444445 0.6604938271604938
0 0.7421875 0.6604938271604938 0.7491319444444444 0.5 0.8828125000000001 0.49845679012345673 0.8776041666666666 0.6527777777777777
0 0.8784722222222222 0.6512345679012345 0.884548611111111 0.49845679012345684 0.978298611111111 0.49537037037037035 0.96875 0.6481481481481483
0 0.607638888888889 0.8101851851851853 0.6119791666666666 0.6651234567901236 0.7456597222222221 0.6635802469135803 0.7395833333333333 0.814814814814815
0 0.7387152777777778 0.814814814814815 0.743923611111111 0.6589506172839507 0.8767361111111109 0.6512345679012347 0.865451388888889 0.8086419753086419
0 0.865451388888889 0.8055555555555558 0.8776041666666666 0.6496913580246916 0.9678819444444444 0.6435185185185185 0.9539930555555556 0.8009259259259259