0 0.6371527777777776 0.3132716049382716 0.6328125 0.10648148148148154 0.7378472222222222 0.1018518518518519 0.7465277777777776 0.31327160493827166
0 0.7465277777777776 0.31481481481481477 0.7387152777777778 0.10030864197530867 0.845486111111111 0.09876543209876545 0.8567708333333334 0.31481481481481477
0 0.8559027777777776 0.3132716049382716 0.8446180555555556 0.10339506172839513 0.9453125000000001 0.10185185185185185 0.9618055555555556 0.308641975308642
0 0.6397569444444444 0.5339506172839507 0.6362847222222222 0.3117283950617284 0.7456597222222222 0.31172839506172834 0.7543402777777778 0.5385802469135803
0 0.7517361111111109 0.5354938271604938 0.743923611111111 0.31172839506172845 0.8567708333333333 0.31172839506172845 0.868923611111111 0.537037037037037
0 0.8706597222222221 0.5354938271604938 0.8567708333333333 0.31172839506172834 0.9626736111111109 0.30709876543209874 0.9826388888888891 0.529320987654321
0 0.6440972222222221 0.5339506172839505 0.7569444444444444 0.5339506172839505 0.767361111111111 0.7700617283950617 0.650173611111111 0.7700617283950618
0 0.7586805555555556 0.5354938271604939 0.8758680555555556 0.5354938271604939 0.890625 0.7716049382716049 0.7699652777777778 0.7685185185185184
0 0.8767361111111109 0.5339506172839505 0.9852430555555555 0.5339506172839505 1 0.6867283950617283 1 0.7685185185185185 0.8914930555555557 0.7700617283950618
1 0.5329861111111112 0.5324074074074073 0.5321180555555556 0.404320987654321 0.5972222222222222 0.4027777777777779 0.6006944444444445 0.5324074074074073
1 0.5347222222222221 0.6805555555555555 0.5347222222222222 0.5308641975308641 0.6041666666666666 0.5339506172839507 0.599826388888889 0.6790123456790124
1 0.5381944444444444 0.8209876543209875 0.5373263888888888 0.6820987654320989 0.5980902777777779 0.6774691358024693 0.5972222222222222 0.7314814814814815 0.5876736111111112 0.7669753086419754 0.5833333333333334 0.7716049382716049 0.5659722222222222 0.822530864197531
0 0.03298611111111112 0.7438271604938274 0.04861111111111112 0.5185185185185184 0.04600694444444445 0.5108024691358025 0.04861111111111112 0.4691358024691359 0.06857638888888888 0.4583333333333333 0.10156249999999999 0.4537037037037036 0.171875 0.4814814814814814 0.15538194444444445 0.7654320987654322 0.031250000000000014 0.7561728395061729
0 0.059027777777777755 0.4614197530864198 0.07204861111111112 0.24999999999999994 0.07031249999999999 0.24382716049382713 0.07378472222222222 0.20987654320987667 0.09114583333333331 0.19598765432098766 0.1284722222222222 0.19598765432098766 0.1605902777777778 0.2037037037037037 0.18923611111111108 0.22530864197530867 0.1727430555555556 0.47839506172839513 0.1449652777777778 0.4675925925925926 0.10069444444444449 0.455246913580247
0 0.18836805555555555 0.4660493827160493 0.20052083333333334 0.26543209876543206 0.19444444444444445 0.26080246913580246 0.20225694444444448 0.21450617283950624 0.2265625 0.2006172839506172 0.25781250000000006 0.20370370370370375 0.3020833333333333 0.22222222222222227 0.3125 0.23302469135802475 0.2994791666666667 0.4861111111111111 0.2760416666666667 0.47067901234567905 0.23263888888888887 0.4598765432098766 0.20399305555555552 0.46296296296296297
0 0.1788194444444444 0.5138888888888887 0.17795138888888887 0.5015432098765433 0.18663194444444445 0.47067901234567905 0.21788194444444445 0.4583333333333332 0.2708333333333333 0.46296296296296285 0.3038194444444444 0.4922839506172839 0.3038194444444444 0.5262345679012346 0.28472222222222227 0.7716049382716049 0.1701388888888889 0.7623456790123456
0 0.3038194444444444 0.7669753086419755 0.3142361111111111 0.5246913580246914 0.3090277777777778 0.5231481481481481 0.3116319444444445 0.486111111111111 0.33767361111111105 0.47376543209876537 0.3975694444444445 0.47685185185185175 0.42361111111111105 0.49537037037037024 0.4305555555555555 0.5324074074074073 0.4288194444444444 0.5648148148148147 0.4149305555555555 0.7685185185185185
0 0.32204861111111105 0.47685185185185186 0.3315972222222222 0.2592592592592592 0.3289930555555555 0.24845679012345678 0.33246527777777773 0.21913580246913586 0.37065972222222227 0.21450617283950624 0.4071180555555555 0.22222222222222227 0.43229166666666663 0.25000000000000006 0.43663194444444436 0.2885802469135803 0.42187499999999994 0.4876543209876544 0.39149305555555547 0.4737654320987655 0.34895833333333326 0.4691358024691359