0 0 0.662037037037037 0.011284722222222203 0.5601851851851852 0.1623263888888889 0.5725308641975309 0.15104166666666666 0.742283950617284 0 0.7469135802469137
0 0.15017361111111108 0.7407407407407406 0.16145833333333334 0.5679012345679014 0.3116319444444444 0.5787037037037037 0.30642361111111105 0.7453703703703703
0 0.3072916666666667 0.7438271604938272 0.3142361111111111 0.5756172839506174 0.41840277777777773 0.5787037037037036 0.41579861111111105 0.7484567901234568
0 0.012152777777777783 0.5632716049382716 0.03211805555555554 0.4012345679012345 0.1736111111111111 0.4089506172839507 0.16232638888888887 0.5725308641975309
0 0.17274305555555552 0.4074074074074074 0.31857638888888895 0.41512345679012347 0.3116319444444444 0.5787037037037036 0.16145833333333334 0.5694444444444443
0 0.3185763888888889 0.4135802469135802 0.4210069444444444 0.41820987654320996 0.41840277777777773 0.5771604938271604 0.3116319444444444 0.5740740740740741
0 0.028645833333333332 0.3996913580246914 0.04340277777777777 0.24382716049382724 0.18315972222222224 0.2515432098765432 0.17447916666666666 0.4104938271604938
0 0.17447916666666663 0.4089506172839506 0.1840277777777778 0.24845679012345684 0.32465277777777773 0.2577160493827161 0.3185763888888889 0.41820987654320996
0 0.3194444444444444 0.4166666666666667 0.32465277777777773 0.25308641975308643 0.4236111111111111 0.25925925925925924 0.4210069444444444 0.4197530864197531
0 0.04166666666666665 0.24382716049382713 0.05815972222222222 0.09104938271604938 0.19097222222222224 0.10339506172839502 0.1840277777777778 0.25308641975308643
0 0.18315972222222224 0.2469135802469136 0.19270833333333337 0.09722222222222228 0.3307291666666667 0.10956790123456793 0.3237847222222222 0.25462962962962965
0 0.3229166666666667 0.25462962962962954 0.3289930555555556 0.10648148148148157 0.4270833333333333 0.11419753086419751 0.42361111111111105 0.25925925925925924
0 0.6388888888888888 0.2993827160493827 0.6328125 0.10339506172839508 0.7343749999999999 0.10648148148148154 0.743923611111111 0.3024691358024691
0 0.7439236111111109 0.3055555555555555 0.732638888888889 0.10802469135802466 0.8350694444444444 0.10956790123456786 0.8472222222222222 0.308641975308642
0 0.8498263888888891 0.31018518518518506 0.8342013888888891 0.11111111111111113 0.9288194444444445 0.11882716049382715 0.9427083333333335 0.3101851851851852
0 0.6423611111111109 0.513888888888889 0.638888888888889 0.30092592592592593 0.7465277777777778 0.30401234567901236 0.7543402777777778 0.5185185185185185
0 0.7552083333333333 0.5185185185185184 0.7447916666666666 0.300925925925926 0.8472222222222222 0.30864197530864196 0.861111111111111 0.5200617283950617
0 0.8619791666666666 0.5200617283950618 0.8463541666666666 0.3132716049382717 0.9418402777777778 0.3101851851851851 0.9618055555555557 0.5185185185185185
0 0.6493055555555555 0.7438271604938271 0.6449652777777778 0.5108024691358025 0.7543402777777778 0.5169753086419754 0.765625 0.7438271604938272
0 0.7647569444444443 0.7407407407407406 0.7534722222222222 0.5200617283950617 0.8619791666666667 0.5185185185185184 0.8784722222222224 0.7438271604938272
0 0.8767361111111109 0.7422839506172839 0.8637152777777778 0.5231481481481481 0.9609375000000001 0.5216049382716049 0.9835069444444444 0.7453703703703703
1 0.46968908976545254 0.505877624662223 0.4704509536580161 0.4036185599714657 0.5641602124433375 0.4036185599714657 0.5622555527119285 0.504523199964332
1 0.47083188560429784 0.6108455387487618 0.47007002171173423 0.504523199964332 0.5622555527119284 0.5052004123132775 0.5618746207656466 0.6081366893529802
1 0.47121281755057964 0.7124273910905736 0.47159374949686145 0.6074594770040348 0.5618746207656466 0.6074594770040348 0.5622555527119285 0.7131046034395192
1 0.4693081578191707 0.8356800385986387 0.4693081578191707 0.7124273910905736 0.5607318249268013 0.7124273910905736 0.5603508929805194 0.8072371199429313 0.5553987776788563 0.8201041545728942 0.5553987776788563 0.8343256139007479