0 0.5928819444444444 0.4074074074074074 0.5963541666666666 0.16049382716049387 0.7387152777777778 0.15895061728395063 0.732638888888889 0.404320987654321
0 0.7335069444444443 0.4027777777777778 0.740451388888889 0.15586419753086422 0.845486111111111 0.15277777777777782 0.8350694444444444 0.3966049382716049
0 0.8437499999999999 0.4012345679012345 0.8559027777777776 0.15123456790123455 1 0.15586419753086422 1 0.19444444444444445 0.984375 0.40277777777777785
0 0.5920138888888888 0.6342592592592592 0.59375 0.4089506172839506 0.7335069444444444 0.40432098765432095 0.7256944444444444 0.6296296296296297
0 0.7256944444444443 0.6265432098765432 0.7335069444444444 0.40123456790123463 0.8446180555555556 0.3996913580246914 0.8289930555555556 0.625
0 0.8307291666666667 0.6265432098765433 0.8446180555555556 0.40432098765432095 0.9835069444444445 0.40432098765432095 0.9644097222222221 0.6280864197530864
0 0.5902777777777779 0.8379629629629629 0.5928819444444445 0.6327160493827161 0.7256944444444444 0.6280864197530864 0.7161458333333334 0.8317901234567902
0 0.7178819444444444 0.8287037037037039 0.724826388888889 0.6250000000000001 0.829861111111111 0.625 0.8185763888888891 0.8287037037037039
0 0.8203125 0.8287037037037037 0.8298611111111109 0.6265432098765432 0.9600694444444444 0.6311728395061728 0.9470486111111112 0.8410493827160493
0 0.05468749999999999 0.3549382716049382 0.07031249999999997 0.36111111111111116 0.12152777777777773 0.35802469135802467 0.1605902777777778 0.35339506172839513 0.1753472222222222 0.5879629629629629 0.1501736111111111 0.6018518518518519 0.10069444444444446 0.6111111111111112 0.07118055555555557 0.6003086419753086
0 0.1675347222222222 0.3549382716049382 0.18836805555555552 0.36265432098765427 0.2282986111111111 0.3626543209876544 0.2690972222222222 0.3487654320987655 0.28472222222222227 0.5864197530864197 0.2664930555555555 0.6033950617283951 0.23697916666666663 0.6157407407407407 0.1944444444444444 0.6141975308641975 0.1788194444444444 0.5987654320987655
0 0.2769097222222222 0.35956790123456783 0.31423611111111105 0.37037037037037035 0.3645833333333333 0.3580246913580246 0.38802083333333337 0.3472222222222222 0.3967013888888889 0.5833333333333334 0.3723958333333333 0.6064814814814814 0.32465277777777773 0.617283950617284 0.2864583333333333 0.595679012345679
0 0.07465277777777776 0.6064814814814815 0.10850694444444443 0.6157407407407407 0.1493055555555556 0.6095679012345679 0.1762152777777778 0.5941358024691359 0.18923611111111113 0.8117283950617284 0.16579861111111113 0.8333333333333334 0.14409722222222227 0.8395061728395061 0.11718750000000001 0.8364197530864198 0.09461805555555558 0.8194444444444445 0.08680555555555558 0.79320987654321
0 0.18055555555555552 0.6018518518518517 0.20746527777777776 0.6188271604938272 0.23958333333333334 0.617283950617284 0.26996527777777773 0.6033950617283951 0.28559027777777773 0.5895061728395062 0.2977430555555556 0.8009259259259258 0.28125 0.8194444444444445 0.2621527777777778 0.8302469135802469 0.23090277777777776 0.8333333333333336 0.20659722222222218 0.8256172839506174 0.1944444444444444 0.814814814814815
0 0.29079861111111105 0.5987654320987654 0.3116319444444444 0.6111111111111112 0.33246527777777773 0.6080246913580247 0.35677083333333337 0.6080246913580247 0.38454861111111105 0.5987654320987655 0.39496527777777773 0.5879629629629629 0.4019097222222222 0.8040123456790124 0.38454861111111105 0.8240740740740741 0.3671875 0.8317901234567902 0.3368055555555555 0.8348765432098764 0.3107638888888889 0.8302469135802468 0.29861111111111105 0.8070987654320986
1 0.20659722222222218 0.24228395061728392 0.20052083333333334 0.1342592592592593 0.26909722222222227 0.12962962962962962 0.2734375 0.24537037037037038
1 0.2725694444444444 0.24382716049382713 0.26996527777777773 0.12962962962962962 0.3385416666666667 0.12808641975308643 0.3428819444444444 0.24382716049382713
1 0.34201388888888895 0.24228395061728403 0.3385416666666667 0.12808641975308646 0.40798611111111105 0.13117283950617287 0.40798611111111105 0.24537037037037032