0 0.626736111111111 0.2962962962962962 0.6223958333333334 0.09876543209876545 0.7777777777777778 0.09722222222222228 0.7881944444444444 0.2962962962962963
0 0.7777777777777776 0.10339506172839498 0.8715277777777779 0.10185185185185193 0.8828124999999999 0.29938271604938277 0.7864583333333333 0.2962962962962963
0 0.8819444444444445 0.2978395061728395 0.8706597222222224 0.1018518518518519 0.9609375 0.1003086419753087 0.9774305555555556 0.2978395061728395
0 0.6293402777777778 0.513888888888889 0.625 0.29783950617283955 0.7864583333333334 0.2947530864197532 0.7994791666666666 0.5123456790123456
0 0.7977430555555556 0.5092592592592593 0.7864583333333334 0.29475308641975306 0.8828125 0.2947530864197532 0.8958333333333334 0.5123456790123456
0 0.8967013888888891 0.5108024691358025 0.8819444444444444 0.2947530864197532 0.9774305555555556 0.29475308641975306 0.9939236111111112 0.5092592592592592
0 0.6241319444444443 0.5123456790123456 0.7942708333333333 0.5138888888888888 0.8055555555555556 0.7438271604938272 0.6258680555555556 0.742283950617284
0 0.7951388888888888 0.5123456790123456 0.8940972222222222 0.5123456790123457 0.9105902777777776 0.7438271604938272 0.8046875000000001 0.7438271604938272
0 0.8949652777777776 0.5108024691358024 0.9930555555555556 0.5092592592592593 1 0.5879629629629629 1 0.7391975308641976 0.9097222222222222 0.7422839506172839
0 0.33767361111111105 0.49845679012345673 0.4670138888888889 0.5030864197530863 0.46527777777777773 0.7345679012345679 0.32986111111111105 0.7330246913580247
0 0.2048611111111111 0.49845679012345673 0.33593750000000006 0.49845679012345684 0.3289930555555555 0.7345679012345679 0.1883680555555556 0.7283950617283951
0 0.07638888888888887 0.4938271604938271 0.20486111111111113 0.4969135802469137 0.19097222222222224 0.7253086419753086 0.05729166666666668 0.7237654320987655
0 0.0755208333333333 0.4922839506172839 0.09201388888888885 0.28086419753086417 0.21527777777777782 0.28240740740740733 0.203125 0.49845679012345684
0 0.20312500000000003 0.49537037037037035 0.2152777777777778 0.27623456790123463 0.34375000000000006 0.2808641975308642 0.3350694444444444 0.4999999999999998
0 0.3368055555555555 0.49845679012345673 0.34375 0.279320987654321 0.46875 0.28240740740740733 0.46614583333333326 0.5015432098765432
0 0.0911458333333333 0.27777777777777773 0.10763888888888887 0.08179012345679015 0.22569444444444445 0.07716049382716048 0.21527777777777776 0.2808641975308642
0 0.21527777777777776 0.2762345679012346 0.2265625 0.0740740740740741 0.3463541666666667 0.07253086419753085 0.3402777777777778 0.27932098765432095
0 0.3394097222222222 0.27932098765432095 0.3463541666666667 0.07407407407407407 0.46874999999999994 0.07716049382716048 0.4661458333333333 0.28086419753086417