0 0.013888888888888885 0.24228395061728392 0.1484375 0.23765432098765435 0.16319444444444445 0.4074074074074074 0.0295138888888889 0.40895061728395066
0 0.15104166666666663 0.24382716049382713 0.2916666666666667 0.24537037037037038 0.29861111111111105 0.41203703703703703 0.1640625 0.4120370370370371
0 0.2916666666666667 0.24691358024691354 0.39496527777777773 0.24691358024691354 0.39843750000000006 0.4182098765432099 0.2994791666666667 0.4135802469135802
0 0.02864583333333335 0.4104938271604939 0.1640625 0.41049382716049376 0.17447916666666666 0.5663580246913581 0.04166666666666668 0.5648148148148148
0 0.17447916666666663 0.566358024691358 0.16319444444444445 0.4074074074074075 0.2994791666666667 0.41203703703703715 0.3046875 0.5725308641975309
0 0.3020833333333333 0.5771604938271604 0.2977430555555556 0.4135802469135803 0.39843750000000006 0.4166666666666668 0.40104166666666674 0.5756172839506174
0 0.044270833333333336 0.5632716049382716 0.1736111111111111 0.5632716049382716 0.1831597222222222 0.7098765432098765 0.05642361111111112 0.7083333333333333
0 0.17708333333333337 0.5632716049382717 0.3038194444444444 0.5663580246913581 0.3107638888888889 0.7191358024691359 0.18229166666666666 0.7114197530864198
0 0.3038194444444444 0.5725308641975307 0.4010416666666667 0.5709876543209877 0.40451388888888895 0.7237654320987655 0.30902777777777773 0.720679012345679
0 0.05555555555555554 0.7083333333333333 0.18489583333333334 0.7114197530864197 0.19010416666666669 0.853395061728395 0.06770833333333331 0.8487654320987653
0 0.18229166666666663 0.7083333333333333 0.30902777777777773 0.7145061728395061 0.3151041666666667 0.8595679012345679 0.19010416666666666 0.8564814814814816
0 0.3081597222222222 0.7160493827160493 0.4036458333333333 0.7222222222222222 0.40625 0.8611111111111113 0.31597222222222227 0.859567901234568
0 0.5329861111111112 0.8518518518518521 0.5338541666666665 0.7283950617283951 0.6223958333333334 0.7283950617283951 0.6215277777777778 0.8564814814814816
0 0.6215277777777776 0.853395061728395 0.623263888888889 0.7299382716049384 0.7144097222222222 0.7330246913580248 0.7109375 0.8533950617283951
0 0.7109375 0.853395061728395 0.7161458333333334 0.7283950617283951 0.8046875 0.736111111111111 0.7994791666666666 0.853395061728395
0 0.8012152777777778 0.8503086419753088 0.8046875 0.7330246913580247 0.8949652777777778 0.7330246913580247 0.8880208333333334 0.8533950617283951
0 0.5321180555555556 0.7268518518518517 0.53125 0.5941358024691359 0.6258680555555556 0.5941358024691358 0.6249999999999999 0.7330246913580246
0 0.623263888888889 0.7268518518518517 0.6258680555555556 0.595679012345679 0.71875 0.5972222222222222 0.7144097222222222 0.7299382716049383
0 0.7152777777777778 0.7253086419753085 0.71875 0.5941358024691358 0.8090277777777776 0.595679012345679 0.8038194444444444 0.7314814814814814
0 0.8038194444444444 0.7283950617283951 0.8107638888888888 0.595679012345679 0.9019097222222221 0.6003086419753086 0.8949652777777776 0.7268518518518519
0 0.5312499999999999 0.595679012345679 0.529513888888889 0.4537037037037037 0.6249999999999999 0.455246913580247 0.6241319444444444 0.5972222222222222
0 0.6223958333333333 0.5941358024691358 0.6258680555555556 0.45679012345679015 0.7196180555555556 0.455246913580247 0.7161458333333334 0.5941358024691359
0 0.7161458333333334 0.5910493827160493 0.720486111111111 0.45679012345679015 0.8159722222222224 0.4537037037037036 0.810763888888889 0.5941358024691359
0 0.8090277777777778 0.5925925925925924 0.8159722222222224 0.455246913580247 0.9105902777777776 0.455246913580247 0.9027777777777778 0.5941358024691359
0 0.5312499999999999 0.4537037037037036 0.5303819444444445 0.3101851851851851 0.625 0.30864197530864196 0.623263888888889 0.455246913580247
0 0.6241319444444444 0.45061728395061723 0.625 0.30555555555555564 0.7230902777777778 0.30709876543209885 0.71875 0.455246913580247
0 0.7204861111111112 0.4537037037037037 0.7230902777777778 0.3070987654320988 0.8203125 0.30555555555555564 0.8133680555555556 0.45216049382716045
0 0.8142361111111112 0.4521604938271605 0.8203125000000001 0.3055555555555556 0.9166666666666666 0.3070987654320988 0.9088541666666667 0.45370370370370366
0 0.5260416666666667 0.31018518518518506 0.5277777777777779 0.1481481481481481 0.625 0.14969135802469133 0.623263888888889 0.30864197530864196
0 0.623263888888889 0.31018518518518506 0.626736111111111 0.14814814814814814 0.7230902777777778 0.14660493827160498 0.7196180555555556 0.308641975308642
0 0.7204861111111109 0.30864197530864196 0.7239583333333333 0.14506172839506173 0.8255208333333335 0.14506172839506173 0.8177083333333335 0.30709876543209874
0 0.8177083333333335 0.3024691358024691 0.8263888888888891 0.14506172839506173 0.9244791666666667 0.15123456790123457 0.9140625000000001 0.30709876543209874