0 0.26996527777777773 0.8240740740740741 0.2769097222222222 0.6990740740740741 0.4097222222222222 0.7037037037037037 0.4053819444444444 0.8256172839506174
0 0.1467013888888889 0.8148148148148148 0.15625 0.6929012345679012 0.2760416666666667 0.699074074074074 0.2717013888888889 0.8194444444444444
0 0.015624999999999984 0.8117283950617284 0.026041666666666668 0.7037037037037037 0.15711805555555552 0.7021604938271606 0.14670138888888887 0.8194444444444446
0 0.2769097222222222 0.697530864197531 0.2838541666666667 0.5833333333333336 0.41145833333333337 0.58179012345679 0.41059027777777773 0.7006172839506174
0 0.15711805555555552 0.6959876543209875 0.16753472222222224 0.5787037037037036 0.2821180555555556 0.58179012345679 0.27690972222222215 0.6944444444444443
0 0.025173611111111115 0.7006172839506173 0.0390625 0.5802469135802468 0.1657986111111111 0.5833333333333334 0.15624999999999997 0.7006172839506172
0 0.03385416666666665 0.5771604938271605 0.04600694444444442 0.4691358024691359 0.17100694444444445 0.4691358024691358 0.1640625 0.5817901234567902
0 0.16493055555555552 0.5771604938271605 0.1701388888888889 0.4660493827160494 0.2821180555555556 0.47067901234567905 0.2786458333333333 0.5848765432098765
0 0.27777777777777773 0.5848765432098764 0.28559027777777773 0.4691358024691358 0.4088541666666667 0.4722222222222222 0.4088541666666667 0.5802469135802469
0 0.04253472222222222 0.46759259259259256 0.0529513888888889 0.3626543209876544 0.1753472222222222 0.36574074074074076 0.1701388888888889 0.46759259259259256
0 0.16579861111111113 0.4706790123456791 0.17274305555555555 0.367283950617284 0.2829861111111111 0.37037037037037035 0.27690972222222227 0.4722222222222223
0 0.27690972222222227 0.46759259259259256 0.28298611111111105 0.367283950617284 0.40625 0.367283950617284 0.4053819444444444 0.47067901234567905
0 0.2743055555555556 0.36882716049382713 0.2786458333333333 0.2561728395061728 0.4010416666666667 0.26388888888888884 0.3993055555555555 0.3688271604938271
0 0.27517361111111105 0.37037037037037024 0.28125 0.2561728395061729 0.17534722222222227 0.25462962962962976 0.1701388888888889 0.36882716049382724
0 0.1701388888888889 0.36574074074074076 0.17708333333333337 0.25462962962962976 0.05815972222222223 0.25771604938271603 0.04600694444444445 0.3626543209876543
0 0.584201388888889 0.8302469135802468 0.5833333333333333 0.6975308641975307 0.7309027777777778 0.7037037037037038 0.7352430555555556 0.8379629629629629
0 0.7343749999999999 0.8348765432098764 0.7300347222222222 0.6975308641975307 0.8368055555555555 0.6990740740740742 0.8463541666666665 0.8410493827160493
0 0.8472222222222222 0.8379629629629629 0.8385416666666667 0.7006172839506171 0.9401041666666666 0.70679012345679 0.953125 0.8425925925925928
0 0.5859375 0.6990740740740743 0.5859375 0.5787037037037036 0.7274305555555556 0.5833333333333333 0.7317708333333334 0.7021604938271604
0 0.7317708333333334 0.6959876543209875 0.7265624999999999 0.5802469135802468 0.8333333333333334 0.5848765432098765 0.8394097222222222 0.7021604938271604
0 0.8402777777777778 0.7006172839506172 0.8342013888888891 0.5833333333333334 0.9288194444444445 0.5910493827160493 0.9392361111111112 0.7098765432098765
0 0.5859374999999999 0.5787037037037036 0.5850694444444445 0.455246913580247 0.7213541666666666 0.46296296296296285 0.7265625 0.5833333333333334
0 0.7265625 0.574074074074074 0.7213541666666666 0.4583333333333332 0.8237847222222222 0.46296296296296285 0.8324652777777778 0.5817901234567899
0 0.8333333333333335 0.5833333333333333 0.8255208333333335 0.4660493827160493 0.9192708333333335 0.47067901234567905 0.927951388888889 0.5879629629629629
0 0.5833333333333333 0.45987654320987653 0.5824652777777779 0.34567901234567905 0.6796875 0.3503086419753086 0.6822916666666666 0.46141975308641964
0 0.6848958333333334 0.4614197530864197 0.6796875000000001 0.34567901234567905 0.7725694444444444 0.35648148148148134 0.775173611111111 0.46141975308641964
0 0.7725694444444444 0.35648148148148145 0.904513888888889 0.35339506172839513 0.9157986111111109 0.4691358024691359 0.7760416666666667 0.4583333333333333
0 0.587673611111111 0.24074074074074073 0.7144097222222222 0.24537037037037043 0.7196180555555556 0.35030864197530864 0.5850694444444444 0.34567901234567894
0 0.7161458333333333 0.24382716049382708 0.8090277777777778 0.25462962962962976 0.8159722222222222 0.35185185185185175 0.7213541666666666 0.35185185185185186
0 0.8090277777777778 0.25 0.8984375 0.25308641975308643 0.9088541666666665 0.35648148148148145 0.8142361111111109 0.3564814814814814
0 0.5885416666666666 0.24228395061728403 0.5885416666666666 0.13888888888888895 0.6788194444444444 0.13888888888888903 0.6805555555555556 0.24691358024691365
0 0.6805555555555556 0.24074074074074084 0.6788194444444444 0.1388888888888888 0.7699652777777778 0.14351851851851857 0.775173611111111 0.24537037037037032
0 0.775173611111111 0.24845679012345673 0.7708333333333334 0.1481481481481482 0.8880208333333335 0.15586419753086414 0.8984375000000001 0.25771604938271603