1 0.515131398507163 0.553025028622033 0.5165583552897314 0.4832626970298039 0.5950409783309889 0.4845311030587535 0.5921870647658523 0.5542934346509825
1 0.5921870647658523 0.5542934346509825 0.5950409783309889 0.4845311030587535 0.6642483822855524 0.4883363211456023 0.6613944687204156 0.5555618406799321
1 0.6613944687204157 0.5542934346509825 0.6663888174594049 0.48579950908770314 0.7413040485442416 0.4883363211456024 0.7377366565878207 0.5568302467088817
1 0.5179853120722997 0.48072588497190477 0.5201257472461522 0.4109635533796759 0.5986083702874098 0.4109635533796759 0.5957544567222731 0.4883363211456023
1 0.5971814135048414 0.48706791511665276 0.6007488054612621 0.413500365437575 0.6713831661983939 0.4122319594086255 0.667102295850689 0.48579950908770325
1 0.6656753390681208 0.48706791511665276 0.6720966445896781 0.41603717749547425 0.7484388324570831 0.41476877146652463 0.743444483718094 0.48706791511665276
1 0.6728101229809623 0.4173055835244239 0.6770909933286673 0.33993281575849726 0.757000573152493 0.33993281575849726 0.7534331811960723 0.41603717749547425
1 0.6014622838525464 0.41350036543757507 0.6028892406351147 0.337396003700598 0.6749505581548149 0.33866440972954764 0.6728101229809623 0.4109635533796759
1 0.5222661824200047 0.41096355337967583 0.5229796608112889 0.3361275976716484 0.6028892406351147 0.3386644097295476 0.6007488054612622 0.41096355337967583
1 0.5272605311589937 0.3361275976716484 0.5272605311589937 0.2574864238767722 0.6093105461566722 0.2638284540215203 0.608597067765388 0.3386644097295476
1 0.6085970677653879 0.337396003700598 0.6093105461566722 0.261291641963621 0.6820853420676565 0.26382845402152033 0.6785179501112356 0.3386644097295476
1 0.6799449068938039 0.3399328157584972 0.6827988204589406 0.2638284540215202 0.7648488354566189 0.2638284540215202 0.7612814435001981 0.3424696278163965
1 0.5286874879415621 0.26002323593467136 0.5301144447241304 0.18265046816874478 0.6128779381130928 0.18138206213979516 0.6107375029392403 0.261291641963621
1 0.6114509813305246 0.2587548299057218 0.6128779381130929 0.18011365611084557 0.6877931691979295 0.18265046816874478 0.6849392556327929 0.2650968600504699
1 0.685652734024077 0.26256004799257066 0.6885066475892139 0.18011365611084557 0.7705566625868923 0.18011365611084557 0.7677027490217555 0.26256004799257066
0 0.12343176169215958 0.6659131651985488 0.11344306421418132 0.5416093743614862 0.1740887274733349 0.5441461864193855 0.1805100329948923 0.6671815712274984
0 0.18336394656002894 0.6684499772564481 0.17551568425590322 0.5441461864193856 0.3018013595131995 0.5466829984772849 0.3053687514696202 0.6709867893143473
0 0.30964962181732514 0.6684499772564481 0.30322831629576774 0.542877780390436 0.4295139915530639 0.5390725623035871 0.4302274699443481 0.6621079471117
0 0.13199350238756946 0.7749960836882158 0.12343176169215958 0.6646447591695992 0.2425826530366142 0.6697183832853977 0.2504309153407399 0.7864117379487624
0 0.2525713505145924 0.783874925890863 0.24472308821046665 0.6722551953432968 0.36672789312005794 0.6773288194590952 0.36886832829391036 0.7927537680935105
0 0.371722241859047 0.7826065198619135 0.3688683282939103 0.6735236013722464 0.42523312120535905 0.672255195343297 0.4266600779879274 0.7889485500066615
0 0.1562517676912309 0.9005682805542278 0.14697654860453682 0.7902169560356112 0.20334134151598543 0.7927537680935104 0.21190308221139537 0.9005682805542278
0 0.21547047416781612 0.9005682805542279 0.20690873347240624 0.7927537680935105 0.32820005999071333 0.7952905801514096 0.3310539735558499 0.903105092612127
0 0.3367618006861232 0.906910310698976 0.3324809303384183 0.7990957982382585 0.45448573524800956 0.7851433319198127 0.45591269203057794 0.8980314684963285
1 0.5161856792848475 0.6712661373573632 0.5184332221554636 0.6086679062942759 0.5926021368857974 0.6099997835509374 0.5911037749720532 0.6712661373573633
1 0.5911037749720531 0.6712661373573632 0.5933513178426694 0.6099997835509373 0.6585300610905382 0.6113316608075987 0.6562825182199222 0.6712661373573632
1 0.6562825182199222 0.6752617691273476 0.6577808801336663 0.6126635380642601 0.7364448806052323 0.6153272925775831 0.7304514329502558 0.6752617691273477
1 0.5169348602417195 0.7338643684204508 0.5176840411985916 0.6712661373573633 0.5926021368857973 0.6739298918706861 0.5911037749720531 0.7351962456771122
1 0.5903545940151812 0.7351962456771123 0.5911037749720531 0.669934260100702 0.6555333372630501 0.6739298918706861 0.6525366134355619 0.7378600001904351
1 0.6532857943924338 0.737860000190435 0.654784156306178 0.6752617691273477 0.7304514329502558 0.6779255236406705 0.7267055281658954 0.7378600001904352
1 0.5169348602417195 0.7951307222268768 0.5169348602417195 0.7351962456771123 0.5896054130583092 0.7378600001904351 0.5888562321014371 0.7964625994835383
1 0.5896054130583092 0.7924669677135538 0.5903545940151811 0.731200613907128 0.6555333372630501 0.7378600001904352 0.6532857943924338 0.7977944767401997
1 0.654034975349306 0.7964625994835381 0.6555333372630501 0.7351962456771123 0.7259563472090236 0.7365281229337738 0.7244579852952794 0.7924669677135541
1 0.5176840411985916 0.8550651987766414 0.5176840411985916 0.792466967713554 0.5903545940151811 0.7937988449702152 0.5896054130583092 0.851069567006657
1 0.588856232101437 0.851069567006657 0.5903545940151812 0.7898032132002311 0.6532857943924338 0.792466967713554 0.6517874324786899 0.8510695670066571
1 0.6532857943924338 0.8510695670066571 0.6532857943924338 0.7924669677135541 0.7244579852952794 0.792466967713554 0.7229596233815353 0.84441018072335
1 0.5161856792848475 0.9003490255031301 0.5176840411985916 0.8510695670066571 0.5866086892308208 0.8524014442633187 0.5866086892308208 0.9070084117864373
1 0.5866086892308208 0.9056765345297758 0.5873578701876929 0.84441018072335 0.6495398896080737 0.8510695670066571 0.6487907086512017 0.9056765345297759
1 0.6480415276943295 0.9003490255031301 0.6495398896080736 0.8470739352366727 0.7222104424246633 0.8457420579800113 0.718464537640303 0.9016809027597917