0 0.022569444444444434 0.8302469135802472 0.03385416666666668 0.7361111111111113 0.2074652777777778 0.7438271604938274 0.20225694444444448 0.8302469135802472
0 0.20225694444444445 0.8256172839506174 0.20833333333333334 0.7407407407407409 0.30902777777777773 0.7469135802469138 0.3046875 0.8302469135802469
0 0.30642361111111105 0.8333333333333334 0.3107638888888889 0.7438271604938272 0.4149305555555555 0.7438271604938272 0.4131944444444444 0.8425925925925926
0 0.3107638888888889 0.7422839506172839 0.3133680555555555 0.6527777777777778 0.4140625 0.6574074074074074 0.4123263888888889 0.7453703703703705
0 0.20572916666666669 0.7391975308641976 0.21354166666666666 0.6481481481481481 0.3142361111111111 0.6527777777777779 0.3116319444444444 0.7438271604938271
0 0.03211805555555555 0.7345679012345679 0.0407986111111111 0.6481481481481483 0.21006944444444448 0.6527777777777779 0.20486111111111113 0.7407407407407408
0 0.046875 0.6450617283950617 0.05555555555555555 0.5617283950617284 0.22048611111111113 0.5648148148148148 0.21267361111111113 0.654320987654321
0 0.21614583333333331 0.6496913580246912 0.21961805555555552 0.558641975308642 0.3185763888888889 0.5648148148148147 0.3159722222222222 0.6527777777777778
0 0.31684027777777773 0.6574074074074074 0.32378472222222227 0.5617283950617282 0.4166666666666667 0.5632716049382716 0.4149305555555555 0.6574074074074073
0 0.05555555555555555 0.5570987654320987 0.06510416666666667 0.4753086419753087 0.22743055555555552 0.48456790123456794 0.21961805555555552 0.5632716049382717
0 0.22135416666666669 0.5570987654320988 0.22916666666666666 0.47376543209876537 0.32552083333333337 0.478395061728395 0.32204861111111105 0.5617283950617282
0 0.3237847222222222 0.5617283950617283 0.3255208333333333 0.4799382716049384 0.41927083333333337 0.48919753086419754 0.4184027777777778 0.5694444444444444
0 0.0642361111111111 0.478395061728395 0.07291666666666666 0.39506172839506176 0.16232638888888892 0.40123456790123463 0.15798611111111113 0.48148148148148145
0 0.1579861111111111 0.47685185185185186 0.16493055555555555 0.39814814814814814 0.2586805555555555 0.39814814814814814 0.2534722222222222 0.4753086419753087
0 0.25520833333333337 0.47685185185185186 0.2604166666666667 0.40432098765432106 0.41666666666666674 0.40432098765432106 0.41406250000000006 0.48456790123456805
0 0.07118055555555557 0.39506172839506176 0.07899305555555557 0.3148148148148148 0.23350694444444445 0.32407407407407407 0.22916666666666663 0.4012345679012346
0 0.23090277777777776 0.39969135802469136 0.234375 0.32407407407407407 0.32812500000000006 0.32561728395061734 0.3237847222222222 0.4027777777777778
0 0.3255208333333333 0.39969135802469136 0.3289930555555555 0.3225308641975309 0.4201388888888889 0.32098765432098775 0.41840277777777773 0.4027777777777778
0 0.07899305555555554 0.31944444444444436 0.08767361111111113 0.23919753086419757 0.1736111111111111 0.24537037037037032 0.17100694444444448 0.3225308641975308
0 0.17100694444444448 0.31635802469135804 0.17708333333333337 0.24691358024691354 0.2664930555555555 0.2546296296296296 0.2630208333333333 0.32407407407407396
0 0.2647569444444444 0.32253086419753074 0.26909722222222227 0.25617283950617276 0.4201388888888889 0.25771604938271614 0.4192708333333333 0.3287037037037037
0 0.08680555555555557 0.2391975308641975 0.10243055555555558 0.16666666666666674 0.24565972222222224 0.1790123456790124 0.24131944444444448 0.24845679012345678
0 0.24045138888888884 0.24845679012345678 0.24826388888888887 0.17901234567901234 0.3359375 0.18518518518518517 0.3333333333333333 0.2561728395061728
0 0.3342013888888889 0.2530864197530863 0.3376736111111111 0.18209876543209869 0.42361111111111105 0.18827160493827155 0.4227430555555555 0.2530864197530863
0 0.09635416666666667 0.16666666666666666 0.1076388888888889 0.09413580246913587 0.19097222222222224 0.10339506172839513 0.18489583333333334 0.16975308641975306
0 0.18402777777777776 0.17283950617283952 0.19184027777777776 0.09876543209876545 0.27777777777777773 0.10802469135802475 0.2743055555555555 0.18055555555555555
0 0.2743055555555556 0.18055555555555555 0.2786458333333333 0.10339506172839513 0.4236111111111111 0.11111111111111116 0.421875 0.18055555555555552
0 0.48958333333333326 0.8425925925925928 0.49045138888888895 0.6913580246913582 0.6770833333333333 0.691358024691358 0.6831597222222222 0.8379629629629631
0 0.6814236111111112 0.8348765432098768 0.6762152777777778 0.6898148148148149 0.8628472222222222 0.6929012345679014 0.8741319444444444 0.8441358024691361
0 0.48958333333333326 0.6898148148148148 0.49045138888888895 0.5478395061728394 0.671875 0.5493827160493826 0.6753472222222222 0.6929012345679012
0 0.6762152777777778 0.6882716049382717 0.670138888888889 0.5478395061728395 0.8480902777777778 0.5540123456790124 0.859375 0.6944444444444444
0 0.4878472222222222 0.5447530864197532 0.48871527777777785 0.41203703703703703 0.6631944444444444 0.41203703703703703 0.6684027777777778 0.5509259259259259
0 0.6675347222222222 0.5478395061728395 0.662326388888889 0.4104938271604939 0.8368055555555556 0.41203703703703703 0.8472222222222222 0.5540123456790124
0 0.48697916666666674 0.4104938271604938 0.4869791666666667 0.2839506172839506 0.6545138888888888 0.2901234567901234 0.6597222222222222 0.4120370370370369
0 0.6605902777777776 0.412037037037037 0.6536458333333334 0.2854938271604938 0.822048611111111 0.2824074074074074 0.8333333333333333 0.4120370370370369
0 0.48437499999999994 0.2808641975308642 0.4869791666666667 0.1635802469135803 0.6519097222222222 0.16666666666666677 0.654513888888889 0.29012345679012347
0 0.654513888888889 0.2932098765432099 0.6493055555555556 0.16358024691358025 0.8081597222222222 0.16358024691358017 0.8159722222222222 0.2839506172839506
0 0.4861111111111111 0.16358024691358022 0.484375 0.04783950617283947 0.6458333333333333 0.05092592592592592 0.650173611111111 0.1651234567901234
0 0.6519097222222221 0.16666666666666666 0.6449652777777778 0.05092592592592592 0.7977430555555557 0.04938271604938275 0.8055555555555556 0.1666666666666667