0 0.5395944194438262 0.8431804131053757 0.5402540703233419 0.7540542498285905 0.6405210040097252 0.7552269625032851 0.6431596075277878 0.8443531257800704
0 0.6431596075277878 0.8455258384547648 0.6405210040097252 0.7540542498285906 0.7414475885756243 0.7563996751779796 0.7440861920936868 0.8443531257800703
0 0.7421072394551399 0.8455258384547648 0.7381493341780458 0.7552269625032852 0.9070199593340599 0.7575723878526743 0.9155954207677638 0.847871263804154
0 0.5389347685643104 0.7528815371538959 0.5395944194438262 0.6625826612024162 0.6365630987326311 0.6637553738771109 0.6392017022506938 0.7540542498285906
0 0.6392017022506938 0.7540542498285905 0.6372227496121468 0.6625826612024163 0.7355107306599832 0.6661007992264999 0.7388089850575615 0.7552269625032852
0 0.7388089850575615 0.7575723878526742 0.7348510797804675 0.6672735119011945 0.8977848470208404 0.668446224575889 0.9057006575750286 0.7563996751779796
0 0.5389347685643104 0.6661007992264999 0.5376154668052792 0.5781473486244094 0.6345841460940842 0.5793200612991037 0.6372227496121468 0.6649280865518054
0 0.6365630987326311 0.6625826612024162 0.6352437969735998 0.5793200612991037 0.7308931745033734 0.5816654866484929 0.7355107306599832 0.6661007992264999
0 0.7348510797804674 0.6672735119011944 0.7302335236238576 0.5793200612991037 0.8911883382256834 0.5816654866484929 0.8977848470208404 0.668446224575889
0 0.5376154668052792 0.5758019232750201 0.5376154668052792 0.4913666106970132 0.6332648443350527 0.4960574613957913 0.6359034478531155 0.5746292106003257
0 0.6372227496121468 0.573456497925631 0.6352437969735997 0.4937120360464022 0.7256159674672478 0.4972301740704858 0.729573872744342 0.5781473486244093
0 0.731552825382889 0.5816654866484928 0.7275949201057949 0.4960574613957913 0.8832725276714954 0.4984028867451804 0.8898690364666523 0.5851836246725765
0 0.5323382597691536 0.4937120360464022 0.531678608889638 0.41279486149247885 0.6906544708529169 0.41396757416717334 0.694612376130011 0.4937120360464022
0 0.6932930743709796 0.4937120360464022 0.6913141217324325 0.415140286841868 0.7843248957441433 0.4163129995165624 0.7896021027802688 0.4972301740704858
0 0.7896021027802688 0.4972301740704858 0.7843248957441434 0.4163129995165624 0.8766760188763386 0.4186584248659515 0.8839321785510111 0.4984028867451804
0 0.5343172124077007 0.4092767234683952 0.5343172124077007 0.33305039961324995 0.624689382901349 0.3353958249626391 0.6260086846603803 0.415140286841868
0 0.6266683355398958 0.41514028684186793 0.624689382901349 0.3342231122879445 0.7157212042745127 0.3389139629867227 0.7196791095516067 0.4163129995165625
0 0.7196791095516069 0.4127948614924788 0.7163808551540284 0.3353958249626391 0.8661216048040877 0.3412593883361118 0.8740374153582758 0.4186584248659515
0 0.5323382597691536 0.33305039961324995 0.5329979106486694 0.2615149264568829 0.6833983111782445 0.2626876391315774 0.6866965655758228 0.33539582496263903
0 0.6866965655758228 0.33305039961324995 0.68405796205776 0.2579967884327993 0.7744301325514082 0.26034221378218836 0.7790476887080179 0.3377412503120281
0 0.7783880378285024 0.33539582496263903 0.7744301325514081 0.26503306448096653 0.8601847468884467 0.26503306448096653 0.8654619539245721 0.33891396298672266
0 0.5323382597691536 0.26034221378218836 0.5323382597691537 0.1841158899270431 0.6200718267447392 0.18997945330051583 0.6227104302628018 0.263860351806272
0 0.6220507793832862 0.26151492645688296 0.6200718267447392 0.1841158899270431 0.7097843463588716 0.18997945330051583 0.71308260075645 0.2615149264568829
0 0.7144019025154814 0.2626876391315774 0.7084650445998403 0.18880674062582128 0.8502899836957114 0.19115216597521037 0.8568864924908681 0.263860351806272
0 0.531678608889638 0.1841158899270431 0.5329979106486694 0.11727126746945421 0.678121104142119 0.11961669281884331 0.6807597076601816 0.19115216597521034
0 0.6807597076601816 0.18763402795112674 0.6787807550216346 0.11609855479475967 0.7618967658406105 0.11727126746945422 0.7658546711177044 0.19115216597521037
0 0.7665143219972202 0.18646131527643217 0.7618967658406104 0.11727126746945421 0.8443531257800704 0.11961669281884331 0.8502899836957114 0.19232487864990488
1 0.20562408602360058 0.9024271662568103 0.21298972492593854 0.7998538245057338 0.3087430306563316 0.7998538245057338 0.30444640796330114 0.8980623432035729
1 0.30321880147957814 0.8991535489668822 0.30812922741447013 0.799853824505734 0.3707371580843425 0.8042186475589712 0.36828194511689655 0.8991535489668823
1 0.3676681418750351 0.8969711374402637 0.37012335484248104 0.8009450302690432 0.429662269303046 0.8031274417956619 0.42904846606118446 0.8958799316769543
1 0.2117621184422155 0.7976714129791153 0.21790015086083042 0.7081925403877508 0.31181204686563907 0.7081925403877508 0.3069016209307471 0.7987626187424246
1 0.30874303065633163 0.7998538245057341 0.3124258501075006 0.7103749519143694 0.3707371580843425 0.7136485692042974 0.3682819451168966 0.799853824505734
1 0.36950955160061955 0.8020362360323524 0.37135096132620404 0.7092837461510599 0.42966226930304596 0.70928374615106 0.42966226930304596 0.8031274417956619
1 0.21667254437710748 0.7060101288611321 0.22342438003758394 0.6121664332165302 0.27989427828884145 0.6143488447431489 0.2755976555958109 0.706010128861132
1 0.27621145883767245 0.7038277173345133 0.28112188477256433 0.6143488447431489 0.34066079923312936 0.6165312562697675 0.3369779797819604 0.70928374615106
1 0.3375917830238218 0.7103749519143694 0.3400469959912678 0.6143488447431489 0.43334508875421496 0.6187136677963861 0.43211748227049196 0.7081925403877507
1 0.22096916707013795 0.6132576389798396 0.22710719948875288 0.5248699721517844 0.315494866316808 0.530326000968331 0.3124258501075005 0.614348844743149
1 0.3124258501075005 0.6143488447431489 0.316722472800531 0.5281435894417125 0.3744199775355115 0.5325084124949497 0.37135096132620404 0.614348844743149
1 0.3707371580843425 0.614348844743149 0.37441997753551143 0.533599618258259 0.4315036790286305 0.5346908240215683 0.430889875786769 0.6176224620330769
1 0.2277210027306144 0.5226875606251657 0.23447283839109084 0.4408471283769665 0.29032893340048677 0.44630315719351316 0.28541850746559483 0.5281435894417125
1 0.28541850746559483 0.5248699721517844 0.29094273664234827 0.44630315719351316 0.3455712251680213 0.4495767744834411 0.34311601220057525 0.530326000968331
1 0.3437298154424368 0.5259611779150939 0.34679883165174424 0.4473943629568225 0.43273128551235346 0.44957677448344113 0.43211748227049196 0.5325084124949497
1 0.23447283839109084 0.44084712837696655 0.24245228053529022 0.361189107655386 0.325315718186592 0.3644627249453139 0.3234743084610075 0.4463031571935132
1 0.3234743084610075 0.44739436295682256 0.3259295214284535 0.3644627249453139 0.3823994196797109 0.36555393070862324 0.3805580099541265 0.4463031571935132
1 0.3817856164378494 0.44630315719351316 0.3836270261634339 0.36555393070862324 0.43764171144724545 0.3688275479985512 0.4351864984797995 0.4484855687201318