0 0.23697916666666669 0.7314814814814814 0.3463541666666667 0.7345679012345678 0.34548611111111105 0.8271604938271604 0.2309027777777778 0.8271604938271604
0 0.12152777777777773 0.7283950617283951 0.2352430555555555 0.7314814814814814 0.2317708333333334 0.8240740740740741 0.11197916666666667 0.8240740740740742 0.1232638888888889 0.7299382716049383
0 0.12152777777777773 0.7283950617283951 0.11284722222222224 0.8240740740740741 0 0.8194444444444444 0 0.720679012345679
0 0.2352430555555555 0.7330246913580246 0.24045138888888887 0.6327160493827161 0.3506944444444444 0.6388888888888887 0.3472222222222222 0.7376543209876544
0 0.13281249999999997 0.6280864197530864 0.24131944444444445 0.6327160493827161 0.2361111111111111 0.7314814814814815 0.12326388888888887 0.7283950617283952
0 0.12326388888888887 0.7253086419753085 0.1319444444444444 0.6296296296296294 0 0.6203703703703703 0.0008680555555555654 0.7222222222222221
0 0.2430555555555555 0.6358024691358024 0.24913194444444448 0.5385802469135803 0.3524305555555555 0.5478395061728395 0.34895833333333337 0.6373456790123457
0 0.2430555555555555 0.632716049382716 0.24826388888888887 0.5385802469135802 0.1397569444444444 0.5354938271604939 0.13194444444444448 0.632716049382716
0 0.13194444444444445 0.6296296296296298 0.1388888888888889 0.5354938271604939 0.0008680555555555506 0.5277777777777777 0.0017361111111111307 0.6188271604938271
0 0.25347222222222215 0.5416666666666665 0.2569444444444445 0.455246913580247 0.3585069444444445 0.45987654320987653 0.3559027777777778 0.5462962962962963
0 0.25347222222222215 0.5385802469135802 0.2552083333333333 0.4521604938271605 0.1484375 0.44444444444444453 0.14322916666666666 0.5370370370370371
0 0.1423611111111111 0.5324074074074073 0.15104166666666666 0.44290123456790115 0 0.433641975308642 0.0008680555555555654 0.5277777777777778
0 0.1866319444444444 0.44907407407407407 0.19270833333333334 0.3688271604938272 0.3602430555555556 0.37500000000000006 0.3585069444444444 0.4598765432098766
0 0.18663194444444445 0.44444444444444453 0.19270833333333334 0.3719135802469136 0.0902777777777778 0.3626543209876544 0.0824652777777778 0.4444444444444445
0 0.0798611111111111 0.441358024691358 0.08854166666666666 0.35956790123456794 0 0.3549382716049382 0 0.43518518518518523
0 0.15625 0.3672839506172839 0.1631944444444444 0.27777777777777773 0 0.26234567901234573 0.0017361111111111307 0.35493827160493824
0 0.1579861111111111 0.3626543209876544 0.16319444444444445 0.2746913580246914 0.26736111111111105 0.2870370370370371 0.2621527777777778 0.3719135802469137
0 0.2621527777777778 0.37191358024691357 0.265625 0.287037037037037 0.3637152777777778 0.2947530864197531 0.3611111111111111 0.375
0 0.20833333333333331 0.20216049382716048 0.36892361111111105 0.21913580246913583 0.3663194444444444 0.29320987654320985 0.20225694444444453 0.28395061728395066
0 0.20746527777777776 0.20061728395061726 0.20052083333333334 0.2824074074074074 0.09722222222222224 0.2746913580246913 0.10763888888888887 0.1944444444444444
0 0.1085069444444444 0.19290123456790123 0.0980902777777778 0.2746913580246913 0 0.26543209876543206 0 0.19290123456790123 0.004340277777777798 0.18055555555555555
0 0.2717013888888889 0.20679012345679001 0.27777777777777773 0.132716049382716 0.3758680555555555 0.14197530864197525 0.37152777777777773 0.21913580246913575
0 0.2734374999999999 0.20370370370370358 0.2795138888888888 0.13117283950617273 0.17795138888888887 0.12191358024691357 0.17274305555555552 0.19135802469135801
0 0.004340277777777782 0.1805555555555555 0.015625 0.10185185185185187 0.1779513888888889 0.12345679012345682 0.17274305555555555 0.1975308641975309
0 0.0173611111111111 0.0987654320987654 0.02777777777777777 0.030864197530864206 0.12499999999999999 0.044753086419753056 0.11631944444444443 0.11574074074074077
0 0.11631944444444442 0.11419753086419751 0.1258680555555556 0.04475308641975311 0.2222222222222222 0.05555555555555553 0.2135416666666666 0.12962962962962965
0 0.21614583333333334 0.12191358024691354 0.2222222222222222 0.05401234567901236 0.3784722222222222 0.07561728395061726 0.37673611111111105 0.1419753086419753
0 0.49739583333333326 0.8302469135802469 0.49826388888888895 0.6959876543209877 0.638888888888889 0.7006172839506174 0.640625 0.8379629629629631
0 0.6414930555555557 0.8395061728395061 0.6397569444444444 0.7052469135802468 0.7664930555555556 0.714506172839506 0.7725694444444444 0.8487654320987653
0 0.7647569444444443 0.7160493827160493 0.8411458333333335 0.7191358024691358 0.8515625 0.8472222222222222 0.7708333333333334 0.8487654320987654
0 0.4982638888888889 0.6944444444444444 0.5017361111111112 0.5617283950617284 0.634548611111111 0.5771604938271605 0.638888888888889 0.7021604938271604
0 0.6388888888888888 0.7021604938271604 0.6336805555555556 0.5725308641975309 0.7621527777777778 0.5879629629629629 0.767361111111111 0.7098765432098766
0 0.7673611111111109 0.7145061728395061 0.7621527777777776 0.5864197530864198 0.8307291666666666 0.595679012345679 0.8394097222222222 0.7237654320987654
0 0.5017361111111112 0.5632716049382716 0.5017361111111112 0.43672839506172845 0.6319444444444444 0.45061728395061723 0.6345486111111109 0.5756172839506174
0 0.6336805555555556 0.5725308641975309 0.631076388888889 0.44907407407407407 0.7543402777777778 0.4645061728395061 0.7586805555555557 0.5817901234567902
0 0.7595486111111109 0.5864197530864197 0.7552083333333335 0.46450617283950624 0.8237847222222222 0.4722222222222222 0.8333333333333334 0.5910493827160493
0 0.7465277777777776 0.4645061728395061 0.7430555555555556 0.3503086419753087 0.8125 0.35802469135802467 0.818576388888889 0.4737654320987655
0 0.6302083333333334 0.45216049382716045 0.6276041666666666 0.3425925925925926 0.7430555555555556 0.3549382716049383 0.7473958333333333 0.4629629629629629
0 0.5008680555555556 0.43672839506172834 0.5017361111111112 0.3179012345679012 0.6276041666666666 0.3425925925925926 0.6284722222222222 0.45061728395061734
0 0.5008680555555556 0.3179012345679012 0.5008680555555556 0.2098765432098765 0.576388888888889 0.21913580246913578 0.5755208333333334 0.3333333333333333
0 0.5755208333333334 0.33796296296296297 0.576388888888889 0.22067901234567905 0.6961805555555556 0.2376543209876543 0.6987847222222222 0.353395061728395
0 0.6996527777777778 0.35185185185185186 0.6961805555555556 0.2391975308641975 0.8055555555555556 0.2530864197530864 0.8133680555555556 0.3626543209876543
0 0.7352430555555555 0.24691358024691354 0.7300347222222221 0.14197530864197533 0.7934027777777778 0.15586419753086417 0.8003472222222221 0.25617283950617287
0 0.5008680555555556 0.20833333333333334 0.5008680555555556 0.10493827160493828 0.6206597222222222 0.12345679012345682 0.6206597222222222 0.22530864197530867
0 0.6206597222222221 0.22530864197530862 0.618923611111111 0.12345679012345682 0.7300347222222221 0.1450617283950617 0.7352430555555556 0.2438271604938272
0 0.9409722222222224 0.19290123456790131 0.9331597222222224 0.12345679012345682 1 0.1265432098765432 0.9991319444444445 0.19907407407407407
0 0.9409722222222224 0.19290123456790131 1 0.1975308641975309 1 0.26697530864197533 0.9496527777777779 0.26234567901234573
0 0.9531250000000001 0.2623456790123457 1 0.2623456790123457 1 0.337962962962963 0.9574652777777778 0.3348765432098766
0 0.9565972222222222 0.3364197530864197 1 0.3395061728395061 1 0.4212962962962963 0.9635416666666666 0.419753086419753
0 0.9644097222222221 0.4228395061728395 1 0.4228395061728395 1 0.5046296296296297 0.970486111111111 0.49845679012345673
0 0.9644097222222222 0.5077160493827161 1 0.5030864197530864 0.9991319444444446 0.5879629629629629 0.9730902777777779 0.5895061728395062
0 0.9730902777777778 0.5879629629629629 1 0.5879629629629629 1 0.6759259259259258 0.9817708333333335 0.6743827160493826