0 0.0659722222222222 0.8271604938271604 0.07465277777777776 0.7314814814814815 0.18142361111111113 0.7376543209876542 0.17447916666666666 0.8333333333333334
0 0.17274305555555552 0.83179012345679 0.18402777777777773 0.7361111111111112 0.2881944444444444 0.7469135802469135 0.28559027777777773 0.8395061728395062
0 0.2855902777777778 0.8379629629629629 0.2890625 0.7453703703703703 0.4644097222222222 0.7530864197530864 0.46527777777777773 0.8395061728395062
0 0.07899305555555554 0.7314814814814815 0.08680555555555557 0.6527777777777778 0.1875 0.6527777777777778 0.18229166666666666 0.7407407407407406
0 0.18229166666666663 0.7391975308641975 0.18836805555555552 0.6543209876543208 0.2899305555555555 0.6589506172839508 0.2864583333333333 0.7407407407407407
0 0.28732638888888895 0.7422839506172839 0.2916666666666667 0.6558641975308641 0.46267361111111105 0.6589506172839505 0.46354166666666674 0.7577160493827161
0 0.08854166666666667 0.6481481481481481 0.09722222222222224 0.5601851851851852 0.1944444444444444 0.5648148148148147 0.19010416666666666 0.6558641975308641
0 0.18749999999999997 0.654320987654321 0.19531249999999997 0.5632716049382717 0.2960069444444444 0.5648148148148148 0.29079861111111105 0.6558641975308642
0 0.2899305555555556 0.6527777777777779 0.296875 0.5663580246913581 0.4635416666666667 0.572530864197531 0.4635416666666667 0.6589506172839507
0 0.2977430555555555 0.5632716049382716 0.30208333333333337 0.48456790123456794 0.4661458333333333 0.49845679012345684 0.4644097222222222 0.5787037037037037
0 0.19791666666666666 0.5648148148148147 0.203125 0.478395061728395 0.3038194444444444 0.48765432098765427 0.29861111111111105 0.5679012345679013
0 0.09722222222222224 0.5570987654320987 0.10503472222222222 0.48302469135802467 0.20225694444444448 0.48456790123456794 0.1970486111111111 0.566358024691358
0 0.3697916666666667 0.4922839506172838 0.3706597222222222 0.4120370370370371 0.4678819444444444 0.41203703703703703 0.4678819444444445 0.49691358024691346
0 0.26996527777777773 0.48456790123456794 0.2751736111111111 0.4104938271604938 0.3723958333333333 0.41203703703703703 0.3680555555555555 0.4922839506172839
0 0.10677083333333333 0.48302469135802467 0.11631944444444442 0.40432098765432106 0.2734375 0.4120370370370371 0.2708333333333333 0.48302469135802456
0 0.1189236111111111 0.39969135802469136 0.125 0.32870370370370383 0.21614583333333334 0.3348765432098766 0.2126736111111111 0.40740740740740733
0 0.21006944444444445 0.40895061728395066 0.2152777777777778 0.33179012345679015 0.3133680555555555 0.3395061728395061 0.3081597222222222 0.4135802469135802
0 0.3081597222222222 0.4104938271604938 0.3116319444444444 0.3364197530864198 0.4696180555555555 0.3410493827160494 0.46874999999999994 0.4135802469135802
0 0.125 0.3271604938271605 0.13194444444444445 0.25154320987654316 0.28472222222222215 0.26543209876543206 0.28125 0.33641975308641975
0 0.2821180555555555 0.3348765432098766 0.2847222222222222 0.25771604938271603 0.37934027777777773 0.26388888888888895 0.37673611111111105 0.3395061728395061
0 0.3767361111111111 0.33641975308641975 0.38020833333333337 0.2623456790123456 0.4696180555555556 0.2654320987654321 0.46961805555555564 0.3410493827160493
0 0.1328125 0.25154320987654316 0.13802083333333334 0.17901234567901228 0.22743055555555552 0.18827160493827153 0.22135416666666666 0.26234567901234573
0 0.22309027777777782 0.2592592592592592 0.2265625 0.1867283950617283 0.3159722222222222 0.18981481481481483 0.3133680555555555 0.26080246913580246
0 0.3133680555555556 0.25771604938271603 0.3151041666666667 0.19290123456790123 0.4652777777777778 0.19290123456790123 0.4661458333333333 0.2638888888888889
0 0.13715277777777773 0.18055555555555555 0.14322916666666666 0.10956790123456789 0.28906249999999994 0.11728395061728389 0.2864583333333333 0.18827160493827158
0 0.28559027777777773 0.18827160493827158 0.2881944444444444 0.1157407407407408 0.37760416666666674 0.12191358024691354 0.37673611111111105 0.18981481481481488
0 0.3767361111111111 0.18827160493827158 0.3758680555555555 0.12037037037037042 0.4618055555555555 0.12191358024691354 0.4644097222222222 0.18827160493827158
0 0.5390624999999999 0.19290123456790123 0.5425347222222222 0.12808641975308646 0.6875 0.12345679012345671 0.6883680555555556 0.18981481481481485
0 0.6883680555555557 0.19135802469135793 0.6875 0.12191358024691354 0.7725694444444445 0.1234567901234568 0.775173611111111 0.18981481481481485
0 0.7760416666666666 0.18827160493827158 0.7734374999999999 0.12345679012345677 0.8550347222222224 0.12191358024691352 0.8602430555555556 0.18827160493827164
0 0.5390624999999999 0.2669753086419753 0.5399305555555556 0.1898148148148148 0.6284722222222222 0.19290123456790123 0.6302083333333334 0.2638888888888889
0 0.6302083333333333 0.2638888888888889 0.6284722222222222 0.19598765432098766 0.712673611111111 0.19753086419753088 0.717013888888889 0.2700617283950617
0 0.7161458333333334 0.26697530864197533 0.7135416666666666 0.19444444444444448 0.8602430555555556 0.19290123456790126 0.8645833333333334 0.26697530864197533
0 0.5399305555555556 0.3379629629629629 0.5381944444444445 0.26851851851851855 0.6875 0.2700617283950617 0.6909722222222222 0.3441358024691359
0 0.6909722222222221 0.345679012345679 0.689236111111111 0.26388888888888895 0.7795138888888891 0.26543209876543206 0.7821180555555555 0.3379629629629629
0 0.7838541666666666 0.3395061728395062 0.7803819444444444 0.2654320987654321 0.8645833333333334 0.2654320987654321 0.8706597222222221 0.3441358024691359
0 0.537326388888889 0.41666666666666674 0.537326388888889 0.33796296296296297 0.626736111111111 0.33950617283950624 0.6293402777777778 0.41820987654320985
0 0.6302083333333333 0.4151234567901235 0.6276041666666666 0.3410493827160494 0.7213541666666666 0.3441358024691359 0.7222222222222224 0.41820987654320985
0 0.7230902777777778 0.41666666666666674 0.7196180555555556 0.33796296296296297 0.8706597222222222 0.34567901234567905 0.8758680555555556 0.41820987654320985
0 0.537326388888889 0.4969135802469137 0.5364583333333334 0.41512345679012347 0.6927083333333334 0.42129629629629634 0.697048611111111 0.4969135802469137
0 0.6979166666666666 0.49845679012345684 0.693576388888889 0.4197530864197531 0.7864583333333334 0.4212962962962963 0.7907986111111109 0.5015432098765431
0 0.7925347222222221 0.5030864197530863 0.787326388888889 0.4182098765432098 0.8776041666666666 0.4228395061728395 0.881076388888889 0.5
0 0.5373263888888888 0.5802469135802468 0.537326388888889 0.49537037037037046 0.6302083333333334 0.49845679012345684 0.6336805555555556 0.5802469135802468
0 0.6345486111111109 0.5787037037037037 0.631076388888889 0.49845679012345684 0.7265625 0.49691358024691357 0.7291666666666666 0.5802469135802468
0 0.7309027777777778 0.5771604938271605 0.7274305555555555 0.4938271604938272 0.884548611111111 0.5000000000000001 0.8914930555555556 0.5864197530864197
0 0.5390624999999999 0.662037037037037 0.5407986111111112 0.5787037037037037 0.6354166666666666 0.5802469135802468 0.6362847222222222 0.6651234567901236
0 0.6362847222222222 0.6620370370370371 0.6354166666666666 0.5802469135802469 0.7317708333333333 0.5771604938271605 0.7352430555555555 0.6635802469135802
0 0.736111111111111 0.6697530864197532 0.7317708333333334 0.5771604938271606 0.8914930555555556 0.5817901234567903 0.8984375 0.6651234567901236
0 0.5399305555555556 0.7469135802469136 0.5407986111111112 0.6620370370370371 0.6371527777777778 0.6635802469135801 0.6388888888888888 0.7530864197530863
0 0.6388888888888888 0.7530864197530863 0.6371527777777778 0.6604938271604939 0.7378472222222222 0.662037037037037 0.7421874999999999 0.7515432098765431
0 0.7421875 0.7515432098765431 0.7369791666666666 0.662037037037037 0.9036458333333335 0.6682098765432097 0.9105902777777779 0.7546296296296294
0 0.5399305555555556 0.8395061728395065 0.5399305555555556 0.7469135802469136 0.6406249999999999 0.7484567901234568 0.6440972222222222 0.8441358024691359
0 0.6440972222222221 0.845679012345679 0.638888888888889 0.748456790123457 0.7421874999999999 0.7515432098765432 0.7473958333333334 0.8425925925925926
0 0.7473958333333333 0.8441358024691359 0.7430555555555556 0.7530864197530865 0.915798611111111 0.7561728395061729 0.9227430555555555 0.845679012345679