0 0.7291666666666667 0.5833333333333335 0.7378472222222222 0.4197530864197531 0.8515625 0.4135802469135802 0.8394097222222222 0.5817901234567902
0 0.8394097222222221 0.5802469135802468 0.8541666666666665 0.41820987654320985 0.9652777777777778 0.4135802469135802 0.9479166666666666 0.5756172839506173
0 0.9496527777777778 0.5725308641975309 0.9661458333333334 0.4104938271604939 1 0.4089506172839507 0.9991319444444445 0.5725308641975309
0 0.7196180555555556 0.7376543209876543 0.7265625000000001 0.5833333333333333 0.8368055555555556 0.5817901234567903 0.8237847222222222 0.7330246913580246
0 0.8246527777777779 0.7345679012345679 0.8394097222222222 0.5848765432098764 0.9479166666666667 0.5802469135802469 0.9296875000000002 0.7299382716049383
0 0.9314236111111109 0.728395061728395 0.9479166666666667 0.5725308641975309 1 0.5663580246913579 1 0.7237654320987655
0 0.7118055555555556 0.8688271604938271 0.7196180555555555 0.7376543209876543 0.8263888888888891 0.7345679012345682 0.8116319444444444 0.8703703703703703
0 0.8159722222222222 0.8611111111111112 0.8289930555555557 0.7345679012345682 0.9322916666666666 0.7268518518518519 0.9157986111111112 0.8626543209876544
0 0.9184027777777778 0.8580246913580247 0.9348958333333334 0.7222222222222222 1 0.7222222222222222 1 0.851851851851852
0 0.7126736111111109 0.9969135802469137 0.7144097222222222 0.9675925925925926 0.814236111111111 0.9660493827160493 0.8098958333333334 1
0 0.8107638888888888 1 0.8159722222222221 0.9614197530864197 0.9166666666666667 0.9552469135802469 0.907986111111111 1
0 0.9097222222222224 0.9969135802469139 0.9166666666666666 0.9552469135802472 1 0.9537037037037037 1 1
0 0.059895833333333336 0.6959876543209875 0.04340277777777778 0.5709876543209876 0 0.5694444444444443 0.0008680555555555506 0.6990740740740741
0 0.05815972222222221 0.6959876543209876 0.0451388888888889 0.574074074074074 0.11458333333333333 0.5694444444444443 0.12500000000000003 0.6959876543209875
0 0.125 0.6913580246913579 0.11284722222222224 0.5648148148148148 0.17968749999999997 0.5694444444444444 0.19010416666666666 0.6944444444444444
0 0.1909722222222222 0.6898148148148147 0.1788194444444444 0.5648148148148148 0.24479166666666666 0.5601851851851851 0.25 0.6898148148148147
0 0.0642361111111111 0.8194444444444446 0.05208333333333335 0.7021604938271606 0 0.7037037037037037 7.401486830834377e-18 0.779320987654321 0.005208333333333337 0.8256172839506174
0 0.06770833333333333 0.8240740740740741 0.05295138888888888 0.7021604938271606 0.11979166666666667 0.7006172839506172 0.13281249999999997 0.8225308641975307
0 0.13368055555555555 0.8179012345679014 0.12239583333333334 0.6990740740740741 0.25 0.6959876543209877 0.2578125 0.8148148148148149
0 0.1944444444444444 0.8179012345679012 0.25781250000000006 0.8163580246913581 0.2638888888888889 0.9290123456790123 0.20225694444444448 0.9351851851851852
0 0.20138888888888884 0.9351851851851852 0.19184027777777776 0.8179012345679012 0.13107638888888887 0.824074074074074 0.14149305555555552 0.9336419753086418
0 0.14149305555555555 0.9320987654320988 0.13020833333333334 0.8225308641975307 0.06510416666666669 0.8287037037037037 0.07552083333333333 0.9382716049382716
0 0.07378472222222224 0.9305555555555556 0.06597222222222224 0.8209876543209877 1.4802973661668754e-17 0.8287037037037038 0.0008680555555555433 0.9305555555555557
2 0.17447916666666663 0.10493827160493825 0.17274305555555555 0.04938271604938271 0.21875 0.05092592592592592 0.21875000000000003 0.10802469135802471
2 0.21955835486838457 0.10950811773682391 0.2171188175920692 0.04879074552630763 0.2659095631183768 0.05095922310525464 0.26834910039469223 0.10733964015787686
2 0.17442691525654996 0.16588853478944612 0.17320714661839226 0.10625540136840339 0.21955835486838457 0.1095081177368239 0.22077812350654227 0.1648042959999726
2 0.2213880078256211 0.1669727735789196 0.2207781235065423 0.1095081177368239 0.2640799101611403 0.10733964015787686 0.26651944743745565 0.16480429599997257
2 0.17442691525654994 0.2244374294210153 0.17198737798023458 0.16588853478944612 0.2189484705493057 0.1648042959999726 0.22077812350654227 0.22226895184206827
2 0.2201682391874634 0.2211847130525948 0.21955835486838457 0.1648042959999726 0.2659095631183768 0.16588853478944612 0.26834910039469223 0.2211847130525948
2 0.17686645253286534 0.2656385034210084 0.1762565682137865 0.22443742942101524 0.22077812350654227 0.22226895184206827 0.2226077764637788 0.27105969736837593
2 0.22260777646377877 0.2667227422104819 0.22016823918746337 0.22118471305259474 0.2671293317565346 0.22010047426312127 0.2683491003946922 0.2678069809999554
2 0.2683491003946922 0.2645542646315349 0.26773921607561335 0.22010047426312127 0.2964037790723192 0.22118471305259474 0.29701366339139795 0.26889121978942904
2 0.26773921607561335 0.21901623547364774 0.26773921607561335 0.16588853478944612 0.29274447315784613 0.16588853478944612 0.2945741261150826 0.2190162354736478
2 0.26773921607561335 0.15938310205260509 0.2646897944802191 0.1095081177368239 0.28969505156245184 0.1105923565262974 0.2933543574769249 0.1637200572104991
2 0.2659095631183768 0.10408692378945639 0.2659095631183768 0.05312770068420168 0.2878653986052154 0.05312770068420168 0.2909148202006095 0.1084238789473504