0 0.06163194444444443 0.8302469135802469 0.07378472222222224 0.7330246913580247 0.17708333333333334 0.7361111111111112 0.16840277777777773 0.8395061728395065
0 0.16840277777777776 0.8333333333333334 0.17621527777777776 0.7361111111111112 0.2847222222222222 0.7422839506172839 0.27777777777777773 0.8425925925925926
0 0.2803819444444444 0.8395061728395062 0.2864583333333333 0.7391975308641977 0.4644097222222222 0.7500000000000001 0.46527777777777773 0.8441358024691359
0 0.0677083333333333 0.7361111111111112 0.08159722222222224 0.6435185185185184 0.18055555555555555 0.6496913580246912 0.17447916666666666 0.7391975308641976
0 0.17361111111111108 0.7361111111111112 0.1822916666666666 0.6481481481481481 0.2873263888888889 0.6527777777777778 0.28298611111111105 0.7407407407407407
0 0.28298611111111105 0.742283950617284 0.28906250000000006 0.6558641975308642 0.4618055555555555 0.660493827160494 0.4600694444444444 0.7500000000000001
0 0.0815972222222222 0.640432098765432 0.09461805555555554 0.5524691358024693 0.19010416666666666 0.5632716049382717 0.18142361111111113 0.6496913580246914
0 0.18229166666666666 0.6419753086419753 0.19270833333333337 0.5555555555555556 0.2925347222222222 0.5648148148148149 0.2881944444444444 0.6527777777777777
0 0.2873263888888889 0.6496913580246912 0.2925347222222222 0.5617283950617283 0.46527777777777773 0.5709876543209876 0.46267361111111105 0.6574074074074073
0 0.09374999999999997 0.552469135802469 0.10590277777777773 0.4645061728395061 0.19878472222222224 0.47685185185185186 0.1892361111111111 0.5617283950617283
0 0.19184027777777773 0.5570987654320986 0.20052083333333334 0.4691358024691358 0.2977430555555556 0.4799382716049383 0.2925347222222222 0.5601851851851852
0 0.2934027777777778 0.5617283950617284 0.29861111111111105 0.47376543209876537 0.4696180555555556 0.48456790123456783 0.4670138888888889 0.5740740740740741
0 0.10503472222222224 0.46141975308641986 0.11284722222222224 0.38425925925925924 0.27517361111111105 0.4027777777777778 0.26996527777777773 0.4783950617283949
0 0.26996527777777773 0.4753086419753086 0.2769097222222222 0.396604938271605 0.3758680555555556 0.404320987654321 0.3723958333333333 0.4799382716049382
0 0.3741319444444444 0.48148148148148145 0.3784722222222222 0.40432098765432106 0.4748263888888889 0.4089506172839507 0.4722222222222222 0.4861111111111111
0 0.11371527777777773 0.38580246913580246 0.12586805555555555 0.30709876543209874 0.2170138888888889 0.31327160493827155 0.21006944444444445 0.39506172839506176
0 0.20920138888888884 0.3919753086419754 0.21788194444444448 0.31172839506172845 0.3125 0.3194444444444444 0.30642361111111105 0.3996913580246914
0 0.3081597222222222 0.3981481481481482 0.31423611111111105 0.31790123456790115 0.4756944444444445 0.33179012345679004 0.47395833333333326 0.4104938271604939
0 0.12586805555555555 0.3055555555555555 0.13802083333333334 0.22839506172839508 0.2942708333333333 0.2391975308641975 0.28732638888888895 0.3194444444444444
0 0.2899305555555556 0.3117283950617284 0.296875 0.2376543209876543 0.3862847222222222 0.24537037037037038 0.38454861111111105 0.324074074074074
0 0.38454861111111105 0.31944444444444436 0.38888888888888895 0.24537037037037038 0.48090277777777785 0.25000000000000006 0.4774305555555556 0.32870370370370366
0 0.13628472222222224 0.22530864197530862 0.1467013888888889 0.14814814814814817 0.23350694444444448 0.15895061728395057 0.2282986111111111 0.2361111111111111
0 0.2282986111111111 0.2345679012345679 0.23611111111111113 0.1589506172839506 0.3263888888888889 0.16512345679012344 0.32204861111111105 0.2361111111111111
0 0.3211805555555555 0.2376543209876543 0.3263888888888889 0.16358024691358022 0.4800347222222222 0.17592592592592593 0.47916666666666663 0.25154320987654316
0 0.14496527777777773 0.14969135802469133 0.1545138888888889 0.08641975308641973 0.30121527777777773 0.09104938271604934 0.2977430555555555 0.16512345679012344
0 0.2977430555555556 0.16049382716049382 0.3038194444444444 0.08641975308641976 0.3914930555555555 0.095679012345679 0.3880208333333333 0.1712962962962963
0 0.38715277777777773 0.1682098765432098 0.3914930555555555 0.09104938271604938 0.4782986111111112 0.1018518518518519 0.4774305555555556 0.17129629629629634
0 0.5894097222222221 0.18518518518518517 0.5868055555555556 0.10802469135802474 0.673611111111111 0.11265432098765434 0.6753472222222222 0.18364197530864196
0 0.6762152777777776 0.18672839506172836 0.6710069444444444 0.11419753086419748 0.7569444444444444 0.1157407407407408 0.7621527777777776 0.18518518518518523
0 0.7621527777777776 0.18672839506172836 0.7578125000000001 0.11574074074074077 0.9001736111111112 0.12037037037037036 0.9097222222222224 0.18672839506172836
0 0.5833333333333333 0.2561728395061728 0.5824652777777779 0.1820987654320987 0.732638888888889 0.18672839506172836 0.7378472222222222 0.2623456790123457
0 0.7387152777777778 0.2608024691358024 0.7326388888888888 0.18364197530864196 0.8194444444444444 0.18827160493827158 0.8246527777777778 0.26234567901234573
0 0.8263888888888891 0.25925925925925924 0.8203125000000001 0.18518518518518523 0.9053819444444445 0.18672839506172845 0.9123263888888891 0.25925925925925936
0 0.5859374999999999 0.33641975308641975 0.5850694444444445 0.25617283950617287 0.6762152777777778 0.2592592592592593 0.6788194444444444 0.33796296296296297
0 0.6805555555555556 0.3348765432098766 0.677951388888889 0.2546296296296297 0.7656249999999999 0.26080246913580246 0.7708333333333334 0.330246913580247
0 0.7673611111111109 0.2638888888888889 0.9131944444444445 0.26080246913580246 0.9253472222222224 0.3379629629629628 0.7708333333333333 0.3333333333333333
0 0.587673611111111 0.4151234567901234 0.5859375 0.3348765432098766 0.743923611111111 0.3364197530864198 0.7491319444444444 0.41820987654320996
0 0.75 0.4151234567901235 0.7439236111111112 0.33179012345679015 0.834201388888889 0.33796296296296297 0.8402777777777778 0.41512345679012347
0 0.8420138888888888 0.41666666666666663 0.834201388888889 0.3348765432098766 0.9227430555555556 0.3348765432098766 0.9340277777777778 0.4151234567901234
0 0.5868055555555556 0.49537037037037035 0.5868055555555556 0.4151234567901234 0.681423611111111 0.41512345679012347 0.6831597222222222 0.49074074074074076
0 0.6848958333333334 0.4922839506172838 0.6805555555555556 0.41358024691358025 0.7795138888888891 0.41975308641975323 0.78125 0.4922839506172839
0 0.7821180555555556 0.4922839506172838 0.7777777777777778 0.4182098765432099 0.9279513888888888 0.41820987654320985 0.939236111111111 0.5015432098765431
0 0.5946180555555555 0.5787037037037037 0.5946180555555556 0.4922839506172838 0.7586805555555556 0.4922839506172839 0.7630208333333334 0.5756172839506173
0 0.7630208333333333 0.5756172839506172 0.7586805555555556 0.49074074074074087 0.8489583333333334 0.492283950617284 0.8585069444444444 0.5771604938271605
0 0.8576388888888888 0.5756172839506173 0.849826388888889 0.49537037037037035 0.943576388888889 0.5015432098765432 0.9522569444444445 0.5833333333333334
0 0.5946180555555555 0.6666666666666666 0.5954861111111112 0.5771604938271605 0.7621527777777778 0.5802469135802469 0.767361111111111 0.6666666666666667
0 0.7673611111111109 0.6651234567901234 0.7621527777777778 0.5771604938271605 0.8585069444444444 0.5787037037037036 0.8645833333333333 0.6651234567901234
0 0.865451388888889 0.6635802469135801 0.8585069444444444 0.5771604938271604 0.9539930555555557 0.5833333333333333 0.9618055555555556 0.6666666666666665
0 0.5963541666666665 0.7561728395061726 0.5946180555555556 0.6651234567901234 0.767361111111111 0.6682098765432097 0.7725694444444443 0.7623456790123457
0 0.7725694444444445 0.7623456790123457 0.7673611111111109 0.6635802469135804 0.8663194444444444 0.6651234567901235 0.8732638888888888 0.7546296296296298
0 0.8741319444444444 0.7515432098765431 0.8671874999999999 0.6620370370370371 0.967013888888889 0.6697530864197531 0.978298611111111 0.7546296296296295
0 0.5963541666666666 0.8472222222222222 0.5946180555555556 0.7530864197530864 0.7699652777777778 0.7577160493827161 0.7725694444444443 0.8472222222222222
0 0.7769097222222221 0.8472222222222222 0.7760416666666666 0.7577160493827161 0.8784722222222224 0.7592592592592593 0.8854166666666666 0.8472222222222222
0 0.8914930555555555 0.8487654320987655 0.8828125 0.7530864197530865 0.984375 0.7592592592592594 0.9973958333333335 0.8472222222222223