0 0.03472222222222221 0.8302469135802472 0.05034722222222223 0.6944444444444444 0 0.6867283950617283 0 0.8287037037037037
0 0.03559027777777776 0.8302469135802469 0.05121527777777777 0.6913580246913581 0.1467013888888889 0.6898148148148148 0.13628472222222224 0.8333333333333334
0 0.04774305555555554 0.6882716049382717 0.06163194444444445 0.5385802469135801 0.15711805555555552 0.5462962962962963 0.14062499999999997 0.6944444444444443
0 0.04774305555555556 0.6867283950617283 0.0625 0.5416666666666665 0 0.5339506172839505 0 0.6851851851851852
0 0.05989583333333333 0.5416666666666666 0.07552083333333331 0.4058641975308642 0.16666666666666666 0.41666666666666663 0.1545138888888889 0.5462962962962963
0 0.060763888888888874 0.5416666666666667 0.07465277777777778 0.4089506172839507 0 0.3935185185185185 7.401486830834377e-18 0.5324074074074074
0 0.027777777777777783 0.3919753086419754 0.04166666666666668 0.26851851851851866 0.1779513888888889 0.2901234567901234 0.1657986111111111 0.41820987654320985
0 0.025173611111111095 0.3904320987654321 0.04253472222222222 0.271604938271605 0 0.2592592592592592 0.0008680555555555433 0.38580246913580246
0 0.09201388888888887 0.2777777777777778 0.10503472222222224 0.16820987654320985 0.1866319444444444 0.1712962962962963 0.17881944444444445 0.29012345679012347
0 0.09027777777777776 0.2762345679012345 0.10503472222222224 0.16820987654320993 0.01909722222222223 0.15123456790123457 0.00434027777777779 0.2638888888888889
0 0.18923611111111108 0.17283950617283947 0.19704861111111108 0.06635802469135807 0.06770833333333334 0.05709876543209878 0.05381944444444445 0.15895061728395055
0 0.05208333333333334 0.15586419753086417 0.06770833333333331 0.0540123456790123 0 0.049382716049382686 0 0.1527777777777778
0 0.2632735263838548 0.8396847911646462 0.26826787512284395 0.7445543389934249 0.3702952850764787 0.7470911510513242 0.36744137151134204 0.8434900092514951
0 0.3660144147287738 0.840953197193596 0.3702952850764787 0.7458227450223746 0.4737496518126818 0.7483595570802738 0.47303617342139764 0.8422216032225456
0 0.47446313020396597 0.840953197193596 0.47374965181268186 0.7458227450223746 0.6485518576773008 0.7547015872250218 0.6506922928511533 0.8460268213093943
0 0.4737496518126818 0.7432859329644754 0.47374965181268186 0.6608395410827502 0.644270987329596 0.6621079471116998 0.6456979441121643 0.7521647751671228
0 0.36958180668519447 0.7458227450223746 0.3731491986416154 0.6595711350538006 0.4751766085952501 0.6595711350538006 0.4723226950301135 0.7470911510513243
0 0.27040831029669643 0.7470911510513243 0.27682961581825377 0.6570343229959014 0.37243572025033117 0.6595711350538006 0.36886832829391036 0.7483595570802739
0 0.28039700777467463 0.658302729024851 0.28681831329623203 0.5771247431720756 0.3788570257718886 0.5771247431720755 0.3738626770328996 0.6570343229959015
0 0.37386267703289955 0.6570343229959014 0.3795705041631728 0.5745879311141764 0.4773170437691026 0.5745879311141764 0.4751766085952502 0.6608395410827502
0 0.47589008698653423 0.6608395410827502 0.4773170437691026 0.5745879311141764 0.6392766385906067 0.5796615552299746 0.6407035953731751 0.6633763531406496
0 0.2825374429485271 0.5809299612589244 0.2889587484700845 0.4972151633482498 0.38028398255445695 0.4972151633482498 0.3774300689893203 0.5758563371431259
0 0.37814354738060446 0.5771247431720756 0.3824244177283094 0.4972151633482498 0.47589008698653434 0.49467835129035054 0.4737496518126818 0.5733195250852268
0 0.47374965181268186 0.5745879311141764 0.47589008698653434 0.4921415392324513 0.6364227250254703 0.49975197540614885 0.6385631601993228 0.5809299612589244
0 0.291099183643937 0.4972151633482498 0.29609353238292613 0.4211108016112728 0.45020486490030454 0.4223792076402224 0.4480644297264521 0.4946783512903504
0 0.4480644297264521 0.49467835129035054 0.45020486490030454 0.4211108016112727 0.5429570557672453 0.4223792076402224 0.5443840125498137 0.4972151633482498
0 0.5429570557672453 0.4972151633482498 0.5429570557672453 0.41857398955337344 0.6335688114603336 0.42111080161127273 0.6364227250254703 0.49975197540614896
0 0.2946665756003578 0.41857398955337344 0.3003744027306311 0.34500643987429574 0.3859918096847303 0.34627484590324537 0.3831378961195936 0.4198423955823231
0 0.38313789611959354 0.42237920764022235 0.38670528807601434 0.3450064398742957 0.4758900869865343 0.34373803384534607 0.4766035653778184 0.4236476136691719
0 0.47589008698653423 0.42111080161127273 0.4773170437691026 0.3412012217874469 0.6300014195039128 0.34120122178744694 0.6321418546777653 0.42618442572707116
0 0.29680701077421034 0.3488116579611446 0.30322831629576774 0.27524410828206686 0.45163182168287286 0.27524410828206686 0.4494913865090204 0.34627484590324537
0 0.4502048649003046 0.34500643987429574 0.45091834329158875 0.27270729622416756 0.5393896638108245 0.27270729622416756 0.5408166205933929 0.34373803384534607
0 0.5408166205933929 0.34120122178744694 0.5401031422021086 0.2701704841662684 0.6264340275474919 0.2752441082820668 0.6300014195039126 0.347543251932195
0 0.2982339675567786 0.27397570225311724 0.3046552730783361 0.20548177668983794 0.3881322448585827 0.2042133706608883 0.38599180968473024 0.2752441082820668
0 0.3852783312934461 0.2752441082820668 0.389559201641151 0.20040815257403946 0.47589008698653423 0.20294496463193867 0.4758900869865343 0.2765125143110165
0 0.4751766085952501 0.2765125143110165 0.47517660859525007 0.20548177668983794 0.6207262004172186 0.20801858874773715 0.6228666355910712 0.27524410828206686
0 0.29966092433934693 0.20294496463193865 0.30394179468705196 0.1395246631844578 0.4466374729438838 0.13952466318445786 0.44521051616131546 0.20421337066088827
0 0.4444970377700312 0.20040815257403943 0.4459239945525996 0.13825625715550824 0.5308279231154146 0.13825625715550824 0.5322548798979829 0.20548177668983794
0 0.5329683582892671 0.2067501827187875 0.5322548798979829 0.1369878511265586 0.6135914165043771 0.1395246631844578 0.617158808460798 0.2105554008056364
0 0.796241884673122 0.19152931037139212 0.7883936223689961 0.07990957982382586 0.9189601679739974 0.08244639188172508 0.9275219086694072 0.19152931037139212
0 0.8005227550208269 0.1902609043424425 0.8811458132359369 0.19026090434244253 0.8932749458877676 0.3031490409189584 0.8076575389336684 0.3056858529768576
0 0.809797974107521 0.30695425900580725 0.9439319116689427 0.3031490409189584 0.9546340875382051 0.4274528317560208 0.8155058012377943 0.42745283175602083
0 0.8183597148029308 0.4261844257270712 0.9061175569308824 0.42745283175602083 0.9168197328001447 0.5568302467088817 0.8269214554983406 0.5619038708246801
0 0.8262079771070565 0.5631722768536298 0.9189601679739974 0.559367058766781 0.9332297357996805 0.7039653460670372 0.8390505881501714 0.7039653460670372
0 0.8397640665414556 0.6988917219512387 0.9318027790171122 0.7001601279801883 0.9453588684515111 0.847295227338344 0.8540336343671387 0.8460268213093943
0 0.9467858252340796 0.847295227338344 0.931089300625828 0.7026969400380877 0.9999626539975984 0.7026969400380877 1 0.8460268213093943
0 0.9336091636081715 0.7001601279801883 0.91791263899992 0.5542934346509822 0.9999626539975984 0.5542934346509824 1 0.6988917219512386
0 0.9186261173912041 0.5580986527378313 0.9064969847393735 0.42872123778497045 0.9942548268673249 0.42745283175602083 1 0.473115448798207 1 0.5580986527378313
0 0.9550135153466963 0.42491601969812154 0.9435978610861497 0.29807541680315985 1 0.29680701077421034 0.9992491756063142 0.42745283175602083
0 0.8922274169136902 0.304417446947908 0.8808117626531438 0.19026090434244253 0.9628617776508219 0.1877240922845433 0.9799852590416419 0.29807541680315985
0 0.9799852590416419 0.3006122288610591 0.9642887344333904 0.19152931037139212 1 0.19026090434244253 0.9992491756063143 0.2968070107742103
0 0.9271878580866141 0.19026090434244253 0.918626117391204 0.07990957982382585 0.9885469997370518 0.07990957982382582 1 0.18899249831349288