0 0.1015625 0.47685185185185175 0.11805555555555554 0.3256172839506173 0.19965277777777776 0.3287037037037037 0.1866319444444444 0.48456790123456794
0 0.19184027777777773 0.4861111111111111 0.20572916666666663 0.3271604938271605 0.3229166666666667 0.3271604938271605 0.31423611111111105 0.48148148148148145
0 0.31684027777777773 0.48148148148148145 0.3263888888888889 0.32407407407407407 0.44704861111111105 0.32407407407407407 0.44184027777777773 0.4861111111111111
0 0.0720486111111111 0.6466049382716049 0.09114583333333333 0.4753086419753087 0.18142361111111108 0.4799382716049383 0.16493055555555552 0.6496913580246912
0 0.17447916666666663 0.6589506172839504 0.1892361111111111 0.4876543209876544 0.31423611111111105 0.4861111111111111 0.3055555555555555 0.6589506172839505
0 0.3081597222222222 0.6635802469135801 0.3168402777777778 0.48765432098765427 0.44184027777777773 0.48919753086419754 0.43923611111111105 0.6635802469135802
0 0.05902777777777779 0.8348765432098768 0.078125 0.6558641975308643 0.16840277777777776 0.6589506172839507 0.1527777777777778 0.8364197530864198
0 0.1631944444444444 0.8395061728395062 0.1762152777777778 0.6651234567901235 0.3055555555555555 0.6666666666666666 0.296875 0.8425925925925924
0 0.2986111111111111 0.8425925925925928 0.30902777777777773 0.6666666666666666 0.4348958333333333 0.6651234567901235 0.43142361111111105 0.8425925925925926
0 0.5546874999999999 0.845679012345679 0.552951388888889 0.720679012345679 0.6875 0.7145061728395061 0.6918402777777778 0.8441358024691359
0 0.693576388888889 0.845679012345679 0.685763888888889 0.7145061728395061 0.802951388888889 0.7222222222222222 0.8133680555555556 0.8456790123456788
0 0.8038194444444443 0.714506172839506 0.939236111111111 0.7145061728395061 0.9522569444444444 0.8456790123456789 0.814236111111111 0.8456790123456788
0 0.5538194444444444 0.7191358024691357 0.5512152777777779 0.5987654320987653 0.681423611111111 0.5972222222222221 0.6866319444444444 0.7191358024691359
0 0.6866319444444444 0.7145061728395061 0.681423611111111 0.5941358024691357 0.795138888888889 0.5895061728395061 0.8029513888888888 0.7175925925925926
0 0.8012152777777776 0.7175925925925926 0.795138888888889 0.5864197530864197 0.923611111111111 0.5941358024691358 0.9366319444444443 0.7191358024691358
0 0.5529513888888888 0.5972222222222222 0.5494791666666665 0.48765432098765427 0.677951388888889 0.48456790123456783 0.681423611111111 0.5925925925925927
0 0.6805555555555555 0.5925925925925926 0.6753472222222222 0.48148148148148145 0.7899305555555556 0.4861111111111111 0.7960069444444443 0.5941358024691358
0 0.7934027777777778 0.5941358024691358 0.787326388888889 0.48148148148148145 0.9149305555555556 0.47685185185185186 0.9262152777777778 0.5972222222222221
0 0.5486111111111112 0.48919753086419765 0.5460069444444445 0.37962962962962965 0.6710069444444444 0.37654320987654327 0.6770833333333334 0.48456790123456794
0 0.6762152777777776 0.4861111111111111 0.670138888888889 0.3719135802469136 0.779513888888889 0.37345679012345684 0.787326388888889 0.48148148148148145
0 0.7873263888888888 0.48302469135802456 0.7803819444444444 0.37037037037037035 0.9036458333333334 0.3719135802469137 0.9114583333333333 0.478395061728395
0 0.546875 0.3765432098765432 0.545138888888889 0.27932098765432106 0.6649305555555556 0.27469135802469125 0.6727430555555556 0.3780864197530863
0 0.6666666666666666 0.2746913580246913 0.771701388888889 0.2700617283950617 0.7777777777777776 0.37654320987654316 0.6710069444444443 0.37808641975308643
0 0.7717013888888888 0.2700617283950617 0.888888888888889 0.26851851851851855 0.8993055555555555 0.37345679012345684 0.7803819444444443 0.37654320987654327