0 0.04600694444444443 0.4305555555555556 0.024305555555555566 0.20833333333333334 0.13281250000000003 0.21141975308641975 0.15104166666666666 0.43209876543209874
0 0.15538194444444445 0.42901234567901225 0.1362847222222222 0.20524691358024688 0.2456597222222222 0.2067901234567901 0.2586805555555555 0.4274691358024691
0 0.2647569444444444 0.419753086419753 0.2508680555555555 0.20216049382716048 0.4210069444444445 0.2037037037037037 0.42708333333333337 0.4243827160493827
0 0.06684027777777776 0.6265432098765432 0.046875 0.43055555555555564 0.15104166666666666 0.43209876543209874 0.16666666666666666 0.6296296296296295
0 0.1657986111111111 0.6265432098765433 0.1501736111111111 0.42901234567901225 0.2534722222222222 0.4305555555555556 0.265625 0.6311728395061729
0 0.2708333333333333 0.6219135802469136 0.25607638888888884 0.4274691358024692 0.42013888888888895 0.43209876543209885 0.42187500000000006 0.6342592592592593
0 0.08506944444444443 0.8055555555555556 0.06597222222222224 0.6280864197530863 0.1675347222222222 0.6296296296296295 0.1805555555555556 0.8101851851851853
0 0.18229166666666666 0.8024691358024691 0.16840277777777776 0.6265432098765433 0.2664930555555556 0.6296296296296298 0.2786458333333333 0.8070987654320987
0 0.2795138888888889 0.8055555555555556 0.2664930555555556 0.6234567901234568 0.4227430555555555 0.632716049382716 0.4270833333333333 0.8117283950617283
0 0.08593749999999997 0.8966049382716049 0.1788194444444444 0.8981481481481481 0.19010416666666666 1 0.10069444444444446 1
0 0.18055555555555552 0.8981481481481481 0.27430555555555547 0.9027777777777778 0.2821180555555556 1 0.19010416666666669 1
0 0.2786458333333333 0.8935185185185185 0.421875 0.8950617283950616 0.4253472222222222 1 0.28559027777777773 1
2 0.5435729323150956 0.36689293356814207 0.5463922939972279 0.26765140235708723 0.6016517829670197 0.26865384206628984 0.6005240382941669 0.36589049385893946
2 0.6005240382941669 0.3699002526957498 0.6033433999762992 0.26965628177549233 0.657475144273238 0.26965628177549233 0.6552196549275322 0.36889781298654717
2 0.6546557825911059 0.36689293356814207 0.6580390166096646 0.26965628177549233 0.7132985055794566 0.2676514023570873 0.7082236545516184 0.36889781298654717
2 0.5418813153058164 0.45911738681477887 0.544136804651522 0.366892933568142 0.5999601659577405 0.3658904938589394 0.5988324212848876 0.4611222662331839
2 0.5988324212848876 0.461122266233184 0.6005240382941669 0.3699002526957497 0.6540919102546795 0.3678953732773447 0.6507086762361207 0.45911738681477887
2 0.6512725485725472 0.45911738681477887 0.6546557825911059 0.3638856144405343 0.7070959098787655 0.3658904938589394 0.7020210588509275 0.461122266233184
2 0.5396258259601106 0.597454066684734 0.5418813153058163 0.5112442516933127 0.5960130596027554 0.5122466914025151 0.5937575702570496 0.5954491872663288
2 0.5937575702570493 0.5944467475571262 0.5965769319391818 0.5132491311117178 0.6473254422175619 0.5142515708209204 0.6445060805354298 0.5924418681387211
2 0.6445060805354299 0.5934443078479237 0.647325442217562 0.5122466914025151 0.6986378248323687 0.5142515708209204 0.6935629738045307 0.5934443078479237
2 0.5356787196051254 0.672637044874927 0.5373703366144047 0.5934443078479237 0.589246591565638 0.5954491872663288 0.5864272298835057 0.6806565625485477
2 0.5858633575470793 0.6756443640025348 0.5898104639020645 0.5984565063939364 0.6416867188532975 0.5984565063939365 0.6377396124983125 0.6756443640025347
2 0.6394312295075918 0.6736394845841297 0.643378335862577 0.5944467475571261 0.692435229131678 0.5954491872663287 0.6867965057674134 0.6766468037117374