0 0.3776041666666667 0.8379629629629629 0.38454861111111105 0.6728395061728396 0.484375 0.6759259259259259 0.48437499999999994 0.8395061728395062
0 0.48437499999999994 0.6774691358024691 0.5859375 0.6790123456790123 0.5868055555555556 0.8425925925925926 0.48350694444444453 0.8379629629629629
0 0.5850694444444444 0.6805555555555555 0.7413194444444445 0.6882716049382716 0.7491319444444444 0.8472222222222222 0.5868055555555556 0.8425925925925926
0 0.38715277777777773 0.6728395061728395 0.3897569444444444 0.5324074074074073 0.4861111111111112 0.5324074074074073 0.484375 0.6774691358024693
0 0.4852430555555555 0.6728395061728395 0.4852430555555556 0.5262345679012346 0.584201388888889 0.5277777777777778 0.5876736111111112 0.6790123456790123
0 0.5868055555555555 0.6774691358024691 0.5850694444444445 0.5246913580246914 0.734375 0.5370370370370371 0.7413194444444444 0.6882716049382717
0 0.390625 0.5308641975308641 0.39236111111111105 0.388888888888889 0.4895833333333333 0.3919753086419753 0.48697916666666663 0.5277777777777778
0 0.48697916666666663 0.5246913580246914 0.49045138888888895 0.39351851851851855 0.5824652777777779 0.3950617283950618 0.584201388888889 0.529320987654321
0 0.5842013888888888 0.5308641975308641 0.5833333333333334 0.3966049382716049 0.7300347222222222 0.3996913580246913 0.7352430555555556 0.5385802469135802
0 0.3914930555555555 0.39043209876543206 0.3993055555555555 0.25308641975308643 0.5407986111111112 0.26080246913580246 0.5399305555555555 0.3981481481481482
0 0.5399305555555555 0.3950617283950617 0.5399305555555556 0.26080246913580246 0.634548611111111 0.26388888888888884 0.6371527777777778 0.3950617283950617
0 0.6354166666666665 0.3950617283950617 0.631076388888889 0.26234567901234573 0.7239583333333335 0.26851851851851855 0.7300347222222222 0.4012345679012346
0 0.3984375 0.2546296296296296 0.40277777777777773 0.12654320987654324 0.4939236111111111 0.13271604938271603 0.4921875 0.26080246913580246
0 0.49218750000000006 0.26080246913580246 0.4939236111111112 0.13271604938271606 0.5824652777777779 0.1358024691358025 0.5833333333333333 0.2654320987654321
0 0.5824652777777778 0.2623456790123457 0.5815972222222222 0.1342592592592593 0.717013888888889 0.1388888888888889 0.7239583333333334 0.271604938271605
0 0.40277777777777773 0.1280864197530864 0.4071180555555555 0.00925925925925922 0.5407986111111112 0.013888888888888862 0.5416666666666666 0.13580246913580246
0 0.5416666666666665 0.13425925925925927 0.5407986111111112 0.013888888888888876 0.6276041666666666 0.016975308641975318 0.6284722222222222 0.14197530864197533
0 0.6284722222222221 0.1388888888888889 0.626736111111111 0.018518518518518493 0.709201388888889 0.023148148148148136 0.7161458333333334 0.14043209876543206