0 0.01909722222222221 0.7175925925925926 0.03559027777777777 0.8564814814814815 0 0.8595679012345677 0 0.7191358024691358
0 0.04861111111111109 0.9398148148148148 0.05815972222222222 1 0 0.9969135802469137 0 0.9367283950617284
0 0.20833333333333331 0.5709876543209876 0.1987847222222223 0.4135802469135802 0.3098958333333333 0.4197530864197531 0.3151041666666667 0.5787037037037037
0 0.31684027777777773 0.5740740740740741 0.3116319444444444 0.41512345679012347 0.421875 0.419753086419753 0.4227430555555556 0.5787037037037037
0 0.421875 0.5787037037037037 0.4201388888888889 0.41820987654320996 0.53125 0.42592592592592593 0.5277777777777779 0.5848765432098765
0 0.19878472222222218 0.5802469135802468 0.3029513888888889 0.5833333333333334 0.30902777777777773 0.736111111111111 0.2074652777777778 0.7330246913580245
0 0.31423611111111105 0.7299382716049382 0.3081597222222222 0.5802469135802468 0.4131944444444444 0.5879629629629629 0.41579861111111105 0.7376543209876543
0 0.4175347222222222 0.7361111111111112 0.41840277777777773 0.587962962962963 0.521701388888889 0.5941358024691357 0.5208333333333334 0.7407407407407408
0 0.21006944444444445 0.7345679012345678 0.3107638888888889 0.7422839506172839 0.31423611111111105 0.8827160493827159 0.21701388888888887 0.8719135802469139
0 0.31684027777777773 0.7361111111111112 0.4184027777777778 0.7453703703703703 0.421875 0.8827160493827162 0.3211805555555555 0.8765432098765434
0 0.4227430555555555 0.7422839506172839 0.5260416666666666 0.7469135802469136 0.5234375 0.8858024691358025 0.4236111111111111 0.8780864197530863
0 0.2204861111111111 0.9660493827160493 0.31684027777777773 0.9675925925925926 0.31684027777777773 1 0.2222222222222222 0.9969135802469137
0 0.3116319444444444 0.970679012345679 0.41579861111111105 0.9768518518518519 0.41579861111111105 1 0.31423611111111105 0.9969135802469137
0 0.4175347222222222 0.9753086419753085 0.5121527777777779 0.9768518518518519 0.5121527777777779 1 0.4157986111111111 1
0 0.595486111111111 0.6496913580246912 0.599826388888889 0.5015432098765432 0.6987847222222222 0.5061728395061728 0.6901041666666666 0.6604938271604938
0 0.6901041666666666 0.654320987654321 0.6987847222222222 0.5015432098765432 0.7994791666666666 0.5092592592592593 0.7855902777777778 0.6635802469135802
0 0.7881944444444443 0.6311728395061726 0.7994791666666666 0.5108024691358024 0.7899305555555555 0.48765432098765427 0.9322916666666666 0.4938271604938272 0.9166666666666666 0.6450617283950617
0 0.5868055555555556 0.7885802469135803 0.5894097222222222 0.6496913580246914 0.7300347222222222 0.6635802469135802 0.7213541666666666 0.8055555555555556
0 0.7230902777777778 0.8086419753086419 0.732638888888889 0.6666666666666666 0.8315972222222222 0.6759259259259259 0.8168402777777778 0.816358024691358
0 0.8194444444444445 0.8148148148148149 0.8333333333333335 0.6774691358024691 0.8315972222222222 0.66820987654321 0.9305555555555557 0.675925925925926 0.9131944444444445 0.8209876543209879
0 0.5833333333333333 0.9243827160493826 0.5868055555555556 0.7932098765432102 0.6788194444444444 0.8055555555555557 0.6710069444444444 0.9367283950617287
0 0.6736111111111109 0.9320987654320988 0.6788194444444444 0.8009259259259262 0.7725694444444444 0.8148148148148148 0.7621527777777778 0.9429012345679012
0 0.7612847222222221 0.9382716049382716 0.7725694444444445 0.8117283950617284 0.9114583333333334 0.8194444444444444 0.8984375 0.9537037037037037