0 0.14149305555555555 0.6635802469135802 0.12934027777777776 0.8271604938271605 0 0.8240740740740742 0 0.6589506172839507
0 0.14062499999999997 0.6604938271604938 0.24913194444444448 0.6635802469135803 0.24045138888888887 0.8240740740740742 0.12586805555555555 0.8240740740740742
0 0.24913194444444445 0.662037037037037 0.35329861111111105 0.6682098765432098 0.34809027777777773 0.8271604938271604 0.23871527777777785 0.8256172839506173
0 0.24913194444444445 0.6604938271604938 0.2612847222222222 0.5061728395061728 0.3585069444444444 0.5154320987654322 0.35329861111111105 0.6651234567901235
0 0.14062499999999997 0.6604938271604938 0.15885416666666666 0.5061728395061729 0.2595486111111111 0.5138888888888888 0.2508680555555555 0.6635802469135802
0 0.140625 0.6558641975308641 0.15538194444444445 0.5077160493827161 0 0.5046296296296297 0.0008680555555555506 0.6604938271604939
0 0.26128472222222215 0.5061728395061729 0.2690972222222222 0.37345679012345673 0.3663194444444445 0.37808641975308643 0.359375 0.5169753086419754
0 0.2604166666666667 0.5092592592592593 0.2682291666666667 0.3734567901234568 0.16753472222222224 0.37191358024691357 0.15711805555555555 0.5092592592592593
0 0.15625 0.5030864197530864 0.1701388888888889 0.367283950617284 0.00868055555555555 0.3595679012345679 0 0.44444444444444453 0.0017361111111111457 0.5015432098765433
0 0.21961805555555555 0.3688271604938271 0.22656250000000006 0.23456790123456783 0.3732638888888889 0.24537037037037038 0.36979166666666674 0.3780864197530863
0 0.11805555555555557 0.3641975308641975 0.1284722222222222 0.23148148148148143 0.22743055555555552 0.2391975308641975 0.2204861111111111 0.3734567901234567
0 0.1189236111111111 0.3641975308641975 0.13194444444444445 0.23456790123456794 0.03472222222222219 0.23148148148148148 0.016493055555555566 0.36265432098765427
0 0.2803819444444444 0.23611111111111105 0.28732638888888895 0.11574074074074077 0.3767361111111111 0.12037037037037042 0.37239583333333337 0.24537037037037032
0 0.18229166666666663 0.2391975308641975 0.19184027777777773 0.10648148148148154 0.2873263888888889 0.11728395061728397 0.2803819444444444 0.24228395061728392
0 0.035590277777777755 0.2268518518518518 0.052083333333333336 0.10030864197530867 0.19184027777777776 0.11265432098765431 0.18229166666666666 0.23919753086419757
0 0.05295138888888886 0.10185185185185185 0.06944444444444446 0 0.1579861111111111 0.0015432098765432274 0.1449652777777778 0.11111111111111116
0 0.14756944444444445 0.10493827160493825 0.15972222222222224 0 0.24652777777777782 0.0061728395061728305 0.23871527777777782 0.11419753086419751
0 0.23958333333333331 0.1111111111111111 0.24913194444444448 0 0.3810763888888889 0.0077160493827160585 0.3741319444444444 0.12191358024691354
0 0.5651041666666666 0.12962962962962962 0.5642361111111112 0.009259259259259259 0.6493055555555556 0.016975308641975318 0.6553819444444444 0.13271604938271608
0 0.6553819444444444 0.1280864197530864 0.650173611111111 0.01543209876543209 0.732638888888889 0.027777777777777738 0.7378472222222222 0.13425925925925927
0 0.7387152777777776 0.13425925925925927 0.7335069444444444 0.024691358024691336 0.8567708333333334 0.041666666666666616 0.8671875000000001 0.15432098765432098
0 0.5642361111111112 0.25154320987654316 0.5642361111111112 0.12345679012345682 0.7005208333333334 0.1373456790123457 0.7065972222222222 0.25925925925925924
0 0.7057291666666666 0.2546296296296296 0.7013888888888891 0.13271604938271608 0.7873263888888891 0.14351851851851855 0.795138888888889 0.26697530864197533
0 0.796875 0.26543209876543206 0.7881944444444444 0.1419753086419753 0.8697916666666665 0.15123456790123463 0.8793402777777778 0.27314814814814814
0 0.5590277777777779 0.37962962962962965 0.5581597222222222 0.24845679012345684 0.650173611111111 0.25771604938271603 0.6527777777777778 0.39043209876543217
0 0.6527777777777778 0.3873456790123456 0.6493055555555556 0.25617283950617287 0.7387152777777778 0.2623456790123457 0.7447916666666665 0.39197530864197533
0 0.7456597222222222 0.39197530864197533 0.7404513888888891 0.257716049382716 0.8741319444444445 0.2700617283950617 0.8880208333333334 0.40432098765432106
0 0.5555555555555556 0.5169753086419754 0.5538194444444445 0.3780864197530863 0.7022569444444444 0.38580246913580246 0.7065972222222222 0.5185185185185185
0 0.7065972222222221 0.5185185185185184 0.7022569444444444 0.38580246913580246 0.7925347222222224 0.39043209876543206 0.8020833333333334 0.523148148148148
0 0.8020833333333334 0.523148148148148 0.7925347222222222 0.39351851851851855 0.8836805555555556 0.4027777777777778 0.8923611111111112 0.5308641975308642
0 0.5546875 0.6697530864197531 0.552951388888889 0.5169753086419754 0.7083333333333334 0.5216049382716049 0.712673611111111 0.6759259259259258
0 0.7135416666666665 0.6759259259259258 0.7057291666666666 0.5169753086419753 0.8038194444444443 0.5262345679012346 0.8125 0.6820987654320988
0 0.8133680555555555 0.6805555555555555 0.8029513888888891 0.5200617283950617 0.8949652777777779 0.5308641975308642 0.9097222222222224 0.6882716049382717
0 0.5555555555555556 0.8302469135802468 0.5555555555555556 0.6697530864197532 0.7118055555555556 0.6728395061728396 0.71875 0.837962962962963
0 0.7178819444444443 0.8379629629629629 0.712673611111111 0.6774691358024691 0.8125 0.6820987654320987 0.8229166666666665 0.8348765432098764
0 0.8246527777777776 0.8364197530864197 0.8133680555555557 0.6805555555555556 0.9071180555555557 0.6867283950617283 0.9184027777777779 0.8364197530864197