0 0.5824652777777778 0.4151234567901234 0.5876736111111112 0.18827160493827153 0.7291666666666666 0.18981481481481488 0.717013888888889 0.4182098765432098
0 0.7178819444444444 0.41358024691358025 0.7300347222222224 0.1867283950617283 0.8081597222222224 0.18518518518518517 0.7942708333333334 0.4135802469135801
0 0.795138888888889 0.41358024691358014 0.8090277777777778 0.19135802469135793 0.888888888888889 0.18518518518518523 0.8706597222222222 0.4166666666666666
0 0.8715277777777778 0.41358024691358025 0.8897569444444444 0.18827160493827153 0.96875 0.18518518518518523 0.9470486111111112 0.41512345679012347
0 0.5703125 0.6188271604938272 0.576388888888889 0.4151234567901234 0.7100694444444443 0.4135802469135802 0.6979166666666666 0.6234567901234568
0 0.7005208333333333 0.6203703703703703 0.7109375 0.41820987654320985 0.7890625 0.4166666666666667 0.7743055555555556 0.625
0 0.7743055555555555 0.6172839506172838 0.7907986111111112 0.41512345679012347 0.8671875000000001 0.41820987654320985 0.8489583333333335 0.6219135802469136
0 0.8524305555555555 0.6203703703703703 0.8697916666666666 0.41512345679012347 0.9453124999999999 0.4151234567901234 0.9253472222222222 0.625
0 0.5642361111111112 0.8040123456790123 0.5703125 0.6219135802469136 0.6961805555555556 0.625 0.6848958333333334 0.8055555555555556
0 0.6883680555555557 0.8024691358024693 0.6987847222222224 0.6172839506172839 0.7725694444444444 0.617283950617284 0.7586805555555556 0.808641975308642
0 0.759548611111111 0.8009259259259259 0.7725694444444445 0.6219135802469135 0.8446180555555556 0.6219135802469135 0.826388888888889 0.8055555555555556
0 0.8333333333333334 0.8024691358024693 0.849826388888889 0.6234567901234568 0.921875 0.6203703703703703 0.9019097222222222 0.8024691358024693
0 0.5659722222222222 0.9984567901234567 0.568576388888889 0.8873456790123455 0.689236111111111 0.8888888888888888 0.6831597222222222 1
0 0.6822916666666665 1 0.6875 0.8904320987654323 0.7578125 0.8935185185185185 0.75 1
0 0.7508680555555555 1 0.756076388888889 0.8904320987654322 0.826388888888889 0.8935185185185186 0.8159722222222222 1
0 0.8168402777777778 1 0.828125 0.8888888888888888 0.8897569444444443 0.8888888888888888 0.876736111111111 1