0 0.1145833333333333 0.40895061728395066 0.10243055555555554 0.1867283950617283 0.21006944444444448 0.19598765432098755 0.22048611111111113 0.4166666666666667
0 0.22309027777777776 0.40895061728395066 0.21006944444444453 0.19290123456790126 0.31684027777777773 0.2006172839506172 0.3237847222222222 0.4166666666666667
0 0.32465277777777773 0.4151234567901234 0.3185763888888889 0.19907407407407413 0.48784722222222215 0.19907407407407418 0.48958333333333326 0.4166666666666668
0 0.12152777777777776 0.6064814814814816 0.109375 0.4135802469135802 0.21006944444444448 0.41820987654320985 0.22135416666666666 0.6157407407407407
0 0.22482638888888884 0.6080246913580245 0.2144097222222222 0.4135802469135801 0.31597222222222227 0.4197530864197531 0.32204861111111105 0.6141975308641976
0 0.32465277777777773 0.6141975308641975 0.3194444444444445 0.41203703703703703 0.4817708333333333 0.41820987654320985 0.48003472222222227 0.6172839506172839
0 0.1371527777777778 0.7808641975308641 0.12326388888888888 0.6080246913580245 0.2204861111111111 0.6126543209876542 0.2309027777777778 0.7870370370370369
0 0.23350694444444445 0.7870370370370371 0.22569444444444453 0.6080246913580247 0.3194444444444444 0.6157407407407408 0.3263888888888889 0.7916666666666666
0 0.328125 0.7901234567901234 0.32291666666666674 0.611111111111111 0.4782986111111112 0.617283950617284 0.47569444444444453 0.7947530864197531
0 0.13541666666666666 0.8765432098765433 0.22743055555555552 0.8796296296296297 0.23524305555555552 1 0.14149305555555555 0.9969135802469139
0 0.2282986111111111 0.8811728395061731 0.3229166666666667 0.8888888888888888 0.328125 1 0.23350694444444453 1
0 0.32465277777777773 0.8811728395061729 0.4713541666666666 0.8935185185185185 0.4704861111111111 1 0.32986111111111105 1
0 0.5677083333333333 0.5555555555555556 0.5711805555555556 0.381172839506173 0.6631944444444444 0.3734567901234568 0.657986111111111 0.5493827160493828
0 0.6605902777777776 0.5555555555555556 0.6649305555555556 0.3734567901234568 0.756076388888889 0.36574074074074076 0.7491319444444444 0.5462962962962963
0 0.7543402777777778 0.5524691358024691 0.7630208333333334 0.37962962962962965 0.9175347222222221 0.36728395061728397 0.8975694444444444 0.5432098765432098
0 0.5555555555555556 0.726851851851852 0.5581597222222222 0.5648148148148149 0.6484375 0.5617283950617284 0.6440972222222222 0.7253086419753089
0 0.657986111111111 0.7191358024691358 0.662326388888889 0.5601851851851851 0.7482638888888888 0.5555555555555555 0.7404513888888888 0.714506172839506
0 0.7473958333333333 0.7175925925925926 0.7569444444444444 0.5570987654320986 0.9071180555555556 0.5509259259259258 0.892361111111111 0.7067901234567902
0 0.5564236111111112 0.8858024691358025 0.5581597222222222 0.734567901234568 0.646701388888889 0.7314814814814815 0.6414930555555556 0.8796296296296295
0 0.646701388888889 0.867283950617284 0.650173611111111 0.7206790123456791 0.7378472222222222 0.7222222222222222 0.7291666666666666 0.867283950617284
0 0.7335069444444445 0.867283950617284 0.7430555555555556 0.7206790123456791 0.8854166666666666 0.7160493827160496 0.8715277777777778 0.8580246913580248
0 0.5581597222222222 1 0.5581597222222222 0.9598765432098766 0.697048611111111 0.9537037037037037 0.6944444444444444 1
0 0.6961805555555555 1 0.6961805555555557 0.9490740740740741 0.7760416666666666 0.9459876543209877 0.7725694444444445 1
0 0.775173611111111 0.9984567901234567 0.7769097222222222 0.9459876543209877 0.8550347222222222 0.9382716049382716 0.849826388888889 1