1 0.75 0.3350694444444444 0.7509765625 0.3333333333333333 0.7900390625 0.3333333333333333 0.79296875 0.328125 0.79296875 0.3246527777777778 0.794921875 0.3211805555555556 0.794921875 0.2934027777777778 0.796875 0.2899305555555556 0.796875 0.2517361111111111 0.7939453125 0.2465277777777778 0.7919921875 0.25 0.7431640625 0.25 0.740234375 0.2552083333333333 0.740234375 0.2760416666666667 0.73828125 0.2795138888888889 0.73828125 0.3177083333333333 0.736328125 0.3211805555555556 0.736328125 0.3315972222222222 0.7392578125 0.3368055555555556 0.7490234375 0.3368055555555556
1 0.734375 0.3350694444444444 0.736328125 0.3315972222222222 0.736328125 0.3072916666666667 0.73828125 0.3038194444444444 0.73828125 0.2552083333333333 0.7373046875 0.2534722222222222 0.6865234375 0.2534722222222222 0.6845703125 0.2569444444444444 0.6826171875 0.2569444444444444 0.6796875 0.2621527777777778 0.6796875 0.3142361111111111 0.681640625 0.3177083333333333 0.681640625 0.3211805555555556 0.6796875 0.3246527777777778 0.6796875 0.3315972222222222 0.6826171875 0.3368055555555556 0.7333984375 0.3368055555555556
1 0.779296875 0.4114583333333333 0.7802734375 0.4097222222222222 0.7880859375 0.4097222222222222 0.7890625 0.4079861111111111 0.7890625 0.4010416666666667 0.791015625 0.3975694444444444 0.791015625 0.3663194444444444 0.79296875 0.3628472222222222 0.79296875 0.3385416666666667 0.7900390625 0.3333333333333333 0.7880859375 0.3368055555555556 0.7607421875 0.3368055555555556 0.7578125 0.3420138888888889 0.7578125 0.4079861111111111 0.7607421875 0.4131944444444444 0.7783203125 0.4131944444444444
1 0.703125 0.4149305555555556 0.7041015625 0.4131944444444444 0.7529296875 0.4131944444444444 0.75390625 0.4079861111111111 0.755859375 0.4045138888888889 0.755859375 0.3836805555555556 0.7578125 0.3802083333333333 0.7578125 0.3454861111111111 0.7529296875 0.3368055555555556 0.7041015625 0.3368055555555556 0.703125 0.3420138888888889 0.701171875 0.3454861111111111 0.701171875 0.3697916666666667 0.69921875 0.3732638888888889 0.69921875 0.4114583333333333 0.7021484375 0.4166666666666667
1 0.6388888888888888 0.41820987654320985 0.640625 0.3379629629629631 0.7013888888888891 0.3379629629629631 0.6987847222222222 0.41820987654320996
1 0.6397569444444443 0.33796296296296297 0.6414930555555556 0.2530864197530864 0.6805555555555556 0.2530864197530864 0.6788194444444444 0.33796296296296297
1 0.6458333333333333 0.2546296296296296 0.6484375 0.16820987654320987 0.7135416666666666 0.1666666666666666 0.709201388888889 0.25154320987654316
1 0.7109374999999999 0.2530864197530864 0.7118055555555556 0.16820987654320987 0.7699652777777779 0.1651234567901235 0.7673611111111112 0.25
1 0.7682291666666665 0.24537037037037032 0.7708333333333334 0.16358024691358025 0.8003472222222222 0.15895061728395063 0.796875 0.24845679012345684
1 0.6406249999999999 0.5385802469135802 0.642361111111111 0.46296296296296297 0.6753472222222222 0.46296296296296297 0.673611111111111 0.5385802469135803
1 0.6718749999999999 0.5401234567901234 0.6770833333333334 0.4614197530864198 0.7343750000000001 0.4614197530864198 0.7291666666666665 0.5401234567901235
1 0.7291666666666665 0.5385802469135802 0.732638888888889 0.4583333333333332 0.790798611111111 0.4552469135802469 0.7864583333333335 0.537037037037037
1 0.6380208333333333 0.6126543209876543 0.6397569444444444 0.5385802469135803 0.697048611111111 0.5385802469135803 0.6944444444444444 0.6126543209876543
1 0.6953124999999999 0.6126543209876543 0.6970486111111109 0.5385802469135803 0.7534722222222222 0.5385802469135803 0.7491319444444444 0.6080246913580246
1 0.7508680555555555 0.6049382716049382 0.7534722222222222 0.5354938271604939 0.7847222222222224 0.5354938271604939 0.78125 0.6033950617283951
1 0.6362847222222221 0.6805555555555555 0.6380208333333335 0.6111111111111112 0.6710069444444444 0.6126543209876544 0.6692708333333334 0.6774691358024693
1 0.6692708333333333 0.6774691358024691 0.6710069444444444 0.611111111111111 0.728298611111111 0.6080246913580246 0.7239583333333334 0.6774691358024691
1 0.7248263888888888 0.6774691358024691 0.728298611111111 0.6080246913580248 0.7803819444444444 0.6033950617283951 0.7769097222222222 0.6712962962962963
1 0.4366319444444444 0.8132716049382716 0.4600694444444445 0.8132716049382716 0.4618055555555556 0.8904320987654322 0.43229166666666674 0.890432098765432
1 0.4609375 0.8117283950617282 0.5034722222222222 0.8101851851851853 0.5034722222222222 0.890432098765432 0.4609375 0.8904320987654322
1 0.5043402777777778 0.8117283950617282 0.5703125 0.8086419753086421 0.5694444444444445 0.8858024691358023 0.5043402777777779 0.8873456790123457
1 0.5034722222222222 0.8873456790123456 0.5711805555555555 0.8873456790123457 0.5711805555555556 0.91820987654321 0.5043402777777779 0.9182098765432097
1 0.4618055555555555 0.890432098765432 0.5043402777777778 0.8904320987654321 0.5043402777777778 0.9151234567901236 0.462673611111111 0.9182098765432097
1 0.5946180555555555 0.8101851851851852 0.6276041666666666 0.8101851851851852 0.6380208333333334 0.8641975308641977 0.6380208333333334 0.8811728395061728 0.5989583333333334 0.8858024691358023
1 0.6388888888888888 0.8055555555555556 0.6796875 0.8024691358024693 0.6796875 0.8811728395061726 0.6510416666666666 0.8811728395061729
1 0.6796874999999999 0.8009259259259258 0.7447916666666666 0.7978395061728397 0.7421875 0.8734567901234567 0.677951388888889 0.8765432098765431
1 0.6779513888888888 0.8780864197530863 0.7413194444444445 0.8765432098765432 0.7404513888888888 0.9166666666666666 0.6779513888888888 0.9151234567901236
1 0.6510416666666665 0.8811728395061726 0.6788194444444444 0.8811728395061726 0.6788194444444444 0.9120370370370371 0.6614583333333334 0.9135802469135801 0.654513888888889 0.9012345679012345
1 0.5989583333333333 0.8811728395061726 0.638888888888889 0.8842592592592595 0.6380208333333334 0.9166666666666666 0.6067708333333334 0.9151234567901236 0.6015625 0.8981481481481484