0 0.11545138888888887 0.8302469135802469 0.12413194444444443 0.7376543209876543 0.22656249999999997 0.7422839506172839 0.22222222222222224 0.8333333333333331
0 0.22222222222222218 0.83179012345679 0.22829861111111113 0.7376543209876543 0.33159722222222227 0.7453703703703703 0.32638888888888895 0.8348765432098766
0 0.3289930555555556 0.8348765432098766 0.3315972222222222 0.7438271604938274 0.5086805555555556 0.7469135802469136 0.5078125 0.8425925925925926
0 0.12586805555555552 0.7361111111111112 0.13281249999999997 0.6419753086419754 0.234375 0.6481481481481481 0.22829861111111113 0.7407407407407409
0 0.22916666666666663 0.7376543209876542 0.23524305555555552 0.6450617283950617 0.3350694444444444 0.6512345679012346 0.3315972222222222 0.7453703703703702
0 0.3307291666666667 0.7422839506172839 0.3359375 0.6574074074074074 0.5060763888888888 0.654320987654321 0.5078125 0.7484567901234569
0 0.13715277777777773 0.6435185185185185 0.14409722222222224 0.5601851851851852 0.2413194444444445 0.5601851851851852 0.23697916666666666 0.6450617283950617
0 0.23611111111111116 0.6435185185185185 0.24131944444444448 0.5617283950617283 0.3385416666666667 0.5694444444444445 0.3359375 0.6543209876543209
0 0.3368055555555555 0.6574074074074074 0.3402777777777778 0.5663580246913581 0.5069444444444444 0.5709876543209876 0.5078124999999999 0.6574074074074074
0 0.14496527777777776 0.5601851851851853 0.1527777777777778 0.4753086419753087 0.24739583333333334 0.4814814814814814 0.2421875 0.5601851851851851
0 0.24218750000000003 0.5617283950617282 0.24739583333333334 0.478395061728395 0.34375000000000006 0.48148148148148145 0.3420138888888889 0.5632716049382717
0 0.34201388888888895 0.5663580246913581 0.3472222222222222 0.4783950617283949 0.5086805555555556 0.4861111111111112 0.5078125 0.5725308641975309
0 0.15277777777777776 0.4737654320987655 0.15972222222222224 0.3888888888888888 0.3185763888888889 0.3935185185185185 0.31684027777777773 0.4799382716049382
0 0.3159722222222222 0.478395061728395 0.3194444444444444 0.3904320987654322 0.4157986111111111 0.39814814814814814 0.41406250000000006 0.48456790123456794
0 0.4131944444444444 0.48302469135802467 0.4149305555555555 0.40123456790123463 0.5112847222222222 0.4074074074074074 0.5104166666666666 0.4891975308641975
0 0.16319444444444445 0.3873456790123457 0.16840277777777773 0.31327160493827166 0.2586805555555555 0.3194444444444444 0.2560763888888889 0.39351851851851855
0 0.25607638888888884 0.3904320987654321 0.2604166666666667 0.32098765432098775 0.3515625 0.32561728395061734 0.34809027777777773 0.39197530864197533
0 0.3506944444444445 0.3935185185185185 0.3524305555555556 0.32561728395061723 0.5104166666666667 0.33179012345679015 0.5112847222222222 0.4043209876543211
0 0.16840277777777776 0.31481481481481477 0.17708333333333334 0.2391975308641975 0.3307291666666667 0.24845679012345678 0.3272569444444444 0.3271604938271605
0 0.328125 0.32253086419753074 0.33072916666666674 0.2469135802469136 0.4210069444444444 0.24845679012345673 0.4184027777777778 0.330246913580247
0 0.41927083333333326 0.3287037037037038 0.4210069444444444 0.24691358024691365 0.5112847222222222 0.2546296296296297 0.5095486111111112 0.3317901234567901
0 0.17795138888888887 0.2391975308641975 0.18229166666666666 0.16820987654320982 0.2734375 0.17129629629629634 0.2682291666666667 0.24382716049382713
0 0.2734375 0.1712962962962963 0.3619791666666667 0.17746913580246915 0.359375 0.24691358024691354 0.26909722222222227 0.24382716049382713
0 0.3602430555555555 0.24691358024691354 0.36197916666666674 0.17438271604938274 0.5121527777777778 0.17592592592592599 0.5130208333333333 0.25308641975308643
0 0.18836805555555552 0.16666666666666666 0.19357638888888887 0.09876543209876548 0.34375 0.10648148148148154 0.3411458333333333 0.17592592592592599
0 0.3420138888888889 0.17592592592592593 0.34548611111111105 0.10030864197530866 0.4279513888888889 0.10339506172839508 0.4279513888888889 0.17592592592592593
0 0.4270833333333333 0.17438271604938274 0.4288194444444444 0.10339506172839513 0.5112847222222222 0.10956790123456793 0.5112847222222222 0.17901234567901234
0 0.609375 0.15895061728395057 0.6050347222222222 0.08950617283950624 0.6953125 0.08796296296296302 0.6979166666666666 0.1651234567901235
0 0.6987847222222222 0.16512345679012344 0.6935763888888888 0.08487654320987656 0.7777777777777776 0.0895061728395062 0.782986111111111 0.16512345679012344
0 0.7838541666666666 0.16666666666666666 0.7786458333333333 0.0895061728395062 0.9270833333333333 0.09567901234567902 0.9383680555555556 0.16358024691358025
0 0.611111111111111 0.2391975308641975 0.609375 0.16358024691358025 0.765625 0.16975308641975306 0.7708333333333333 0.2391975308641975
0 0.7708333333333333 0.24228395061728392 0.7647569444444443 0.16358024691358022 0.8550347222222222 0.1712962962962963 0.8628472222222224 0.24228395061728392
0 0.8628472222222221 0.24228395061728392 0.8550347222222221 0.16666666666666666 0.9401041666666666 0.16666666666666674 0.9487847222222222 0.24228395061728392
0 0.6145833333333333 0.3117283950617284 0.6119791666666666 0.2361111111111111 0.701388888888889 0.2391975308641975 0.7065972222222222 0.3117283950617284
0 0.7013888888888888 0.2376543209876543 0.7951388888888891 0.24074074074074073 0.7977430555555556 0.31172839506172845 0.7065972222222222 0.3117283950617284
0 0.796875 0.24228395061728392 0.9453124999999999 0.24845679012345678 0.9539930555555556 0.324074074074074 0.7994791666666667 0.31481481481481477
0 0.6145833333333334 0.3919753086419754 0.6128472222222222 0.31327160493827166 0.7725694444444444 0.31172839506172845 0.7769097222222222 0.39197530864197533
0 0.7769097222222221 0.3935185185185185 0.7743055555555556 0.31172839506172845 0.8628472222222222 0.3148148148148148 0.8697916666666666 0.39814814814814814
0 0.8706597222222224 0.3981481481481482 0.8628472222222224 0.316358024691358 0.954861111111111 0.3194444444444444 0.9635416666666666 0.39814814814814814
0 0.6145833333333334 0.47685185185185186 0.6119791666666666 0.3950617283950618 0.709201388888889 0.39814814814814814 0.7118055555555556 0.47685185185185186
0 0.7118055555555556 0.47685185185185186 0.7083333333333335 0.39197530864197533 0.8046875 0.39660493827160503 0.8098958333333334 0.4706790123456791
0 0.810763888888889 0.4691358024691357 0.806423611111111 0.39351851851851855 0.9635416666666666 0.39814814814814814 0.9722222222222222 0.48456790123456794
0 0.6206597222222221 0.5648148148148148 0.6197916666666666 0.47376543209876537 0.7881944444444444 0.47376543209876537 0.790798611111111 0.5617283950617283 0.631076388888889 0.5570987654320987
0 0.796875 0.5632716049382716 0.7899305555555557 0.46913580246913567 0.8914930555555556 0.47685185185185175 0.8984375 0.5648148148148147
0 0.8984375000000001 0.5679012345679012 0.8897569444444445 0.47685185185185197 0.9817708333333334 0.4861111111111111 0.9913194444444445 0.5694444444444444
0 0.6336805555555556 0.6450617283950617 0.631076388888889 0.5555555555555555 0.8020833333333333 0.5617283950617282 0.806423611111111 0.6466049382716049
0 0.8046874999999999 0.6481481481481481 0.8003472222222222 0.5586419753086419 0.8993055555555557 0.5663580246913581 0.9088541666666667 0.6481481481481483
0 0.9079861111111112 0.6496913580246914 0.8993055555555556 0.5617283950617283 0.9947916666666667 0.5679012345679013 1 0.6126543209876543 1 0.6527777777777778
0 0.6362847222222221 0.7422839506172838 0.6354166666666666 0.6450617283950618 0.806423611111111 0.6450617283950616 0.8107638888888888 0.742283950617284
0 0.8116319444444445 0.7376543209876542 0.8081597222222224 0.6435185185185185 0.9114583333333334 0.6466049382716049 0.9166666666666667 0.7438271604938271
0 0.9184027777777778 0.7391975308641976 0.9114583333333334 0.6496913580246912 1 0.654320987654321 1 0.7438271604938272
0 0.6380208333333334 0.8271604938271604 0.6354166666666666 0.7422839506172839 0.810763888888889 0.7484567901234568 0.8151041666666666 0.8333333333333334 0.6475694444444444 0.8256172839506174
0 0.8185763888888891 0.83179012345679 0.8142361111111112 0.7407407407407407 0.9192708333333335 0.7469135802469137 0.9270833333333334 0.8364197530864199
0 0.927951388888889 0.8333333333333334 0.9184027777777778 0.7376543209876545 1 0.7391975308641976 1 0.8333333333333331