0 0.49819791666666663 0.36160185185185184 0.08424999999999999 0.13472222222222222
0 0.5749010416666667 0.6396666666666667 0.13144791666666666 0.19990740740740742
0 0.447046875 0.6035833333333334 0.11395833333333334 0.17360185185185187
0 0.332078125 0.40940740740740744 0.11161458333333334 0.1844722222222222
0 0.32430729166666666 0.7648425925925926 0.12186979166666667 0.15354629629629632
0 0.4664114583333333 0.7819907407407407 0.09502604166666666 0.2013148148148148
0 0.213578125 0.7816388888888889 0.09917187499999999 0.15746296296296297
0 0.5846666666666667 0.8623518518518519 0.1451666666666667 0.2366574074074074
0 0.4218958333333333 0.40264814814814814 0.08316666666666667 0.16241666666666665
0 0.43109375 0.20962962962962964 0.053510416666666664 0.10522222222222222
0 0.4009479166666667 0.2848703703703704 0.07921354166666666 0.07840740740740741
0 0.2639739583333333 0.25782407407407404 0.08994270833333333 0.1403888888888889
0 0.36103645833333337 0.12138888888888888 0.05660416666666667 0.05841666666666667
0 0.30346875 0.11033333333333332 0.07056770833333334 0.08592592592592592
0 0.4229427083333333 0.07418518518518519 0.07341145833333333 0.06117592592592592
0 0.42482291666666666 0.12312037037037037 0.06357291666666667 0.06394444444444444
