0 0.49610937499999996 0.36156481481481484 0.08489062500000001 0.12971296296296297
0 0.42696354166666667 0.4042222222222222 0.08219270833333334 0.16239814814814812
0 0.3315885416666667 0.40819444444444447 0.11431770833333334 0.18094444444444444
0 0.44892187499999997 0.6096666666666667 0.10741145833333333 0.1826111111111111
0 0.5755260416666667 0.6389907407407408 0.13618229166666668 0.1913888888888889
0 0.5867239583333334 0.8335462962962963 0.14767708333333335 0.17317592592592593
0 0.46156250000000004 0.7800925925925926 0.09840104166666667 0.19096296296296297
0 0.3243229166666667 0.7607685185185186 0.126140625 0.12124074074074073
0 0.21403645833333332 0.7775648148148148 0.10540624999999999 0.15266666666666667
0 0.42928125 0.21883333333333332 0.05721875 0.10449074074074073
0 0.40211458333333333 0.28624074074074074 0.07561979166666667 0.08092592592592593
0 0.3599322916666667 0.11676851851851852 0.05035416666666667 0.07000925925925926
0 0.4209322916666667 0.12235185185185184 0.05818229166666666 0.06831481481481481
0 0.3029322916666667 0.10937037037037037 0.061661458333333335 0.09084259259259259
