0 0.4995052083333333 0.3655462962962963 0.08293750000000001 0.13682407407407407
0 0.42501041666666667 0.40593518518518523 0.08283333333333333 0.17978703703703702
0 0.33022916666666663 0.4121759259259259 0.11349479166666666 0.17891666666666667
0 0.40241666666666664 0.2897685185185185 0.07143229166666668 0.08537037037037037
0 0.43191666666666667 0.21887037037037035 0.051609375 0.1015
0 0.44703125 0.6082314814814814 0.11061979166666666 0.17733333333333334
0 0.5751770833333333 0.6411851851851852 0.13293750000000001 0.1868425925925926
0 0.463625 0.8216388888888889 0.09375520833333333 0.2771574074074074
0 0.32385416666666667 0.758175925925926 0.129515625 0.12760185185185186
0 0.21217708333333332 0.7823518518518519 0.09384375 0.15853703703703703
0 0.586453125 0.8412777777777778 0.14411979166666666 0.19015740740740741
0 0.36114583333333333 0.11849074074074074 0.05463020833333333 0.07376851851851852
