0 0.7149505208333333 0.52125 0.07252604166666667 0.02587037037037037
0 0.7133229166666666 0.547 0.0696875 0.022949074074074073
0 0.70690625 0.5653333333333332 0.050484375000000005 0.023087962962962963
0 0.7144947916666666 0.6528472222222222 0.11193229166666667 0.1728009259259259
0 0.7373177083333334 0.802787037037037 0.1460078125 0.15155555555555555
0 0.7404921874999999 0.9362685185185184 0.1559140625 0.12745833333333334
0 0.19054947916666667 0.6628101851851852 0.1619375 0.2924490740740741
0 0.1800703125 0.9064398148148148 0.1149375 0.18711574074074075
0 0.28948437499999996 0.5159537037037037 0.03428645833333333 0.0913287037037037
0 0.30335677083333334 0.6113796296296296 0.03598958333333333 0.101625
0 0.7300885416666667 0.8563703703703703 0.131640625 0.08234259259259259
0 0.595015625 0.7332314814814814 0.11410156249999999 0.3406944444444444
0 0.24617187499999998 0.3510972222222222 0.07787239583333333 0.12735648148148146
0 0.23258072916666667 0.4588564814814815 0.050690104166666666 0.09287500000000001
