0 0.7149505208333333 0.52125 0.07252604166666667 0.02587037037037037
0 0.7133229166666666 0.547 0.0696875 0.022949074074074073
0 0.70690625 0.5653333333333332 0.050484375000000005 0.023087962962962963
0 0.7144947916666666 0.6528472222222222 0.11193229166666667 0.1728009259259259
0 0.7373177083333334 0.802787037037037 0.1460078125 0.15155555555555555
0 0.7404921874999999 0.9362685185185184 0.1559140625 0.12745833333333334
0 0.19054947916666667 0.6628101851851852 0.1619375 0.2924490740740741
0 0.1800703125 0.9064398148148148 0.1149375 0.18711574074074075
0 0.3116145833333333 0.5191203703703704 0.10154947916666666 0.06004629629629629
0 0.25721354166666666 0.3554259259259259 0.07391145833333333 0.12674999999999997
0 0.2402734375 0.4643425925925926 0.048507812500000004 0.0899537037037037
0 0.6054921875 0.7388101851851852 0.10901041666666668 0.36574074074074076
