0 0.4500885416666666 0.610175925925926 0.10961458333333333 0.18536111111111112
0 0.5763697916666667 0.6430833333333333 0.13174479166666667 0.19568518518518518
0 0.46506770833333333 0.8204259259259259 0.096421875 0.2827222222222222
0 0.3245625 0.7568425925925926 0.121109375 0.12617592592592594
0 0.21407812499999998 0.7806481481481482 0.10126041666666666 0.15876851851851853
0 0.12418229166666667 0.7997314814814815 0.083203125 0.14751851851851852
0 0.42997916666666663 0.2193425925925926 0.053140625000000004 0.10228703703703704
0 0.35965104166666667 0.11725925925925926 0.04908333333333333 0.06935185185185186
0 0.303453125 0.10772222222222222 0.060437500000000005 0.08762962962962963
0 0.42198958333333336 0.12178703703703704 0.056427083333333336 0.0649074074074074
0 0.5867708333333332 0.8335833333333333 0.142640625 0.1850462962962963
0 0.44131770833333334 0.3562685185185185 0.0799375 0.056601851851851855
0 0.44487499999999996 0.4008611111111111 0.07512500000000001 0.0514537037037037
0 0.5695833333333333 0.4414166666666667 0.09508333333333334 0.17111111111111113
