0 0.124109375 0.793574074074074 0.08652083333333334 0.12874074074074074
0 0.21222395833333335 0.7799444444444444 0.09766666666666667 0.15987037037037036
0 0.3230052083333333 0.7563796296296296 0.12284895833333334 0.1337962962962963
0 0.44784375 0.6009629629629629 0.10694270833333334 0.16876851851851854
0 0.46294270833333334 0.7794814814814816 0.09225 0.19441666666666665
0 0.587453125 0.8370740740740741 0.14294791666666665 0.19088888888888889
0 0.5757708333333333 0.6412314814814815 0.13215625 0.20055555555555554
0 0.3340625 0.40925925925925927 0.11646875 0.17874074074074073
0 0.4301197916666667 0.2188425925925926 0.053828125 0.09985185185185186
0 0.4217708333333333 0.12312037037037037 0.0548125 0.06401851851851852
0 0.35896354166666666 0.11637037037037037 0.049291666666666664 0.07269444444444445
0 0.302671875 0.10782407407407407 0.061473958333333335 0.0897962962962963
0 0.42127604166666666 0.07268518518518519 0.06202604166666667 0.048916666666666664
0 0.425890625 0.4552407407407408 0.07591145833333333 0.15367592592592594
0 0.34499479166666663 0.5966111111111111 0.09173958333333333 0.18149074074074073
0 0.410953125 0.3443703703703704 0.0638125 0.08650925925925927
0 0.7355937499999999 0.48075 0.0729375 0.1757037037037037
