0 0.7149505208333333 0.52125 0.07252604166666667 0.02587037037037037
0 0.7133229166666666 0.547 0.0696875 0.022949074074074073
0 0.70690625 0.5653333333333332 0.050484375000000005 0.023087962962962963
0 0.7144947916666666 0.6528472222222222 0.11193229166666667 0.1728009259259259
0 0.7373177083333334 0.802787037037037 0.1460078125 0.15155555555555555
0 0.7404921874999999 0.9362685185185184 0.1559140625 0.12745833333333334
0 0.1800703125 0.9064398148148148 0.1149375 0.18711574074074075
0 0.7300885416666667 0.8563703703703703 0.131640625 0.08234259259259259
0 0.5893515625 0.7322268518518518 0.12542708333333333 0.34270370370370373
0 0.22691666666666668 0.4588564814814815 0.062015625 0.09287500000000001
0 0.17180729166666667 0.6594907407407408 0.16091145833333334 0.29506481481481484
0 0.22889062500000001 0.35356481481481483 0.08690104166666666 0.11840277777777777
0 0.5481067708333334 0.6835648148148148 0.12184635416666666 0.13024999999999998
0 0.27682291666666664 0.5166296296296297 0.03801822916666667 0.09515277777777778
0 0.286796875 0.6137870370370371 0.041109375000000004 0.10541203703703704
