0 0.4495192307692308 0.2536057692307692 0.10576923076923077 0.12740384615384615
0 0.5625 0.25600961538461536 0.11538461538461539 0.13701923076923078
0 0.8641826923076923 0.37740384615384615 0.19471153846153846 0.14423076923076922
0 0.1971153846153846 0.41466346153846156 0.25961538461538464 0.2091346153846154
0 0.5384615384615384 0.4723557692307692 0.3269230769230769 0.2956730769230769
0 0.8557692307692307 0.5036057692307693 0.15865384615384615 0.17067307692307693
0 0.10216346153846154 0.5600961538461539 0.14182692307692307 0.15865384615384615
0 0.25961538461538464 0.5841346153846154 0.16826923076923078 0.16826923076923078
0 0.8629807692307693 0.6177884615384616 0.17307692307692307 0.15384615384615385
0 0.5084134615384616 0.07091346153846154 0.11778846153846154 0.12259615384615384
0 0.5324519230769231 0.7259615384615384 0.15144230769230768 0.15865384615384615
0 0.5817307692307693 0.8149038461538461 0.10576923076923077 0.09134615384615384
0 0.4891826923076923 0.8245192307692307 0.11778846153846154 0.10576923076923077
0 0.8509615384615384 0.8329326923076923 0.1875 0.24759615384615385
0 0.19110576923076922 0.8425480769230769 0.24278846153846154 0.24278846153846154
0 0.5889423076923077 0.8822115384615384 0.10576923076923077 0.09615384615384616
0 0.4891826923076923 0.921875 0.15144230769230768 0.11778846153846154
0 0.5504807692307693 0.16105769230769232 0.09134615384615384 0.10576923076923077
0 0.46153846153846156 0.1622596153846154 0.09134615384615384 0.11778846153846154
0 0.19471153846153846 0.17427884615384615 0.27884615384615385 0.31971153846153844
0 0.8485576923076923 0.17548076923076922 0.23557692307692307 0.22115384615384615
