0 0.5132211538461539 0.4014423076923077 0.12740384615384615 0.15865384615384615
0 0.6766826923076923 0.47716346153846156 0.11778846153846154 0.13221153846153846
0 0.35096153846153844 0.4831730769230769 0.125 0.16826923076923078
0 0.5204326923076923 0.5588942307692307 0.18990384615384615 0.18028846153846154
0 0.7127403846153846 0.5973557692307693 0.17548076923076922 0.13701923076923078
0 0.3317307692307692 0.6057692307692307 0.16346153846153846 0.08653846153846154
0 0.20192307692307693 0.7439903846153846 0.11538461538461539 0.19471153846153846
0 0.5252403846153846 0.7572115384615384 0.17067307692307693 0.17307692307692307
0 0.8581730769230769 0.7584134615384616 0.11538461538461539 0.18990384615384615
0 0.7055288461538461 0.7620192307692307 0.18028846153846154 0.1778846153846154
0 0.35216346153846156 0.7620192307692307 0.18028846153846154 0.20192307692307693
