0 0.192140625 0.6638194444444444 0.1441796875 0.2989351851851852
0 0.6048697916666667 0.7399907407407408 0.13109114583333334 0.35405555555555557
0 0.7281666666666666 0.6434351851851852 0.10945833333333334 0.16557407407407407
0 0.7469140625 0.7946157407407407 0.146953125 0.14848611111111112
0 0.755375 0.9319444444444445 0.16127343749999998 0.1361111111111111
0 0.24695833333333334 0.41863425925925923 0.06370833333333333 0.13726388888888888
0 0.25490104166666666 0.3621435185185185 0.06657031249999999 0.13539814814814813
0 0.18758593750000002 0.9064814814814814 0.10121614583333334 0.18703703703703703
0 0.7237239583333334 0.5211666666666667 0.06956510416666667 0.029824074074074076
0 0.723515625 0.5381990740740741 0.06997916666666668 0.027023148148148147
0 0.72509375 0.5578148148148149 0.05820052083333334 0.024967592592592593
