0 0.19565625 0.6628935185185185 0.1538125 0.29708333333333337
0 0.1899296875 0.9030092592592592 0.11110937500000001 0.19398148148148148
0 0.256984375 0.3612175925925926 0.07073697916666667 0.13354629629629627
0 0.24760937500000002 0.4667824074074074 0.04157552083333334 0.08542129629629629
0 0.3090598958333333 0.5297546296296296 0.10197656249999999 0.06321296296296296
0 0.6105963541666667 0.7369814814814816 0.12171614583333333 0.3526666666666667
0 0.7309010416666666 0.6436666666666666 0.11232291666666666 0.17993055555555554
0 0.7493880208333333 0.7964675925925926 0.133671875 0.15218981481481483
0 0.7555052083333333 0.9354166666666667 0.1589296875 0.12916666666666668
0 0.7250442708333333 0.5186388888888889 0.0719609375 0.04098611111111111
0 0.7250624999999999 0.5367268518518519 0.06975260416666668 0.02085648148148148
0 0.7241979166666667 0.5598935185185184 0.06224479166666667 0.02484259259259259
