0 0.07602083333333334 0.3734166666666667 0.07245833333333333 0.060898148148148146
0 0.14059895833333333 0.3778611111111111 0.051619791666666665 0.05497222222222222
0 0.3959947916666666 0.7171759259259259 0.10407291666666667 0.18546296296296297
0 0.5126197916666667 0.25675925925925924 0.06777083333333334 0.09240740740740741
0 0.47915104166666667 0.3254722222222222 0.03660416666666667 0.04586111111111111
0 0.48434375 0.3757222222222222 0.04699479166666667 0.05625
0 0.5144114583333333 0.37625000000000003 0.03728125 0.05882407407407408
0 0.5366354166666666 0.3568703703703704 0.07321875000000001 0.10787962962962963
0 0.5891458333333334 0.3624351851851852 0.030880208333333332 0.10462962962962963
0 0.42251041666666667 0.23241666666666666 0.030651041666666667 0.061129629629629624
0 0.41561458333333334 0.2943148148148148 0.040703125 0.060314814814814814
0 0.4265416666666667 0.3884444444444444 0.0545625 0.022916666666666665
0 0.4251302083333333 0.5290555555555555 0.01885416666666667 0.032601851851851854
0 0.4415104166666667 0.5284814814814814 0.012859375000000001 0.032407407407407406
0 0.4250625 0.5612407407407407 0.018994791666666667 0.030722222222222224
0 0.4415364583333333 0.56025 0.013453125 0.030194444444444444
0 0.47295312500000003 0.5255462962962963 0.023614583333333335 0.026768518518518518
0 0.46851041666666665 0.5566574074074074 0.015536458333333333 0.028055555555555556
0 0.49307812500000003 0.5371388888888889 0.02034375 0.04145370370370371
0 0.5594739583333334 0.5534629629629629 0.03716666666666667 0.09463888888888888
0 0.6070104166666667 0.5570185185185186 0.05121875 0.10090740740740742
0 0.561171875 0.6401388888888889 0.037734375 0.08381481481481481
0 0.6084739583333333 0.6474722222222222 0.052421875 0.09237962962962963
0 0.6193020833333333 0.26325925925925925 0.06448958333333334 0.04730555555555556
0 0.6188177083333334 0.3080833333333334 0.062125 0.04533333333333334
0 0.6279583333333334 0.3525 0.04802083333333333 0.04813888888888889
0 0.6343802083333333 0.39849074074074076 0.036843749999999995 0.042333333333333334
0 0.6604739583333333 0.2653611111111111 0.02392708333333333 0.04903703703703704
0 0.6616562500000001 0.31092592592592594 0.023505208333333336 0.04855555555555555
0 0.6620729166666667 0.35537962962962966 0.02434375 0.048324074074074075
0 0.6636093750000001 0.39951851851851855 0.021838541666666666 0.04375
0 0.646 0.4958888888888888 0.026166666666666668 0.0430462962962963
0 0.6468906249999999 0.5373055555555555 0.027093750000000003 0.0432037037037037
0 0.6788854166666667 0.47484259259259265 0.04290104166666667 0.049055555555555554
0 0.6727135416666666 0.5298611111111111 0.022104166666666664 0.05687962962962963
0 0.7088541666666667 0.5073148148148148 0.0445 0.0899537037037037
0 0.6577500000000001 0.5967592592592592 0.04797395833333333 0.07945370370370371
0 0.7167604166666667 0.5944259259259259 0.06453645833333334 0.09132407407407407
0 0.7586927083333334 0.5883425925925926 0.023270833333333334 0.08064814814814815
0 0.8230052083333333 0.4148796296296296 0.018776041666666667 0.04899074074074074
0 0.8469218749999999 0.41910185185185184 0.019885416666666666 0.04458333333333333
0 0.8652760416666666 0.4225925925925926 0.015802083333333335 0.042379629629629635
0 0.88271875 0.42371296296296296 0.011447916666666667 0.03958333333333333
0 0.9211302083333333 0.4278888888888889 0.012885416666666667 0.03967592592592593
0 0.854609375 0.5280092592592592 0.028036458333333333 0.024277777777777777
0 0.8430312499999999 0.5619444444444445 0.013354166666666667 0.03943518518518519
0 0.85928125 0.5566481481481481 0.018317708333333335 0.030944444444444445
0 0.859234375 0.5883425925925926 0.015395833333333333 0.02948148148148148
0 0.8820937499999999 0.567925925925926 0.01240625 0.020444444444444442
0 0.8814583333333333 0.5864166666666667 0.012546875 0.017268518518518516
0 0.9199427083333334 0.5414537037037037 0.017249999999999998 0.025472222222222222
0 0.8955208333333334 0.5769074074074073 0.0135625 0.021925925925925925
0 0.9213958333333333 0.5666388888888889 0.020697916666666667 0.027666666666666666
0 0.9401979166666667 0.5509444444444445 0.013963541666666666 0.04152777777777778
0 0.5501302083333334 0.04303703703703703 0.08696354166666667 0.07491666666666666
0 0.5592343750000001 0.0833425925925926 0.06874479166666667 0.05477777777777777
0 0.6194531249999999 0.0635462962962963 0.04545833333333334 0.05837037037037037
0 0.61990625 0.11780555555555557 0.045359375 0.06072222222222222
0 0.6543854166666667 0.08477777777777779 0.022036458333333335 0.06077777777777778
0 0.6513333333333333 0.13302777777777777 0.022244791666666666 0.05923148148148148
0 0.6788854166666667 0.14489814814814816 0.034854166666666665 0.05549074074074074
0 0.7033124999999999 0.15953703703703706 0.016619791666666668 0.05418518518518519
0 0.717703125 0.15932407407407406 0.04076041666666667 0.09035185185185185
0 0.7456614583333334 0.16773148148148148 0.013802083333333333 0.08375925925925926
0 0.7455104166666667 0.09514814814814815 0.019942708333333333 0.0798611111111111
0 0.7660781249999999 0.18765740740740738 0.015369791666666667 0.07844444444444444
0 0.7660781249999999 0.10781481481481481 0.015369791666666667 0.0812962962962963
0 0.7795208333333333 0.19566666666666666 0.015364583333333333 0.06817592592592592
0 0.7801927083333333 0.12215740740740741 0.014020833333333335 0.0812962962962963
0 0.8230989583333332 0.21547222222222223 0.01923958333333333 0.0849074074074074
