0 0.19513541666666667 0.6621990740740741 0.1527734375 0.2910601851851852
0 0.19240364583333333 0.9041666666666667 0.10824479166666667 0.19166666666666668
0 0.25633333333333336 0.35936574074074074 0.0720390625 0.12983796296296296
0 0.29343749999999996 0.4998888888888889 0.11239583333333333 0.08218981481481481
0 0.610859375 0.7365185185185186 0.11702864583333333 0.3424814814814815
0 0.7276458333333333 0.6478333333333333 0.11883333333333333 0.17900462962962962
0 0.7500390625000001 0.7985509259259259 0.13236979166666668 0.1517314814814815
0 0.7562864583333333 0.9296296296296296 0.15528385416666665 0.14074074074074075
0 0.7293411458333333 0.5204907407407408 0.06753385416666666 0.026166666666666668
0 0.7266067708333334 0.544337962962963 0.07508593749999999 0.022935185185185183
0 0.7266067708333334 0.5651712962962963 0.06466927083333333 0.018310185185185183
