0 0.34031249999999996 0.5943055555555555 0.031140624999999998 0.08583333333333333
0 0.392 0.5667592592592593 0.067328125 0.10019444444444443
0 0.4298854166666667 0.6179074074074075 0.07279166666666666 0.16081481481481483
0 0.3585364583333333 0.7556203703703704 0.05509895833333334 0.10753703703703704
0 0.44459375 0.7651111111111112 0.11002604166666667 0.15891666666666665
0 0.515296875 0.7345555555555556 0.07694270833333333 0.17188888888888887
0 0.42832291666666666 0.5285740740740741 0.0905 0.10251851851851852
0 0.073796875 0.36216666666666664 0.06633854166666667 0.06137962962962964
0 0.13577083333333334 0.36471296296296296 0.054875 0.05258333333333333
0 0.7383229166666666 0.08212037037037037 0.030817708333333336 0.08461111111111111
0 0.723484375 0.14924074074074076 0.027171875 0.07996296296296296
0 0.5132135416666667 0.23903703703703705 0.06236458333333333 0.07437962962962963
0 0.47324479166666666 0.31657407407407406 0.031901041666666664 0.03037962962962963
0 0.4781875 0.36725925925925923 0.04700520833333333 0.062296296296296294
0 0.01696354166666667 0.3539629629629629 0.03393229166666667 0.04940740740740741
0 0.02540104166666667 0.30950925925925926 0.05038541666666666 0.034583333333333334
0 0.026130208333333335 0.2687685185185185 0.04559375 0.056796296296296296
0 0.36991666666666667 0.35341666666666666 0.04672395833333333 0.07562962962962963
0 0.411390625 0.28682407407407406 0.04694270833333333 0.05982407407407407
0 0.4203854166666667 0.22508333333333333 0.036848958333333334 0.06452777777777778
0 0.6130833333333333 0.2555277777777778 0.059171875 0.05407407407407407
0 0.6537604166666667 0.2544259259259259 0.026557291666666667 0.04986111111111111
0 0.6594583333333334 0.3055833333333333 0.02328125 0.04386111111111111
0 0.6544947916666667 0.3503240740740741 0.03140625 0.04106481481481482
0 0.6591770833333332 0.39366666666666666 0.02384375 0.03947222222222223
0 0.6859166666666667 0.39867592592592593 0.025421875 0.03746296296296296
0 0.6152864583333333 0.058509259259259254 0.04664583333333334 0.06124074074074074
0 0.6135937499999999 0.10555555555555556 0.045515625 0.04901851851851852
0 0.6503177083333332 0.07746296296296296 0.0253125 0.06505555555555556
0 0.6452447916666666 0.12060185185185185 0.026442708333333335 0.051027777777777776
0 0.6745208333333333 0.13594444444444445 0.031968750000000004 0.050833333333333335
0 0.743671875 0.16189814814814815 0.013921875 0.07871296296296297
0 0.759484375 0.1760648148148148 0.02014583333333333 0.0817962962962963
0 0.7591718749999999 0.10146296296296296 0.018885416666666665 0.07840740740740741
0 0.7770729166666667 0.11477777777777777 0.012104166666666666 0.0742037037037037
0 0.7771510416666667 0.18868518518518518 0.013838541666666667 0.07338888888888889
0 0.7987604166666666 0.1975185185185185 0.02550520833333333 0.07703703703703704
0 0.8211927083333334 0.21104629629629632 0.015958333333333335 0.07465740740740741
0 0.7974114583333333 0.3890925925925926 0.018984375 0.03815740740740741
0 0.76290625 0.41871296296296295 0.025333333333333333 0.026879629629629632
0 0.7884895833333334 0.41660185185185183 0.016208333333333335 0.024064814814814813
0 0.8386822916666666 0.4139351851851852 0.028874999999999998 0.044842592592592594
0 0.8619322916666667 0.41639814814814813 0.018510416666666665 0.042138888888888885
0 0.8158177083333332 0.4093333333333333 0.018208333333333333 0.04739814814814815
0 0.8815260416666667 0.4172314814814815 0.014848958333333334 0.04103703703703704
0 0.8396666666666667 0.2326388888888889 0.014072916666666666 0.04758333333333333
0 0.8042916666666666 0.5789814814814814 0.042375 0.08172222222222222
0 0.757890625 0.6264259259259259 0.020328125 0.04159259259259259
0 0.8318645833333334 0.56825 0.02884375 0.08986111111111111
0 0.7073229166666667 0.377037037037037 0.06486458333333334 0.10515740740740741
0 0.708828125 0.2906388888888889 0.06684375000000001 0.0840462962962963
0 0.8559427083333334 0.5508888888888889 0.017557291666666665 0.03535185185185185
0 0.856 0.5831018518518518 0.016494791666666668 0.02975925925925926
0 0.8784322916666666 0.5701481481481482 0.012906250000000001 0.03886111111111111
0 0.9191614583333333 0.5617407407407407 0.02030208333333333 0.027648148148148147
0 0.9183541666666667 0.5351944444444444 0.017505208333333334 0.026379629629629628
0 0.9189479166666668 0.42312962962962963 0.013171875 0.03755555555555556
0 0.9371822916666667 0.5464074074074075 0.014197916666666668 0.043194444444444445
0 0.8903541666666667 0.24687037037037038 0.017171875 0.02074074074074074
0 0.8891249999999999 0.22887037037037036 0.017572916666666667 0.013675925925925925
0 0.8614322916666667 0.25735185185185183 0.022713541666666667 0.03713888888888889
0 0.8795052083333333 0.27367592592592593 0.008036458333333333 0.023592592592592592
0 0.8895260416666667 0.2765925925925926 0.010375 0.029935185185185183
0 0.9070729166666667 0.27667592592592594 0.017770833333333333 0.05293518518518519
0 0.922875 0.28906481481481483 0.0096875 0.045222222222222226
0 0.5395520833333334 0.04350925925925926 0.07091145833333333 0.08563888888888889
0 0.48065104166666667 0.024296296296296295 0.046385416666666665 0.04616666666666667
