0 0.396828125 0.7597777777777778 0.10573958333333335 0.18917592592592594
0 0.32297916666666665 0.6012314814814815 0.110125 0.12393518518518518
0 0.07768749999999999 0.43045370370370367 0.07579166666666667 0.05647222222222222
0 0.144140625 0.43230555555555555 0.05453125 0.05276851851851852
0 0.5164010416666667 0.2889537037037037 0.06988541666666667 0.09939814814814814
0 0.459203125 0.3607037037037037 0.08231770833333334 0.050851851851851856
0 0.48648437499999997 0.4146944444444444 0.04608854166666666 0.05414814814814815
0 0.5154739583333333 0.4049814814814815 0.03844270833333333 0.06908333333333333
0 0.5365052083333333 0.38891666666666663 0.071515625 0.10249074074074074
0 0.5886875 0.39194444444444443 0.033765625 0.09825925925925927
0 0.42643749999999997 0.5433796296296296 0.018604166666666665 0.031962962962962964
0 0.44302083333333336 0.5421481481481482 0.01296875 0.03010185185185185
0 0.426640625 0.573675925925926 0.019010416666666665 0.031370370370370375
0 0.443359375 0.5725092592592592 0.013640625 0.028425925925925924
0 0.6139010416666667 0.5891481481481481 0.0651875 0.10462962962962963
0 0.6128750000000001 0.681675925925926 0.06450520833333333 0.09760185185185184
0 0.5618645833333333 0.6637962962962963 0.039078125 0.06914814814814815
0 0.562171875 0.5822777777777778 0.03901041666666667 0.09697222222222222
0 0.46954166666666663 0.5386296296296297 0.014348958333333333 0.029305555555555553
0 0.469484375 0.5686574074074073 0.013890625 0.028185185185185185
0 0.48107291666666663 0.5384722222222221 0.010380208333333333 0.02712037037037037
0 0.4813854166666667 0.5675 0.007500000000000001 0.0265
0 0.7782395833333333 0.4456759259259259 0.038598958333333336 0.0768888888888889
0 0.7249895833333333 0.4356574074074074 0.023390624999999998 0.035222222222222224
0 0.7267760416666668 0.4729907407407407 0.024687499999999998 0.03414814814814815
0 0.7507395833333333 0.4221388888888889 0.031526041666666664 0.046037037037037036
0 0.7499010416666666 0.46852777777777777 0.02225 0.0441574074074074
0 0.736171875 0.5214907407407408 0.03815104166666667 0.05946296296296296
0 0.7861875 0.5177037037037037 0.05677604166666667 0.07893518518518519
0 0.8231197916666667 0.5175 0.0188125 0.07176851851851852
0 0.6211510416666666 0.29153703703703704 0.06068229166666667 0.048574074074074075
0 0.621078125 0.338537037037037 0.062052083333333334 0.04655555555555556
0 0.6352291666666667 0.38466666666666666 0.035578125 0.04413888888888889
0 0.636140625 0.42700000000000005 0.037406249999999995 0.039546296296296295
0 0.6629947916666666 0.29762037037037037 0.022640625 0.04722222222222222
0 0.663375 0.3383333333333333 0.024927083333333332 0.05021296296296296
0 0.665390625 0.3860185185185185 0.022109375 0.041435185185185186
0 0.6650833333333334 0.42930555555555555 0.021500000000000002 0.041444444444444443
0 0.6903020833333334 0.43166666666666664 0.02705208333333333 0.04752777777777777
0 0.6575624999999999 0.6760833333333333 0.0190625 0.09357407407407407
0 0.6564322916666666 0.584537037037037 0.017994791666666666 0.09280555555555556
0 0.6767083333333334 0.6611203703703704 0.020604166666666666 0.09736111111111112
0 0.69659375 0.6570648148148148 0.01828645833333333 0.09029629629629629
0 0.5424270833333333 0.06582407407407408 0.07990104166666666 0.13164814814814815
0 0.6324322916666667 0.10380555555555555 0.07087500000000001 0.07337962962962963
0 0.6290625 0.14641666666666667 0.06883854166666666 0.06392592592592593
0 0.6904635416666667 0.17608333333333331 0.047526041666666664 0.06476851851851852
0 0.7451354166666667 0.11230555555555556 0.02841145833333333 0.08759259259259258
0 0.7300156250000001 0.1813796296296296 0.018541666666666668 0.06977777777777777
0 0.03894270833333333 0.32933333333333337 0.04830208333333333 0.0631111111111111
0 0.03665104166666667 0.36933333333333335 0.039552083333333335 0.03941666666666667
0 0.039046875 0.40452777777777776 0.03809375 0.057944444444444444
0 0.7475 0.18869444444444444 0.014244791666666668 0.07425925925925926
0 0.7653489583333334 0.20246296296296296 0.017265625 0.07167592592592592
0 0.7809270833333334 0.21069444444444446 0.012723958333333334 0.06985185185185185
0 0.7679218750000001 0.13282407407407407 0.014541666666666668 0.08083333333333333
0 0.7824739583333333 0.1408888888888889 0.011578125 0.07330555555555555
0 0.885859375 0.4357962962962963 0.015546875 0.0465462962962963
0 0.8687916666666666 0.43909259259259265 0.010890625 0.043555555555555556
0 0.804546875 0.2245462962962963 0.025343749999999998 0.07612962962962963
0 0.8262239583333333 0.22748148148148148 0.016223958333333333 0.062157407407407404
0 0.912546875 0.2961481481481481 0.01984375 0.053675925925925926
0 0.9284531250000001 0.30539814814814814 0.010286458333333333 0.04937037037037037
0 0.9221041666666667 0.44007407407407406 0.010432291666666668 0.03976851851851852
0 0.941671875 0.5644166666666667 0.013984375 0.043305555555555555
0 0.922640625 0.5665462962962963 0.021760416666666667 0.051611111111111115
0 0.963890625 0.4217685185185185 0.010578124999999999 0.02662962962962963
0 0.93034375 0.43271296296296297 0.025958333333333337 0.059564814814814813
0 0.37685937500000005 0.40017592592592593 0.04683333333333333 0.07237962962962963
0 0.2962604166666667 0.2773055555555556 0.08658333333333333 0.09259259259259259
0 0.3507395833333333 0.2786018518518518 0.048177083333333336 0.09318518518518519
0 0.43084895833333337 0.32749074074074075 0.07468229166666666 0.11305555555555555
0 0.4304479166666667 0.2507037037037037 0.045598958333333335 0.043898148148148144
0 0.8452760416666667 0.22450925925925927 0.018281250000000002 0.03040740740740741
0 0.8675833333333334 0.2801018518518518 0.018536458333333335 0.03662962962962963
0 0.8956041666666666 0.26975 0.017817708333333335 0.03506481481481481
0 0.8783489583333334 0.2731111111111111 0.017885416666666668 0.04875
0 0.893046875 0.29712962962962963 0.013020833333333334 0.031824074074074074
0 0.9491979166666666 0.32835185185185184 0.014864583333333332 0.03646296296296297
0 0.9498385416666667 0.2878425925925926 0.023703125 0.019018518518518518
