0 0.3914739583333333 0.7139537037037037 0.09753645833333334 0.19087037037037036
0 0.07093229166666666 0.3582314814814815 0.08665104166666666 0.058138888888888886
0 0.13954687500000001 0.3649444444444444 0.04940625 0.04841666666666666
0 0.49355208333333334 0.5651481481481482 0.030859375 0.055296296296296295
0 0.53209375 0.548712962962963 0.045432291666666666 0.09187037037037037
0 0.5706302083333333 0.5628333333333333 0.04959375 0.07843518518518518
0 0.567375 0.6183796296296297 0.06652083333333333 0.05990740740740741
0 0.5214166666666666 0.62625 0.029291666666666667 0.047870370370370376
0 0.49094791666666665 0.6195370370370371 0.03606770833333333 0.0575925925925926
0 0.511390625 0.7030833333333334 0.053510416666666664 0.10894444444444444
0 0.57675 0.7053981481481482 0.085265625 0.12283333333333334
0 0.6289583333333333 0.6845648148148149 0.051666666666666666 0.12746296296296297
0 0.5371666666666666 0.3498981481481481 0.068609375 0.11553703703703704
0 0.5095677083333333 0.2459814814814815 0.06548958333333334 0.09751851851851852
0 0.47884375 0.3137962962962963 0.03528645833333333 0.04334259259259259
0 0.4830052083333333 0.36795370370370367 0.033203125 0.049805555555555554
0 0.5189427083333333 0.36795370370370367 0.032156250000000004 0.06831481481481481
0 0.6165885416666667 0.2522314814814815 0.06598958333333334 0.05909259259259259
0 0.5483645833333333 0.043240740740740746 0.08579166666666667 0.08091666666666666
0 0.80459375 0.5827314814814815 0.03575520833333334 0.09047222222222222
0 0.7444427083333333 0.08374074074074074 0.024828125 0.07396296296296295
0 0.726609375 0.14600000000000002 0.023005208333333336 0.08274074074074074
0 0.7656666666666666 0.10850925925925926 0.017791666666666664 0.07256481481481482
0 0.761109375 0.1689074074074074 0.024822916666666663 0.08134259259259259
0 0.8012916666666666 0.19840740740740742 0.022921874999999998 0.0808611111111111
0 0.8238333333333333 0.20900925925925926 0.01944791666666667 0.08233333333333334
0 0.7979270833333333 0.3847777777777778 0.0224375 0.04048148148148148
0 0.7903645833333334 0.41714814814814816 0.014255208333333333 0.025055555555555553
0 0.8049999999999999 0.4212777777777778 0.014390624999999999 0.024685185185185185
0 0.818078125 0.40746296296296297 0.020421875 0.04638888888888889
0 0.8456458333333334 0.4141296296296296 0.020765625 0.04490740740740741
0 0.8646875 0.4177592592592593 0.01653125 0.038620370370370374
0 0.6626458333333333 0.26004629629629633 0.026765625 0.050944444444444445
0 0.8370208333333333 0.5542962962962963 0.025067708333333334 0.03819444444444445
0 0.8598229166666667 0.551324074074074 0.015052083333333332 0.03622222222222222
0 0.5903229166666667 0.3748703703703704 0.03505729166666667 0.08458333333333333
0 0.31659895833333335 0.5539814814814814 0.112 0.13423148148148148
0 0.4241145833333333 0.5247407407407407 0.019244791666666667 0.036648148148148145
0 0.43990104166666666 0.5238981481481481 0.015291666666666667 0.03231481481481481
0 0.42434895833333336 0.557324074074074 0.017979166666666668 0.031574074074074074
0 0.44109375 0.5557777777777778 0.013703125 0.02937037037037037
0 0.37279687499999997 0.3496388888888889 0.050078125 0.07234259259259258
0 0.4253177083333333 0.22298148148148147 0.04225520833333333 0.05616666666666666
0 0.414703125 0.28824074074074074 0.043911458333333334 0.06600925925925927
0 0.6160520833333333 0.056935185185185186 0.04786979166666667 0.05740740740740741
0 0.6159427083333333 0.10463888888888889 0.04402604166666667 0.04968518518518518
0 0.652015625 0.07491666666666666 0.026984375 0.06373148148148149
0 0.6490052083333333 0.12333333333333332 0.023140625 0.05355555555555556
0 0.6772864583333333 0.13912037037037037 0.03257291666666667 0.05291666666666667
0 0.7016145833333333 0.15356481481481482 0.018140625 0.050861111111111114
0 0.759625 0.6285462962962963 0.015041666666666667 0.04042592592592592
0 0.7676614583333333 0.6162407407407408 0.014984375 0.044472222222222225
0 0.88028125 0.5709537037037037 0.011135416666666667 0.036944444444444446
0 0.9197291666666667 0.5367962962962963 0.01719270833333333 0.026953703703703702
0 0.9197552083333334 0.5538518518518518 0.021140625000000003 0.01262037037037037
0 0.9194479166666666 0.5663055555555556 0.01996875 0.01775925925925926
0 0.9207864583333334 0.42374074074074075 0.011520833333333334 0.03710185185185185
0 0.9386875 0.5472314814814815 0.013963541666666666 0.04485185185185185
0 0.882703125 0.4192962962962963 0.014875 0.04204629629629629
