0 0.22101041666666665 0.1941388888888889 0.11243229166666667 0.19123148148148147
0 0.036546875 0.14135185185185184 0.07309375 0.2227037037037037
0 0.11018229166666667 0.16024074074074074 0.09078645833333333 0.2086388888888889
0 0.2997552083333333 0.23117592592592592 0.04492708333333333 0.13198148148148148
0 0.34756250000000005 0.25339814814814815 0.07095833333333333 0.11421296296296296
0 0.406828125 0.26691666666666664 0.05073958333333333 0.11087037037037037
0 0.530359375 0.18912962962962962 0.06863541666666667 0.11825925925925926
0 0.5227552083333333 0.28988888888888886 0.08051041666666667 0.1123611111111111
0 0.4652604166666666 0.27487962962962964 0.048854166666666664 0.11569444444444445
0 0.38693229166666665 0.19394444444444445 0.058869791666666664 0.06121296296296296
0 0.3173541666666667 0.16523148148148148 0.06971354166666667 0.07417592592592592
0 0.49348437500000003 0.5030648148148148 0.07405729166666666 0.11279629629629628
0 0.3595364583333333 0.6777222222222222 0.048666666666666664 0.09543518518518518
0 0.4380729166666667 0.5880740740740741 0.07990104166666666 0.0791111111111111
0 0.46348958333333334 0.647712962962963 0.04739583333333333 0.07246296296296297
0 0.5422343749999999 0.6062314814814815 0.08821354166666667 0.12282407407407409
0 0.302875 0.8788611111111111 0.11366666666666667 0.13475925925925925
0 0.11258333333333333 0.7929166666666667 0.07266145833333333 0.0813888888888889
0 0.058104166666666665 0.805324074074074 0.08663020833333333 0.06547222222222222
0 0.22778125 0.6069629629629629 0.057229166666666664 0.06503703703703703
0 0.5941510416666667 0.774074074074074 0.06446875 0.11228703703703703
0 0.5416145833333333 0.7606759259259259 0.040421875 0.10124999999999999
0 0.54234375 0.8497129629629631 0.03744791666666667 0.08800000000000001
0 0.5935208333333333 0.8706018518518519 0.060671875 0.10387037037037038
0 0.633875 0.7648981481481482 0.023 0.1018148148148148
0 0.6352708333333333 0.8563611111111111 0.023255208333333333 0.09452777777777778
0 0.6561614583333333 0.8282777777777778 0.024515625 0.10926851851851853
0 0.6676510416666667 0.814037037037037 0.03546354166666667 0.09991666666666667
0 0.6002083333333333 0.4867777777777778 0.059375 0.04762037037037037
0 0.5996614583333333 0.5317314814814814 0.060473958333333334 0.04198148148148149
0 0.6105208333333334 0.5757129629629629 0.044895833333333336 0.046092592592592595
0 0.6112916666666667 0.6244722222222222 0.03984895833333334 0.0422037037037037
0 0.5536510416666667 0.4766296296296296 0.041942708333333335 0.05854629629629629
