0 0.19500520833333335 0.6672916666666666 0.15511458333333333 0.2919907407407408
0 0.19045052083333333 0.9041666666666667 0.11215104166666667 0.19166666666666668
0 0.6070833333333333 0.7402222222222222 0.12249739583333333 0.34988888888888886
0 0.7293385416666667 0.6480648148148148 0.11961458333333333 0.17483796296296295
0 0.7501692708333334 0.7976249999999999 0.14044270833333333 0.149875
0 0.7578489583333333 0.9273148148148148 0.15840625 0.14537037037037037
0 0.2728645833333333 0.4637777777777778 0.1077109375 0.13959259259259257
0 0.25359895833333335 0.3554259259259259 0.06917447916666666 0.12659722222222222
0 0.7251848958333333 0.520962962962963 0.06716145833333333 0.033263888888888885
0 0.7257890625000001 0.5396805555555556 0.06881510416666667 0.030171296296296297
0 0.7248489583333334 0.5587175925925926 0.057104166666666664 0.027712962962962964
