0 0.19578645833333336 0.6670601851851852 0.15147135416666666 0.2961574074074074
0 0.1903203125 0.9006944444444445 0.10407812500000001 0.1986111111111111
0 0.6111171875 0.7362870370370371 0.1227578125 0.34664814814814815
0 0.7293385416666667 0.6469074074074074 0.10919791666666666 0.17715277777777777
0 0.7497786458333333 0.7985509259259259 0.13705729166666666 0.1517314814814815
0 0.25495572916666664 0.35968981481481477 0.06674479166666666 0.12618055555555557
0 0.2871666666666667 0.49433333333333335 0.1147109375 0.08829166666666667
0 0.7264765625 0.517712962962963 0.06701302083333333 0.039129629629629625
0 0.7281692708333334 0.5410972222222222 0.06779427083333332 0.025708333333333333
0 0.7258255208333334 0.5637824074074074 0.05790104166666667 0.024791666666666667
