0 0.19122916666666667 0.6661342592592592 0.1605859375 0.2943055555555556
0 0.18302864583333334 0.9006944444444445 0.0999140625 0.1986111111111111
0 0.6094244791666666 0.7383703703703705 0.11364583333333332 0.3647037037037037
0 0.723609375 0.6540925925925926 0.11440885416666666 0.1887222222222222
0 0.7432682291666667 0.7909074074074074 0.12924479166666666 0.1410787037037037
0 0.7549843749999999 0.925 0.15788802083333334 0.15
0 0.923078125 0.9559675925925926 0.003325520833333333 0.014916666666666667
0 0.2524427083333333 0.3581574074074074 0.07223958333333333 0.12711574074074075
0 0.24203125 0.39620833333333333 0.05720572916666666 0.13124074074074074
0 0.7208307291666666 0.5193148148148148 0.0765625 0.031870370370370375
0 0.7226302083333334 0.5403888888888889 0.0741640625 0.029166666666666667
0 0.7195078125 0.5580648148148148 0.066421875 0.02899074074074074
