0 0.24683854166666666 0.07040740740740742 0.10576041666666666 0.13637962962962963
0 0.31475520833333337 0.08763888888888889 0.041588541666666666 0.13749074074074075
0 0.3455833333333333 0.04002777777777777 0.06158333333333333 0.07562037037037037
0 0.378390625 0.1200462962962963 0.06261979166666667 0.10231481481481482
0 0.4064114583333333 0.059296296296296305 0.04990625 0.05487962962962963
0 0.4264114583333333 0.13874999999999998 0.039906250000000004 0.1063888888888889
0 0.4886979166666666 0.15431481481481482 0.043645833333333335 0.12269444444444444
0 0.39443229166666666 0.8940555555555556 0.09886458333333333 0.2021851851851852
0 0.331 0.7443981481481482 0.09908333333333334 0.11026851851851852
0 0.08122916666666667 0.6260370370370371 0.07870833333333334 0.062453703703703706
0 0.143515625 0.6156666666666666 0.05744791666666667 0.056527777777777774
0 0.04352604166666666 0.4875 0.040802083333333336 0.05203703703703704
0 0.042171875 0.5297314814814815 0.040177083333333335 0.03278703703703703
0 0.04144270833333333 0.5710277777777778 0.04496875 0.04502777777777778
0 0.13997395833333334 0.35044444444444445 0.046203125 0.0890462962962963
0 0.13684895833333333 0.44657407407407407 0.03578645833333333 0.07759259259259259
0 0.5189010416666666 0.5260277777777778 0.03322395833333333 0.0639074074074074
0 0.4856770833333333 0.5341759259259259 0.0396875 0.0565
0 0.4586979166666667 0.4832407407407407 0.07531249999999999 0.05462962962962963
0 0.42745312500000004 0.46231481481481485 0.07115104166666668 0.13500925925925927
0 0.43089062499999997 0.3626666666666667 0.04261458333333333 0.0764537037037037
0 0.515984375 0.40119444444444446 0.06905208333333333 0.10906481481481482
0 0.5449427083333334 0.506212962962963 0.05613541666666667 0.10057407407407408
0 0.584 0.49936111111111103 0.044671875 0.10538888888888888
0 0.5717135416666667 0.38749074074074075 0.032588541666666665 0.07424074074074075
0 0.6111875 0.6838333333333333 0.04695833333333333 0.1039537037037037
0 0.5610885416666667 0.6764259259259259 0.040505208333333334 0.1039537037037037
0 0.561296875 0.7645833333333333 0.03675520833333333 0.08768518518518519
0 0.61525 0.7816203703703704 0.05716145833333333 0.1069537037037037
0 0.6549322916666667 0.6745648148148148 0.01778645833333333 0.07802777777777778
0 0.6565989583333334 0.7731018518518519 0.024453125000000003 0.08842592592592592
0 0.62071875 0.39232407407407405 0.059619791666666665 0.04725
0 0.6227760416666667 0.43989814814814815 0.06372395833333333 0.04750925925925926
0 0.6345781250000001 0.4840555555555555 0.04011458333333333 0.04582407407407407
0 0.6357395833333332 0.5300462962962963 0.03559895833333333 0.04048148148148148
0 0.6637604166666667 0.39390740740740743 0.023895833333333335 0.04312037037037037
0 0.665265625 0.43710185185185185 0.021432291666666665 0.04434259259259259
0 0.6659479166666666 0.48217592592592595 0.022802083333333334 0.04569444444444445
0 0.6656041666666667 0.5246944444444444 0.02075 0.034638888888888886
0 0.6923541666666666 0.5210462962962963 0.026354166666666668 0.041935185185185186
0 0.5506145833333334 0.08874074074074075 0.07498958333333333 0.1192962962962963
0 0.5465833333333333 0.1801388888888889 0.07383333333333333 0.11358333333333334
0 0.6198697916666667 0.1955925925925926 0.04789583333333333 0.055324074074074074
0 0.6197083333333333 0.24139814814814814 0.044333333333333336 0.049
0 0.6550260416666667 0.20783333333333334 0.027479166666666666 0.05964814814814815
0 0.6532864583333333 0.2516203703703704 0.023182291666666667 0.049296296296296296
0 0.689375 0.26833333333333337 0.047562499999999994 0.059666666666666666
0 0.7355625 0.19415740740740742 0.043541666666666666 0.08126851851851852
0 0.7158385416666667 0.26351851851851854 0.04540625 0.07739814814814815
0 0.747921875 0.2692777777777778 0.01559375 0.07739814814814815
0 0.7661874999999999 0.20726851851851852 0.0179375 0.07579629629629629
0 0.76428125 0.28151851851851856 0.022395833333333334 0.08172222222222222
0 0.7826302083333334 0.21662962962962964 0.012911458333333332 0.07436111111111111
0 0.7820208333333334 0.2873518518518518 0.014130208333333333 0.0689074074074074
0 0.8568333333333332 0.5502592592592592 0.056005208333333334 0.06761111111111111
0 0.8080729166666667 0.5530740740740742 0.03948958333333333 0.05737962962962963
0 0.8456979166666667 0.47399074074074077 0.02968229166666667 0.03460185185185185
0 0.8443229166666666 0.5025092592592593 0.03178645833333334 0.02826851851851852
0 0.821515625 0.46829629629629627 0.0275 0.039064814814814816
0 0.8223697916666667 0.505611111111111 0.0245 0.03705555555555556
0 0.7997656249999999 0.5110833333333333 0.0269375 0.029564814814814815
0 0.7987552083333332 0.48205555555555557 0.01923958333333333 0.027685185185185184
0 0.8112708333333334 0.6649907407407408 0.03697916666666667 0.08247222222222221
0 0.8067395833333334 0.29485185185185186 0.023864583333333335 0.07525925925925926
0 0.8273125 0.29874074074074075 0.01640625 0.06862962962962964
0 0.8797135416666666 0.31013888888888885 0.017479166666666667 0.027407407407407408
0 0.8959010416666667 0.2960185185185185 0.015552083333333333 0.013194444444444444
0 0.8968958333333333 0.31605555555555553 0.016854166666666667 0.02338888888888889
0 0.8442135416666667 0.26137962962962963 0.024 0.024407407407407405
0 0.8475208333333334 0.2874814814814815 0.019302083333333334 0.030268518518518518
0 0.9142708333333334 0.34875 0.018328124999999997 0.054620370370370375
0 0.9293437499999999 0.3546944444444444 0.011776041666666666 0.045175925925925925
0 0.9230572916666666 0.6008611111111111 0.018442708333333332 0.026472222222222223
0 0.9244791666666666 0.6268518518518519 0.019838541666666668 0.028712962962962964
0 0.9420677083333333 0.6099074074074075 0.014 0.04200925925925926
0 0.9264843749999999 0.4895555555555556 0.014677083333333334 0.03974074074074074
0 0.9403333333333334 0.36650925925925926 0.008119791666666666 0.03038888888888889
0 0.9520052083333332 0.3697314814814815 0.014098958333333333 0.03425
0 0.931625 0.4768796296296296 0.025921875 0.06155555555555556
0 0.9671875 0.46099074074074076 0.014656250000000001 0.030629629629629628
0 0.9678385416666667 0.48948148148148146 0.013572916666666665 0.027444444444444445
0 0.4834791666666666 0.7516111111111111 0.025833333333333333 0.04569444444444445
0 0.50675 0.7659814814814815 0.023036458333333332 0.03639814814814815
