0 0.4232447916666667 0.579037037037037 0.036078124999999996 0.0645462962962963
0 0.426109375 0.64175 0.02618229166666667 0.06499074074074074
0 0.469203125 0.5653796296296296 0.062890625 0.10297222222222221
0 0.5089166666666667 0.5709351851851852 0.06679166666666667 0.06223148148148148
0 0.45384375 0.6419814814814815 0.03320833333333333 0.07934259259259259
0 0.510609375 0.6357407407407407 0.06757291666666668 0.06221296296296296
0 0.4403020833333333 0.7287777777777779 0.051958333333333336 0.10939814814814815
0 0.5218020833333333 0.7301574074074074 0.08475520833333333 0.13995370370370372
0 0.5803958333333333 0.7097962962962964 0.061307291666666666 0.13625
0 0.510609375 0.2487592592592593 0.06757291666666668 0.10307407407407407
0 0.4749375 0.3158796296296296 0.04309895833333333 0.04287962962962963
0 0.4849583333333333 0.37096296296296294 0.039713541666666664 0.0697037037037037
0 0.37728645833333335 0.3545277777777778 0.05092708333333333 0.06925
0 0.07119270833333333 0.3584629629629629 0.071546875 0.05397222222222222
0 0.138765625 0.36633333333333334 0.05305208333333333 0.06045370370370371
0 0.03382291666666667 0.26426851851851857 0.056713541666666666 0.04612962962962963
0 0.025364583333333336 0.3258333333333333 0.05072395833333333 0.0674074074074074
0 0.37650520833333334 0.7070092592592593 0.06498958333333334 0.18625
0 0.51959375 0.3688796296296296 0.03085416666666667 0.07016666666666667
0 0.5512291666666667 0.35591666666666666 0.034234375000000004 0.08128703703703705
0 0.4240260416666667 0.22145370370370368 0.04284895833333333 0.05772222222222222
0 0.5505781249999999 0.04717592592592593 0.08761458333333333 0.0841574074074074
0 0.6833802083333332 0.14507407407407408 0.05113541666666667 0.06237037037037037
0 0.7427135416666667 0.07968518518518519 0.023010416666666665 0.08762037037037036
0 0.8036822916666666 0.5778333333333333 0.039749999999999994 0.08022222222222222
0 0.792875 0.6058703703703704 0.026411458333333335 0.05617592592592593
0 0.7961510416666666 0.38584259259259257 0.021052083333333336 0.04075
0 0.7886927083333333 0.4168888888888889 0.013338541666666667 0.026935185185185184
0 0.804203125 0.419 0.0160625 0.022000000000000002
0 0.815828125 0.406787037037037 0.016677083333333335 0.04422222222222222
0 0.8439166666666666 0.4138703703703704 0.02140625 0.044675925925925924
0 0.6871197916666667 0.40161111111111114 0.028661458333333334 0.04737037037037037
0 0.6148177083333334 0.25537037037037036 0.06434895833333333 0.05302777777777778
0 0.6595104166666667 0.25996296296296295 0.026395833333333334 0.05100925925925926
0 0.6226354166666667 0.05792592592592593 0.03459375 0.05712037037037037
0 0.6517552083333332 0.07921296296296296 0.024755208333333334 0.05935185185185184
0 0.6169583333333333 0.10521296296296295 0.040901041666666665 0.057555555555555554
0 0.6503697916666666 0.12728703703703703 0.02450520833333333 0.04566666666666667
0 0.7232447916666668 0.14767592592592593 0.023989583333333335 0.09093518518518517
0 0.744359375 0.1621388888888889 0.017052083333333336 0.08174074074074074
0 0.7637760416666667 0.10308333333333333 0.015536458333333333 0.07794444444444446
0 0.7648489583333333 0.17984259259259258 0.016416666666666666 0.08576851851851851
0 0.11705729166666666 0.1574537037037037 0.07536979166666667 0.10454629629629629
0 0.11872916666666668 0.24450925925925926 0.062036458333333336 0.0786388888888889
