0 0.196046875 0.6645138888888888 0.15719791666666666 0.3049537037037037
0 0.1864140625 0.8983796296296296 0.11189062500000001 0.20324074074074075
0 0.6079921875000001 0.7402222222222222 0.12692447916666666 0.34988888888888886
0 0.728296875 0.6466759259259259 0.10711458333333333 0.18131944444444442
0 0.7527734375 0.7964675925925926 0.135234375 0.15218981481481483
0 0.753421875 0.9296296296296296 0.15476302083333332 0.14074074074074075
0 0.2616692708333333 0.436 0.09052604166666667 0.1581064814814815
0 0.2558125 0.3575138888888889 0.07099739583333334 0.12613425925925925
0 0.7248255208333333 0.5204583333333334 0.07023697916666666 0.03170833333333333
0 0.7243723958333333 0.5403148148148148 0.06909375 0.02877314814814815
0 0.7227291666666668 0.5592731481481481 0.06325 0.028592592592592593
