0 0.24500520833333334 0.35102777777777777 0.07803125 0.13168981481481482
0 0.2810729166666667 0.45775 0.008687499999999999 0.007166666666666667
0 0.23211718750000002 0.4619212962962963 0.0496484375 0.08032407407407408
0 0.181984375 0.6591898148148148 0.15771875 0.2943055555555556
0 0.17040104166666667 0.8988842592592592 0.10798437500000001 0.20223148148148148
0 0.6003098958333334 0.7355925925925927 0.11676822916666667 0.34526388888888887
0 0.7225677083333333 0.6487638888888888 0.1138828125 0.16697222222222224
0 0.74053125 0.7753981481481481 0.14460677083333331 0.11005555555555556
0 0.7358463541666667 0.8531851851851853 0.12481770833333333 0.08044444444444444
0 0.7452187499999999 0.9302824074074074 0.15397916666666667 0.13741666666666666
