0 0.39498958333333334 0.7127962962962964 0.09675520833333334 0.19318518518518518
0 0.4788385416666667 0.31935185185185183 0.045703125 0.05444444444444444
0 0.48222916666666665 0.36541666666666667 0.0360625 0.052500000000000005
0 0.5099583333333333 0.24667592592592594 0.068875 0.10353703703703702
0 0.5556614583333332 0.3522222222222222 0.09543750000000001 0.10755555555555556
0 0.61828125 0.25292592592592594 0.05635416666666667 0.04660185185185185
0 0.5522708333333333 0.0437037037037037 0.08839583333333333 0.08739814814814816
0 0.566984375 0.5512592592592592 0.02147395833333333 0.046037037037037036
0 0.5934166666666666 0.5454722222222222 0.024854166666666667 0.039101851851851846
0 0.56503125 0.5947777777777777 0.023296874999999998 0.04047222222222222
0 0.5934166666666666 0.6024074074074074 0.024848958333333334 0.05112037037037037
0 0.6371614583333333 0.5672314814814815 0.06026041666666667 0.0918611111111111
0 0.6449739583333333 0.6692962962962963 0.07588020833333334 0.10617592592592592
0 0.5764895833333333 0.6635092592592593 0.04829166666666666 0.08072222222222222
0 0.6917135416666667 0.6512407407407408 0.046968750000000004 0.09785185185185186
0 0.07145312499999999 0.3605462962962963 0.06686458333333332 0.053509259259259256
0 0.13538020833333334 0.3633240740740741 0.06190625 0.05906481481481481
0 0.37702604166666664 0.3545277777777778 0.045197916666666664 0.06925
0 0.8163125 0.5774166666666667 0.022734374999999998 0.07519444444444444
0 0.7410729166666666 0.0842037037037037 0.028796875 0.08594444444444443
0 0.6204427083333334 0.05875925925925926 0.04194791666666667 0.05609259259259259
0 0.6525677083333333 0.07684259259259259 0.026916666666666665 0.05861111111111111
0 0.61890625 0.10439814814814814 0.041239583333333336 0.05060185185185185
0 0.6794270833333333 0.13826851851851854 0.0309375 0.05522222222222222
0 0.703921875 0.15183333333333332 0.016026041666666668 0.046592592592592595
0 0.726640625 0.14814814814814814 0.02359375 0.07919444444444444
0 0.7448020833333333 0.16171296296296298 0.013770833333333335 0.07898148148148147
0 0.7661614583333333 0.10513888888888889 0.017432291666666665 0.07100925925925926
0 0.7807708333333333 0.11596296296296296 0.009979166666666667 0.07794444444444446
0 0.7643854166666666 0.17822222222222223 0.01625 0.07624074074074075
0 0.824375 0.21114814814814814 0.01553125 0.0726574074074074
0 0.7819479166666666 0.4186388888888889 0.02811458333333333 0.025685185185185182
0 0.793390625 0.39371296296296293 0.031286458333333336 0.027166666666666665
0 0.8055677083333334 0.42076851851851854 0.013333333333333334 0.02386111111111111
0 0.817984375 0.411212962962963 0.018447916666666668 0.04947222222222222
0 0.8465520833333334 0.41441666666666666 0.01984375 0.044694444444444446
0 0.864140625 0.41883333333333334 0.01415625 0.042351851851851856
0 0.88190625 0.42011111111111116 0.011093750000000001 0.04387962962962963
0 0.8392604166666667 0.5573981481481481 0.012671874999999999 0.03935185185185185
0 0.8562552083333334 0.5241481481481481 0.023453125000000002 0.02139814814814815
0 0.85709375 0.5522685185185185 0.015229166666666665 0.03212962962962963
0 0.8534270833333333 0.5852777777777778 0.007197916666666667 0.029694444444444443
0 0.860578125 0.5845555555555556 0.005807291666666667 0.028722222222222222
0 0.617953125 0.30174999999999996 0.05934375 0.048046296296296295
0 0.6282083333333334 0.34628703703703706 0.045671875 0.04764814814814815
0 0.633609375 0.3921851851851852 0.03725520833333333 0.04451851851851852
0 0.6597552083333333 0.3500462962962963 0.019484374999999998 0.046814814814814816
0 0.6619114583333333 0.3942407407407407 0.019953125000000002 0.04406481481481482
0 0.6623385416666667 0.30095370370370367 0.022515624999999997 0.04356481481481481
0 0.66009375 0.2605277777777778 0.023583333333333335 0.047009259259259265
0 0.4232708333333333 0.22158333333333333 0.03311458333333333 0.0563425925925926
0 0.4119427083333333 0.28397222222222224 0.040739583333333336 0.05923148148148148
0 0.4263333333333333 0.380712962962963 0.05327604166666667 0.025203703703703704
0 0.4245677083333333 0.5248888888888888 0.01875 0.03337962962962963
0 0.4418125 0.5246388888888889 0.012208333333333333 0.029935185185185183
0 0.42454166666666665 0.5581759259259259 0.018140625 0.03144444444444445
0 0.441328125 0.5568703703703703 0.013177083333333334 0.031296296296296294
0 0.46810416666666665 0.5240277777777779 0.013505208333333333 0.029194444444444446
0 0.467953125 0.5534907407407407 0.015140625 0.028981481481481483
0 0.47934375 0.5229907407407408 0.008541666666666666 0.02811111111111111
