0 0.19409375 0.6633564814814814 0.16110416666666666 0.2887453703703704
0 0.19019010416666668 0.9006944444444445 0.11683854166666667 0.1986111111111111
0 0.6076041666666666 0.7397592592592593 0.12353906249999999 0.3397037037037037
0 0.7288177083333333 0.6494537037037037 0.11857291666666667 0.16835648148148147
0 0.7458723958333333 0.7999398148148148 0.13445312499999998 0.14524537037037039
0 0.7509479166666666 0.9388888888888889 0.15762760416666666 0.12222222222222222
0 0.25190625 0.42233796296296294 0.06839583333333334 0.16319444444444445
0 0.256984375 0.3591342592592593 0.07073697916666667 0.1340046296296296
0 0.7245677083333334 0.5206666666666667 0.06917708333333333 0.030638888888888893
0 0.7245234375 0.5389074074074074 0.06998177083333333 0.02847685185185185
0 0.7237343749999999 0.5590324074074075 0.06036458333333334 0.030083333333333333
