0 0.39234895833333333 0.7288425925925925 0.09469791666666666 0.18287037037037038
0 0.32558333333333334 0.5754814814814815 0.10491666666666667 0.128
0 0.07622916666666667 0.38341666666666663 0.07704166666666666 0.05867592592592592
0 0.14143229166666668 0.38378703703703704 0.053286458333333335 0.05200925925925926
0 0.5524375 0.36415740740740743 0.10497916666666667 0.1039074074074074
0 0.514296875 0.26563888888888887 0.06739583333333334 0.09032407407407407
0 0.48080729166666664 0.33010185185185187 0.03635416666666667 0.04398148148148148
0 0.482234375 0.38187037037037036 0.03276041666666667 0.05578703703703704
0 0.6186822916666667 0.26587962962962963 0.0605625 0.04658333333333334
0 0.6222760416666666 0.3146203703703704 0.059270833333333335 0.0447962962962963
0 0.573125 0.2685092592592593 0.044078124999999996 0.07148148148148148
0 0.6347604166666667 0.35827777777777775 0.03651041666666666 0.04791666666666667
0 0.6339739583333334 0.40546296296296297 0.03586979166666667 0.044000000000000004
0 0.661109375 0.2714537037037037 0.026557291666666667 0.051166666666666666
0 0.6625364583333333 0.31551851851851853 0.022963541666666667 0.050851851851851856
0 0.6653489583333333 0.3612314814814815 0.020291666666666666 0.047268518518518515
0 0.6648854166666667 0.40497222222222223 0.021213541666666665 0.03974074074074074
0 0.6882447916666667 0.40882407407407406 0.020932291666666665 0.042527777777777775
0 0.7201197916666667 0.4357685185185185 0.033088541666666665 0.04892592592592593
0 0.6905 0.4520740740740741 0.024526041666666668 0.0372962962962963
0 0.6920208333333334 0.4917129629629629 0.022958333333333334 0.03796296296296296
0 0.717078125 0.48606481481481484 0.025166666666666667 0.05450925925925926
0 0.7498802083333334 0.45985185185185184 0.03916666666666667 0.08071296296296296
0 0.7052864583333334 0.5453703703703704 0.045807291666666666 0.06828703703703703
0 0.7585625 0.5424629629629629 0.05225 0.08808333333333333
0 0.796546875 0.5387500000000001 0.021854166666666668 0.07389814814814814
0 0.5600989583333333 0.5599907407407407 0.035182291666666664 0.09850925925925925
0 0.6146041666666666 0.5626481481481481 0.06303645833333334 0.10405555555555555
0 0.560984375 0.6490833333333333 0.038656249999999996 0.08395370370370371
0 0.6154791666666667 0.6503240740740741 0.061286458333333335 0.08644444444444445
0 0.6550208333333334 0.5609259259259259 0.017427083333333333 0.08871296296296297
0 0.6577916666666667 0.652425925925926 0.020052083333333335 0.09029629629629629
0 0.42596875 0.529537037037037 0.018479166666666665 0.03540740740740741
0 0.44254166666666667 0.5308240740740741 0.013838541666666667 0.03285185185185185
0 0.425 0.5643796296296296 0.018697916666666665 0.032796296296296296
0 0.441625 0.5615 0.014520833333333334 0.030870370370370374
0 0.4686822916666667 0.5287685185185186 0.014229166666666666 0.02875
0 0.4805885416666667 0.5272962962962963 0.009692708333333333 0.027092592592592595
0 0.46889583333333335 0.5597685185185185 0.0158125 0.028694444444444443
0 0.5503333333333333 0.05720370370370371 0.08775 0.10107407407407407
0 0.6179218750000001 0.07151851851851851 0.04701041666666667 0.06523148148148149
0 0.6544583333333333 0.09103703703703703 0.02236979166666667 0.06633333333333333
0 0.6173697916666666 0.11721296296296296 0.04590625 0.05263888888888889
0 0.6513958333333334 0.1323888888888889 0.0224375 0.05362037037037037
0 0.030057291666666666 0.28302777777777777 0.05753645833333333 0.060731481481481484
0 0.02815625 0.32525 0.05495833333333333 0.04699074074074074
0 0.020119791666666668 0.37025925925925923 0.037656249999999995 0.03991666666666666
0 0.422734375 0.23298148148148148 0.028651041666666665 0.057444444444444444
0 0.40416145833333333 0.28012037037037035 0.019109374999999998 0.036120370370370365
0 0.42671354166666664 0.286962962962963 0.02025 0.04805555555555555
0 0.40740625 0.31426851851851856 0.023088541666666667 0.029916666666666668
0 0.4282447916666667 0.39299074074074075 0.052640624999999996 0.028537037037037038
0 0.37634375000000003 0.3669907407407408 0.046901041666666664 0.0714537037037037
0 0.6791927083333333 0.1506851851851852 0.032963541666666665 0.05575925925925926
0 0.7034322916666667 0.16392592592592592 0.017229166666666667 0.054407407407407404
0 0.7162552083333333 0.15903703703703703 0.04488020833333333 0.09387037037037037
0 0.7465364583333333 0.1700648148148148 0.01353125 0.08096296296296296
0 0.739859375 0.09528703703703703 0.031072916666666665 0.0940925925925926
0 0.764046875 0.11497222222222223 0.01884375 0.0813888888888889
0 0.781265625 0.12396296296296296 0.012338541666666668 0.07938888888888888
0 0.7634010416666667 0.18848148148148147 0.019161458333333332 0.08283333333333333
0 0.7806197916666666 0.19458333333333333 0.014265625 0.07862962962962963
0 0.8241510416666666 0.2175 0.019114583333333334 0.08050925925925927
0 0.8654114583333333 0.2668888888888889 0.022223958333333335 0.039824074074074074
0 0.8938489583333333 0.23579629629629628 0.017046875 0.014203703703703703
0 0.8940260416666667 0.25405555555555553 0.019005208333333336 0.02387037037037037
0 0.9111979166666667 0.2876944444444444 0.019640625000000002 0.05838888888888889
0 0.92696875 0.2971111111111111 0.011140625 0.04820370370370371
0 0.8474895833333334 0.4224259259259259 0.0195625 0.044787037037037035
0 0.865765625 0.42488888888888887 0.016244791666666668 0.04075925925925926
0 0.9223645833333334 0.4190648148148148 0.012135416666666668 0.015240740740740742
0 0.9228802083333334 0.4382037037037037 0.012166666666666666 0.022611111111111113
0 0.9490260416666667 0.3174074074074074 0.014703125000000001 0.0362962962962963
0 0.126640625 0.1809814814814815 0.061203125000000004 0.09603703703703703
0 0.11549999999999999 0.26691666666666664 0.07016145833333334 0.09012962962962963
