0 0.245484375 0.11727777777777777 0.08847395833333334 0.17009259259259257
0 0.31100520833333334 0.14837962962962964 0.034088541666666666 0.1256574074074074
0 0.3315208333333333 0.09559259259259259 0.07304166666666667 0.09786111111111111
0 0.36995833333333333 0.1809814814814815 0.06449479166666666 0.10196296296296296
0 0.4192239583333333 0.20375925925925925 0.04428125 0.10677777777777778
0 0.4930729166666667 0.13041666666666665 0.03989583333333333 0.07861111111111112
0 0.5426510416666667 0.13300925925925927 0.07238020833333333 0.10601851851851851
0 0.5357760416666667 0.2291388888888889 0.07946875 0.10937962962962963
0 0.47869791666666667 0.21505555555555556 0.0403125 0.0960462962962963
0 0.5071302083333333 0.44416666666666665 0.07009895833333334 0.1061111111111111
0 0.42911979166666664 0.39563888888888893 0.049484375000000004 0.07572222222222222
0 0.40474479166666666 0.4608333333333333 0.054906250000000004 0.057962962962962966
0 0.45693229166666666 0.5288055555555555 0.08884375000000001 0.049462962962962966
0 0.47682291666666665 0.5897407407407407 0.03239583333333333 0.06392592592592593
0 0.5093229166666666 0.5777037037037037 0.030723958333333336 0.07318518518518519
0 0.55275 0.5517777777777777 0.09050520833333334 0.11021296296296297
0 0.13268229166666667 0.6988333333333333 0.052453124999999996 0.07099074074074074
0 0.6141510416666667 0.23948148148148146 0.046484375 0.05432407407407407
0 0.6492291666666666 0.2508796296296296 0.025630208333333335 0.055342592592592596
0 0.6115260416666667 0.2841388888888889 0.046489583333333334 0.04750925925925926
0 0.645875 0.2937685185185185 0.021791666666666668 0.04537037037037037
0 0.6728645833333334 0.30013888888888884 0.03565104166666667 0.044861111111111115
0 0.6964427083333333 0.30900000000000005 0.02149479166666667 0.05240740740740741
0 0.6147083333333333 0.4364074074074074 0.06334375 0.047157407407407405
0 0.6142239583333333 0.4833055555555556 0.063125 0.04968518518518518
0 0.5641197916666666 0.42860185185185184 0.03657291666666666 0.060648148148148145
0 0.5640468750000001 0.4767592592592592 0.036125 0.03314814814814815
0 0.6281041666666667 0.5307314814814815 0.03834375 0.04797222222222222
0 0.62746875 0.5732037037037037 0.039015625 0.04561111111111111
0 0.658421875 0.4363425925925926 0.023536458333333333 0.0483425925925926
0 0.6564114583333333 0.47748148148148145 0.023984375 0.04333333333333333
0 0.6580833333333334 0.5239907407407407 0.023609375 0.04241666666666667
0 0.6579375 0.5683055555555555 0.0233125 0.03846296296296296
0 0.6831197916666666 0.5575925925925926 0.026505208333333332 0.04612962962962963
0 0.726328125 0.22962962962962963 0.046177083333333334 0.08055555555555556
0 0.7086197916666667 0.3007685185185185 0.04553125 0.07935185185185185
0 0.7606510416666666 0.2429814814814815 0.017364583333333336 0.07826851851851852
0 0.75775 0.3164537037037037 0.021442708333333334 0.0717962962962963
0 0.7760625 0.2505 0.012984375 0.07727777777777778
0 0.7752239583333334 0.32019444444444445 0.012598958333333334 0.07164814814814814
0 0.6091718749999999 0.7286203703703703 0.069515625 0.11993518518518519
0 0.6405989583333334 0.7195648148148148 0.028338541666666665 0.10567592592592592
0 0.6064114583333333 0.8243703703703704 0.06290625 0.10724074074074073
0 0.6486145833333333 0.8112685185185184 0.027036458333333332 0.09645370370370371
0 0.6714791666666666 0.7816944444444445 0.022916666666666665 0.10473148148148148
0 0.8193229166666666 0.5463518518518518 0.031447916666666666 0.05591666666666667
0 0.8642864583333334 0.5451944444444444 0.04986458333333333 0.06130555555555555
0 0.8089739583333333 0.4798796296296296 0.022677083333333334 0.02699074074074074
0 0.83059375 0.4677407407407408 0.0193125 0.037398148148148146
0 0.855890625 0.47410185185185183 0.023317708333333336 0.030842592592592595
0 0.8292916666666666 0.5037685185185186 0.016713541666666668 0.028546296296296295
0 0.854375 0.5024166666666667 0.028953125000000003 0.02199074074074074
0 0.809140625 0.5044444444444444 0.022348958333333332 0.025657407407407407
0 0.55603125 0.8047222222222222 0.042328125 0.09105555555555556
0 0.5540260416666667 0.7116666666666667 0.03506770833333333 0.08601851851851852
0 0.8025416666666667 0.6939537037037037 0.04015104166666667 0.08913888888888888
0 0.7713385416666667 0.5415555555555556 0.047088541666666664 0.027055555555555555
0 0.7932239583333334 0.5098611111111111 0.01718229166666667 0.04264814814814815
0 0.7982239583333333 0.32299999999999995 0.026093750000000002 0.08117592592592593
0 0.8195677083333333 0.3292592592592593 0.0189375 0.07636111111111112
0 0.07012499999999999 0.7094351851851852 0.07658333333333332 0.07526851851851853
0 0.028057291666666664 0.5561944444444445 0.05611979166666667 0.05291666666666667
0 0.026739583333333334 0.60375 0.05347916666666667 0.04236111111111111
0 0.026208333333333333 0.6478981481481482 0.052421875 0.04612962962962963
0 0.132328125 0.4147037037037037 0.045140625000000004 0.10101851851851851
0 0.113046875 0.506287037037037 0.07525520833333334 0.0869537037037037
0 0.09759374999999999 0.5933055555555555 0.068125 0.08956481481481482
0 0.23825 0.5243703703703704 0.05093229166666667 0.04327777777777778
0 0.36807812500000003 0.6056296296296296 0.05434375 0.08369444444444445
0 0.31168229166666667 0.8060462962962963 0.110625 0.13464814814814813
0 0.38221354166666666 0.9216018518518518 0.11827604166666666 0.15678703703703706
