0 0.08253304627966948 0.8628454838329082 0.10504205890139752 0.6621401212891665 0.24509813743659423 0.6640158723409771 0.22634062691848755 0.8665969859365297
0 0.10629255960260463 0.6640158723409771 0.13255307432795402 0.4689377629526676 0.2626051472534938 0.47081351400447824 0.24634863813780133 0.6677673744445987
0 0.2463486381378012 0.6640158723409771 0.2613304093567252 0.46875 0.39609934840924366 0.4689377629526674 0.38609534279958685 0.6658916233927878
0 0.22603125304507615 0.8665969859365296 0.24353826286197566 0.6583886191855453 0.3848448420983795 0.6640158723409771 0.37484083648872263 0.8684727369883403
0 0.37484083648872263 0.8684727369883404 0.3835943413971724 0.6640158723409771 0.522399919231162 0.6677673744445984 0.5249009206335764 0.8665969859365296
0 0.3848448420983795 0.6677673744445984 0.3948488477080365 0.4820680203153422 0.5261514213347832 0.4820680203153422 0.523650419932369 0.6715188765482198
0 0.15100121097264932 0.3713987082585127 0.16850822078954902 0.23822038357995517 0.28730578740422474 0.2438476367353872 0.27480078039215355 0.37515021036213414
0 0.1772617256979987 0.2400961346317658 0.19852023761851964 0.10129055679777621 0.30731379862353847 0.1125450631086402 0.29230779020905306 0.2494748898908192
0 0.29105728950784604 0.24384763673538712 0.3073137986235387 0.1087935610050189 0.4211093624333858 0.1200480673158829 0.4136063582261432 0.25322639199444047
0 0.27229977898973934 0.38077746351756603 0.2873057874042248 0.24384763673538712 0.4086043554213148 0.25322639199444047 0.4023518519152793 0.3826532145693768
0 0.4023518519152791 0.3864047166729981 0.40735385472010766 0.25135064094262977 0.5274019220359906 0.2569778940980619 0.5249009206335764 0.3901562187766193
0 0.4101050550722699 0.2563156594201687 0.41787219626682065 0.12582768735171918 0.5266121729905286 0.13281811442681468 0.5281656012294388 0.26097594413689906 0.4069981985944498 0.2586458017785339
1 0.5809821613523826 0.6640905721340735 0.5794287331134722 0.5988465860998488 0.6990427075095511 0.5965164437414837 0.7021495639873713 0.6640905721340736
1 0.7014171165348447 0.665154784069971 0.6972728499674306 0.6006596356145881 0.7532204486275215 0.6014366855959782 0.7589188151577161 0.6636006841071905
1 0.7589188151577161 0.6643777340885807 0.7527024153065948 0.6006596356145882 0.8086500139666857 0.6014366855959783 0.8148664138178069 0.6636006841071905
1 0.584341586005395 0.7288728825439634 0.5822694527216878 0.6628236341258004 0.6418432846282662 0.66126953416302 0.6449514845538268 0.7288728825439634 0.5843415860053949 0.7288728825439634
1 0.6439154179119735 0.7296499325253536 0.6408072179864128 0.6597154342002398 0.6993449832511375 0.6628236341258004 0.7040072831394786 0.7288728825439634
1 0.7128138495952336 0.7288728825439634 0.7071154830650391 0.6620465841444102 0.8262631468781959 0.66126953416302 0.8345516800130243 0.7296499325253536
1 0.5905579858565163 0.7988073808690772 0.5910760191774429 0.7273187825811831 0.7112597496324533 0.7280958325625733 0.7169581161626477 0.7995844308504672
1 0.7209929448777146 0.8007384234913849 0.713956579117685 0.7282638561630786 0.7735311425526034 0.7275602195870757 0.7805675083126332 0.7986275137633762
1 0.7819747814646391 0.8000347869153821 0.774000233603272 0.7282638561630788 0.8326366149368533 0.7303747658910875 0.8396729806968831 0.7979238771873732
1 0.5952765432985164 0.8739166273956943 0.5910547238424987 0.7986275137633763 0.6529747425307604 0.7993311503393791 0.6567274709361097 0.8718057176676856 0.5962147253998539 0.8725093542436885
1 0.6571965619867783 0.8725093542436885 0.6520365604294232 0.7993311503393791 0.7134874880670162 0.7993311503393791 0.7195856717257088 0.8725093542436885
1 0.7214620359283832 0.8739166273956943 0.7148947612190222 0.7979238771873732 0.8396729806968829 0.7986275137633762 0.8476475285582501 0.8732129908196914
1 0.5980910896025284 0.9485021044520098 0.5976219985518597 0.8703984445156795 0.7238074911817266 0.8711020810916825 0.7280293106377443 0.9492057410280127
1 0.7294365837897502 0.9492057410280127 0.7224002180297205 0.8725093542436885 0.7852584188193197 0.8703984445156795 0.7918256935286807 0.944983921571995
1 0.791356602478012 0.9449839215719948 0.7852584188193197 0.8711020810916826 0.8443638912035695 0.8711020810916826 0.8528075301156051 0.9435766484199889