0 0.22080278635530823 0.3447227174730833 0.3454737473586456 0.34021653815970965 0.3499799266720192 0.45963028996411115 0.22756205532536872 0.45963028996411115
0 0.3447227174730833 0.34021653815970965 0.46488749916304695 0.33908999333136625 0.46864264859085836 0.4472382968523335 0.3507309565575815 0.45625065547908084
0 0.46563852904860925 0.3379634485030228 0.580546101539637 0.3300776347046189 0.5820481613107616 0.44273211753895997 0.4686426485908584 0.4517444761657073
0 0.20728424841518733 0.4641364692774847 0.3116774025083433 0.4607568347924545 0.3169346117072792 0.5722847727984521 0.2155455771563724 0.572284772798452
0 0.31317946227946786 0.46300992444914124 0.41156437728812556 0.4585037451357677 0.4138174669448124 0.5632724141717048 0.3161835818217169 0.5700316831417651
0 0.41156437728812556 0.4585037451357677 0.5099492922967833 0.45625065547908084 0.5107003221823456 0.5632724141717048 0.41231540717368786 0.5689051383134218
0 0.5114513520679079 0.45399756582239403 0.6045790578776298 0.4438586623673034 0.6038280279920675 0.5497538762315838 0.5099492922967833 0.5565131452016443
0 0.21554557715637232 0.5711582279701086 0.3259469703340265 0.5734113176267954 0.33270623930408694 0.6759268970060456 0.22305587601199509 0.6725472625210155
0 0.36575155426882694 0.5711582279701087 0.4799080968742925 0.5643989590000482 0.4814101566454169 0.6646614487226117 0.36875567381107593 0.6748003521777022
0 0.484414276187666 0.5643989590000482 0.5948156693653203 0.5553866003733008 0.5933136095941957 0.6567756349242078 0.48516530607322833 0.6657879935509551
0 0.2147945472708101 0.6826861659761061 0.31092637262278106 0.6826861659761061 0.31543255193615466 0.778442476385296 0.22230484612643284 0.7818221108703262
0 0.3116774025083433 0.6860658004611364 0.40780922786031426 0.6860658004611364 0.40931128763143876 0.7863282901836999 0.3146815220505924 0.7863282901836998
0 0.4100623175170011 0.679306531491076 0.5046920830978474 0.6770534418343892 0.5054431129834097 0.7750628419002659 0.41231540717368786 0.7806955660419828
0 0.5091982624112211 0.6781799866627326 0.6053300877631921 0.6714207176926721 0.6023259682209429 0.767177028101862 0.5114513520679078 0.7739362970719222
0 0.22380690589755736 0.7942141039821037 0.335710358846336 0.787454835012043 0.34171859793083426 0.8809580557645463 0.2313172047531801 0.8865907799062631
0 0.3559881657565174 0.7874548350120432 0.46563852904860925 0.7795690212136394 0.46864264859085836 0.8719456971377989 0.36049434506989103 0.8787049661078593
0 0.4904225152721643 0.7761893867286092 0.5978197889075694 0.7683035729302052 0.5963177291364448 0.8606802488543649 0.4904225152721643 0.8708191523094555
0 0.24183162315105192 0.976714366173736 0.3312041795329624 0.9699550972036756 0.3342082990752115 1 0.24258265303661417 0.9992452627406042
0 0.33270623930408694 0.9688285523753322 0.4213277658004352 0.965448917890302 0.4213277658004352 1 0.33270623930408694 1
0 0.4228298255715597 0.9665754627186454 0.5107003221823455 0.9598161937485848 0.5114513520679079 1 0.4198257060293106 1
0 0.5114513520679079 0.959816193748585 0.5955666992508825 0.951930379950181 0.5955666992508825 1 0.5099492922967833 0.9992452627406041
0 0.7187356004830953 0.6342447383573395 0.7232417797964689 0.48216118653097934 0.863684368396614 0.4697691934192017 0.8531699499987423 0.6229792900739054
0 0.8546720097698667 0.6162200211038449 0.8644353982821762 0.4618833796207979 1 0.4528710209940506 0.98460017997214 0.6083342073054411
0 0.7209886901397821 0.6421305521557434 0.8584271591976781 0.6286120142156225 0.8471617109142439 0.7739362970719222 0.7172335407119708 0.7829486556986698
0 0.8591781890832404 0.6229792900739054 0.9906084190566382 0.6139669314471581 0.9725837018031435 0.7570381246467711 0.8471617109142439 0.7626708487884883
0 0.7134783912841594 0.7818221108703262 0.8441575913719946 0.7716832074152354 0.8313900833174362 0.8956031385330107 0.709723241856348 0.9068685868164447
0 0.8343942028596854 0.8956031385330104 0.8456596511431195 0.764923938445175 0.9703306121464567 0.7525319453333974 0.9568120742063358 0.8854642350779198
0 0.9650734029475209 0.894476593704667 0.9838491500865775 0.7637973936168316 0.9913594489422003 0.7694301177585486 1 0.7660504832735184 1 0.8877173247346066