0 0.07582513267696026 0.6705108161005485 0.20653321852962506 0.6650947351950512 0.22025395682355117 0.8275771623599661 0.09532302393674998 0.8340764594465628
0 0.2050889302881592 0.664011519013952 0.33435272789935805 0.6531793572029575 0.3422963132274206 0.8167450005489718 0.2188096685820853 0.8297435947221652
0 0.33435272789935805 0.6542625733840571 0.4578393725446935 0.6455968439352616 0.46072794902762515 0.8048296225568782 0.3408520249859546 0.8167450005489718
0 0.0974894562989489 0.834076459446563 0.22097610094428416 0.8264939461788667 0.2332525509967444 0.9705616982650913 0.11554305931727275 0.9792274277138866
0 0.22025395682355117 0.826493946178867 0.34157416910668764 0.8156617843678725 0.34951775443475014 0.9618959688162958 0.23397469511747734 0.9705616982650914
0 0.3422963132274206 0.8156617843678725 0.45928366078615923 0.8048296225568782 0.46217223726909107 0.9488973746431026 0.3473513220725512 0.9618959688162958
0 0.5546066847229093 0.9196505377534181 0.654262573384057 0.919650537753418 0.654262573384057 1 0.5531623964814434 0.9987253189736764
0 0.65498471750479 0.9185673215723186 0.7568070385281366 0.9174841053912192 0.7503077414415399 1 0.652096141021858 0.9998085351547759
0 0.7568070385281367 0.9153176730290202 0.8571850713100174 0.9153176730290202 0.847797197740489 1 0.75030774144154 0.999808535154776
1 0.5199437669277273 0.6001017643290852 0.5213880551691934 0.5134444698411309 0.5943246113632217 0.5145276860222303 0.5914360348802898 0.599018548147986
1 0.592158179001023 0.6001017643290855 0.5943246113632218 0.5123612536600314 0.6650947351950515 0.5123612536600315 0.6614840145913866 0.5946856834235884
1 0.6629283028328525 0.5936024672424889 0.6665390234365172 0.509111605116733 0.7365870031476137 0.5080283889356337 0.7315319943024831 0.5925192510613895
1 0.5192216228069945 0.5166941183844291 0.5192216228069945 0.4213710944476792 0.5936024672424889 0.4192046620854803 0.5936024672424889 0.5145276860222303
1 0.5943246113632218 0.5134444698411309 0.5964910437254206 0.42028787826657965 0.6715940322816479 0.42028787826657965 0.6672611675572503 0.5145276860222302
1 0.670149744040182 0.5123612536600315 0.6737604646438466 0.41703822972328136 0.7459748767171424 0.41487179736108254 0.7401977237512787 0.5080283889356337
1 0.5307759287387217 0.4213710944476792 0.5314980728594547 0.3249648543298297 0.606601061415682 0.3249648543298297 0.6044346290534832 0.4224543106287786
1 0.6037124849327502 0.4213710944476792 0.6066010614156819 0.32496485432982963 0.6817040499719093 0.3238816381487302 0.6766490411267786 0.41920466208548024
1 0.6773711852475116 0.4192046620854803 0.6817040499719095 0.3238816381487302 0.7531963179244718 0.32279842196763076 0.7481413090793412 0.41703822972328136