0 0.171444563980651 0.47289941219995535 0.28201126254623343 0.46951042844366103 0.2911445765641054 0.63378057741704 0.18611146535857762 0.6392562177174415
0 0.2821644357081114 0.46776292330538244 0.42905767397929717 0.4667725821834233 0.4327109438411212 0.6187224490957691 0.28840462416773754 0.6269359878764825
0 0.4281442868321853 0.46540368516334135 0.5715373587217688 0.4544523001223903 0.5715373587217689 0.6050332700146543 0.4317976263756652 0.6132468087953676
0 0.18519814789312164 0.6366199816491048 0.2938845986421294 0.6338821353888671 0.3002778905819774 0.7803563620008114 0.20255145846340958 0.7885698485614508
0 0.2901545295441137 0.6235697531074272 0.43545096591914506 0.6174551100475144 0.43819098799716916 0.759822593379139 0.3021045951945454 0.772142823220098
0 0.43397621859215496 0.6167211012479967 0.5724506761872249 0.6051348279864814 0.5715373587217688 0.748871208338188 0.4391043054626251 0.759822593379139
0 0.20255145846340958 0.7885698485614508 0.30301791266000144 0.7789874127606555 0.31215122667787343 0.9104035110513289 0.21533811202476152 0.92135489609228
0 0.302710391286403 0.7725279310500415 0.4381909879971692 0.7584536441389832 0.4400176229280813 0.8953454349501321 0.3121512266778734 0.9049279229710013
0 0.438541986498442 0.7588306273311805 0.569710654109201 0.7516090545984256 0.570624041256313 0.8898697946497306 0.4418442578589933 0.8939765379300503
0 0.6401585437463232 0.6419269539390412 0.6441074343397845 0.4917414307111945 0.7741517720471225 0.48265223234186194 0.7626971072971769 0.6311092096702394
0 0.7639461104357832 0.6280324311473671 0.7721303878362609 0.4796225059729279 0.900827136069691 0.47053330760359535 0.8873510357016408 0.616970435248466
0 0.8885757694156479 0.614137908355693 0.900827136069691 0.46750356197213083 1 0.45639453318182177 1 0.6048515297727298 0.8886986251755485 0.6129308129315743
0 0.6393164514559186 0.775819628113355 0.6427597934586335 0.6422182191980179 0.7647184915080386 0.6331290400912157 0.7559590571131519 0.7644175166288859
0 0.7588935566933562 0.7606619668860745 0.7640446967710849 0.626059652880329 0.8866771895574438 0.6159605393005083 0.8745487814777877 0.7543184030490651
0 0.875102292769176 0.7518199978368272 0.886003446227733 0.6119208784585556 1 0.6038415952997113 1 0.6482777104609471 0.9890956346062139 0.7381597982063153
0 0.640064563103575 0.776536460629683 0.7593280822051645 0.7654274125768434 0.7519162372841854 0.8866167755346928 0.6353479485376546 0.8946960972185982
0 0.7593280822051645 0.7623976862079095 0.8752225248074983 0.7533084685760465 0.8630940139133557 0.8734879741109989 0.7519162372841854 0.8835870876908196
0 0.878470661930794 0.7505568594012204 0.9944859925018447 0.7381597982063153 0.9789885593301763 0.8563194347952305 0.8691583207676702 0.8694483132690463