0 0.016049587344180147 0.7183795295255038 0.13417455019734606 0.7241573809694086 0.1155570288780971 0.5517848128929138 0 0.5460069614490088 0.0006419834937672012 0.586451921556343
0 0.1155570288780971 0.5508218376522629 0.23945984317516789 0.5565996890961677 0.2516575295567448 0.7289722571726626 0.13353256670357888 0.7251203562100594
0 0.2407438101627023 0.5565996890961677 0.36593059144730755 0.5565996890961677 0.37427637686628124 0.728009281932012 0.2548674470255808 0.7280092819320118
0 0.016691570837947357 0.7183795295255037 0.13096463272851006 0.7241573809694085 0.14701422007269022 0.8772704442328872 0.037235042638497945 0.8714925927889823
0 0.13224859971604444 0.7241573809694085 0.24844761208790878 0.728009281932012 0.2600033149757185 0.883048295676792 0.14637223657892304 0.8791963947141889
0 0.24844761208790875 0.7289722571726626 0.3672145584348419 0.7308982076539642 0.37491836036004833 0.8849742461580937 0.2612872819632529 0.8811223451954904
0 0.41215340299854636 0.7164535790442021 0.4038076175795727 0.5469699366896598 0.5302783658517123 0.5479329119303105 0.5302783658517123 0.7193425047661546
0 0.5315623328392466 0.7193425047661545 0.5309203493454795 0.5460069614490088 0.6586750646051536 0.5460069614490088 0.6535391966550158 0.717416554284853
0 0.6541811801487829 0.7183795295255037 0.6580330811113864 0.5421550604864057 0.788355730346129 0.5431180357270565 0.7761580439645522 0.7154906038035513
0 0.41472133697361513 0.7222314304881069 0.5347722503080827 0.7212684552474561 0.5347722503080827 0.8772704442328874 0.41985720492375284 0.8753444937515857
0 0.5341302668143154 0.7203054800068053 0.6554651471363175 0.7212684552474561 0.6516132461737143 0.8753444937515857 0.5347722503080827 0.8734185432702839
0 0.6548231636425502 0.7193425047661545 0.7768000274583194 0.7203054800068053 0.7671702750518116 0.8782334194735382 0.6496872956924127 0.8743815185109348
2 0.22854612378112538 0.20511372625862234 0.27669488581366586 0.20318777577732078 0.2818307537638035 0.28792959695459197 0.23304000823749582 0.2898555474358936
2 0.27669488581366586 0.20318777577732078 0.34474513615298974 0.20318777577732075 0.34795505362182566 0.28792959695459197 0.28183075376380345 0.28792959695459197
2 0.3453871196467569 0.20318777577732075 0.41151141950477915 0.20222480053666994 0.414079353479848 0.2869666217139412 0.3473130701280585 0.28792959695459197
2 0.4468205116619754 0.28504067123263954 0.44489456118067394 0.20415075101797156 0.4917593562256799 0.20126182529601913 0.4924013397194471 0.28504067123263954
2 0.4911173727319127 0.28985554743589353 0.4898334057443783 0.20029885005536832 0.5591676230712365 0.1964469490927651 0.5598096065650038 0.28407769599198873
2 0.5610935735525382 0.28215174551068706 0.5598096065650039 0.19452099861146346 0.6246499394354915 0.19452099861146346 0.6233659724479571 0.27637389406678226
1 0.7865385785516571 0.8365271277346822 0.7920060761185508 0.7685739436890078 0.8654267577311185 0.7685739436890079 0.8583971180022556 0.8330123078702508
1 0.7920060761185506 0.7720887635534391 0.7966925026044592 0.6947627265359475 0.8419946253015756 0.6924195132929932 0.8365271277346822 0.7744319767963934
1 0.8373081988156668 0.7697455503104849 0.8427756963825603 0.6959343331574247 0.8810481793508138 0.6971059397789018 0.8732374685409662 0.7674023370675305
1 0.7966925026044592 0.6947627265359475 0.8013789290903678 0.6209515093828873 0.8771428239458899 0.6162650828969788 0.8724563974599815 0.691247906671516
1 0.8052842844952914 0.6209515093828873 0.8091896399002154 0.5471402922298271 0.8209057061149869 0.5635427849305072 0.8576160469212709 0.5611995716875529 0.850586407192408 0.6209515093828873
1 0.852929620435362 0.6197799027614102 0.856834975840286 0.5611995716875529 0.8951074588085395 0.5588563584445986 0.8896399612416461 0.6162650828969789
1 0.9099478093472498 0.8365271277346822 0.9185395912380824 0.7650591238245762 0.9575931452873206 0.7650591238245762 0.9474392212345187 0.8341839144917278
1 0.9482202923155034 0.8294974880058194 0.9575931452873206 0.7650591238245763 1 0.7685739436890079 0.9903981306886807 0.8330123078702508
1 0.9279124442098995 0.7650591238245762 0.936504226100732 0.6947627265359474 1 0.6971059397789017 0.9997709836604977 0.7709171569319619
1 0.9271313731289147 0.6959343331574247 0.9388474393436863 0.6174366895184559 0.9794631355548938 0.6197799027614102 0.9693092115020921 0.6971059397789018
1 0.969309211502092 0.6959343331574247 0.9794631355548942 0.6197799027614103 1 0.6197799027614102 0.999770983660498 0.6959343331574247
1 0.9482202923155033 0.6174366895184559 0.9521256477204273 0.5611995716875529 1 0.561199571687553 1 0.6209515093828873
1 0.8209057061149869 0.4944179942633555 0.8287164169248346 0.4053758910310924 0.9115099515092194 0.40771910427404673 0.9013560274564176 0.49324638764187834
1 0.8279353458438499 0.4042042844096153 0.8349649855727127 0.3139905745558751 0.886515676917707 0.31750539442030656 0.8755806817839202 0.4088907108955239
1 0.8810481793508136 0.40889071089552387 0.8888588901606614 0.31633378779882937 0.9216638755620215 0.31750539442030656 0.9130720936711891 0.4100623175170011
1 0.9544688609633815 0.49207478102040125 0.9654038560971684 0.408890710895524 1 0.40771910427404673 0.9989899125795132 0.49207478102040125
1 0.9654038560971684 0.4100623175170012 0.9763388512309549 0.31750539442030656 1 0.3175053944203065 0.9919602728506501 0.4088907108955239
1 0.8334028434107431 0.31516218117735234 0.8404324831396061 0.21557561835179484 0.92635030204793 0.2190904382162263 0.9185395912380824 0.312818967934398
1 0.8435567674635449 0.21440401173031773 0.8513674782733928 0.11364584228328317 0.9044803117803567 0.11598905552623746 0.8966696009705091 0.2179188315947491
1 0.8990128142134631 0.21791883159474912 0.9052613828613414 0.11481744890476031 0.9450960079915642 0.11716066214771462 0.9333799417767927 0.21791883159474915