1 0.5971529075011911 0.4658074133139692 0.5985601806531972 0.3715201121295706 0.6398401931120382 0.3715201121295706 0.6379638289093635 0.4651037767379662
1 0.6389020110107009 0.4644001401619632 0.638902011010701 0.37222374870557356 0.6825274787228854 0.37222374870557356 0.6787747503175361 0.4636965035859602
1 0.6792438413682048 0.4658074133139692 0.6820583876722167 0.37222374870557356 0.7228693090803893 0.3715201121295706 0.71911658067504 0.4636965035859602
1 0.7186474896243713 0.4658074133139692 0.7214620359283833 0.37081647555356756 0.7650875036405677 0.36940920240156166 0.7613347752352184 0.4651037767379662
1 0.7613347752352184 0.4651037767379661 0.7636802304885617 0.3701128389775647 0.8068366071500775 0.3687055658255586 0.8021456966433912 0.4629928670099573
1 0.5934001790958419 0.5516510755863321 0.5948074522478478 0.46510377673796616 0.6689238382534944 0.4636965035859602 0.665640200898814 0.5502438024343261
1 0.6656402008988139 0.5516510755863321 0.6675165651014885 0.4629928670099573 0.7435093153098098 0.4622892304339543 0.7388184048031233 0.5495401658583231
1 0.7378802227017859 0.5488365292823201 0.7416329511071352 0.4636965035859602 0.8162184281634505 0.4615855938579514 0.8119966087074327 0.5474292561303142
1 0.5896474506904927 0.6346801915546831 0.5910547238424987 0.5523547121623351 0.6304583720986653 0.5516510755863322 0.626705643693316 0.6332729184026773
1 0.6285820078959906 0.632569281826674 0.6313965542000026 0.5502438024343261 0.6712692935068377 0.5509474390103292 0.6679856561521572 0.6332729184026773
1 0.6693929293041632 0.6325692818266742 0.6722074756081751 0.5509474390103292 0.7120802149150103 0.5502438024343261 0.7073893044083238 0.6304583720986653
1 0.7092656686109985 0.6297547355226623 0.712549305965679 0.5502438024343261 0.7538293184245202 0.5488365292823202 0.7505456810698394 0.6304583720986653
1 0.7505456810698394 0.6311620086746683 0.7542984094751888 0.5474292561303142 0.7941711487820241 0.5481328927063172 0.789011147224669 0.6304583720986653
0 0.13437493976795964 0.2536736667814653 0.26612792949166636 0.2536736667814653 0.2766157296686779 0.4021415880372841 0.1501066400334769 0.3991918942374996
0 0.2661279294916664 0.25564012931465496 0.34478643081925253 0.25662336058124974 0.35461874348520084 0.4011583567706893 0.27596024215761467 0.40017512550409445
0 0.3454419183303158 0.25465689804806013 0.4273778572132179 0.2536736667814653 0.4332772448127869 0.40115835677068934 0.35461874348520084 0.3991918942374997
0 0.42803334472428134 0.2536736667814653 0.5119357461403731 0.25170720424827564 0.5132467211624996 0.4011583567706892 0.4332772448127869 0.4021415880372841
0 0.15207310256666653 0.4001751255040945 0.22548770380574695 0.4011583567706893 0.23728647900488484 0.5378275028273702 0.16583834029899408 0.5358610402941805
0 0.22679867882787336 0.4021415880372841 0.3028352301112066 0.40312481930387895 0.3120120552660916 0.5368442715607753 0.23859745402701124 0.5368442715607753
0 0.30414620513333307 0.4021415880372841 0.3808382439277295 0.40312481930387895 0.3873931190383617 0.5417604278937495 0.3139785177992813 0.5388107340939651
0 0.38346019397198244 0.40312481930387895 0.514557696184626 0.4050912818370686 0.5158686712067524 0.5447101216935339 0.3887040940604881 0.5397939653605599
0 0.16714931532112054 0.5358610402941805 0.2871035298456894 0.5397939653605598 0.2956248674895113 0.668597261284482 0.17960357803132168 0.657781717351939 0.16583834029899408 0.5368442715607754
0 0.28775901735675263 0.5388107340939651 0.36248459361795937 0.5437268904269391 0.36838398121752836 0.6685972612844822 0.29759133002270083 0.6646643362181028
0 0.3644510561511491 0.5407771966271547 0.4365546823681031 0.5427436591603443 0.44048760743448234 0.669580492551077 0.3690394687285916 0.6666307987512925
0 0.43983211992341914 0.5417604278937496 0.514557696184626 0.5456933529601288 0.5158686712067524 0.6735134176174562 0.44179858245660875 0.6705637238176717
0 0.1841919906087642 0.6617146424183183 0.25236269175933884 0.6636811049515079 0.2621950044252871 0.7787191631431026 0.19664625331896532 0.7738030068101285
0 0.25301817927040204 0.6636811049515079 0.32381083046522957 0.6676140300178873 0.32971021806479855 0.7885514758090509 0.2628504919363503 0.7836353194760769
0 0.32381083046522957 0.6676140300178873 0.39591445668218356 0.6685972612844822 0.40181384428175254 0.7875682445424561 0.33167668059798816 0.7875682445424561
0 0.3985364067264365 0.6685972612844822 0.5211125712952581 0.675479880150646 0.5224235463173845 0.7915011696088355 0.40312481930387895 0.7856017820092664
0 0.22024380371724117 0.8711429022030166 0.3336431431311779 0.879008752335775 0.33692058068649394 0.947834940997413 0.2274541663389366 0.9419355533978438 0.22089929122830437 0.873109364736206
0 0.3336431431311779 0.87999198360237 0.3991918942374996 0.8858913712019388 0.40115835677068934 0.9468517097308181 0.3349541181533043 0.9448852471976285
0 0.3998473817485629 0.8858913712019388 0.4653961328548846 0.889824296268318 0.46670710787701103 0.947834940997413 0.4005028692596261 0.946851709730818
0 0.4653961328548847 0.8917907588015077 0.5329113464943961 0.8927739900681027 0.5322558589833328 0.9517678660637922 0.4660516203659478 0.947834940997413
0 0.22614319131681015 0.9439020159310335 0.29103645491206864 0.9448852471976286 0.2943138924673848 1 0.23073160389425268 0.9999461981269387
0 0.2910364549120687 0.9439020159310335 0.35592971850732724 0.947834940997413 0.35855166855158016 0.9999461981269387 0.29431389246738476 0.9979797355937491
0 0.3559297185073273 0.9458684784642234 0.42213395712471224 0.9468517097308181 0.4241004196579019 0.9999461981269387 0.35724069352945365 0.9979797355937491
0 0.42344493214683865 0.9448852471976286 0.5335668340054592 0.952751097330387 0.5342223215165225 1 0.4241004196579019 0.9989629668603439