0 0.054321680241840524 0.4814876203254046 0.15432295523250147 0.48426543351958967 0.1660514998301716 0.5703776425393254 0.06481564119765061 0.5685257670765355
0 0.1561748306952915 0.48241355805679964 0.2604971484324625 0.48426543351958967 0.26913923392548256 0.5713035802707205 0.1648169161883116 0.5731554557335106
0 0.2611144402533925 0.48519137125098466 0.34630071154173325 0.48241355805679964 0.3524736297510334 0.5685257670765355 0.26605277482083256 0.5731554557335106
0 0.34630071154173325 0.48241355805679964 0.4265486482626341 0.47685793166842966 0.4302523991882141 0.5666738916137454 0.3506217542882434 0.5722295180021155
0 0.07592689397439072 0.5713035802707205 0.15740941433715153 0.5759332689276956 0.16234774890459155 0.6527861006334812 0.08580356310927081 0.6555639138276662
0 0.16234774890459155 0.6666751666044064 0.15432295523250145 0.5814888953160656 0.2395092265208423 0.5851926462416457 0.24444756108828236 0.6620454779474313
0 0.24506485290921237 0.6740826684555665 0.23827464287898228 0.5879704594358305 0.3450661278998733 0.5833407707788556 0.3475352951835933 0.6620454779474313
0 0.35000446246731337 0.6583417270218512 0.3457342094759886 0.5776237144250372 0.4463019865323943 0.5694517048079305 0.44691927835332423 0.6527861006334812
0 0.09506294042322092 0.7361204964590321 0.08703814675113083 0.6555639138276663 0.16481691618831157 0.6527861006334812 0.1654342080092416 0.6666751666044063 0.18580483809993176 0.6620454779474313 0.19074317266737184 0.7361204964590321
0 0.19197775630923186 0.7388983096532169 0.18580483809993176 0.6638973534102214 0.24506485290921237 0.6629714156788263 0.24691672837200235 0.6740826684555665 0.2814850703440827 0.6685270420671965 0.28704069673245275 0.7388983096532171
0 0.28580611309059273 0.739824247384612 0.28025048670222263 0.6657492288730114 0.3629675907068435 0.6620454779474313 0.36358488252777355 0.7388983096532171
0 0.3685232170952135 0.7342686209962421 0.3629675907068435 0.6592676647532463 0.43827719286030425 0.6592676647532463 0.4432155274277442 0.7342686209962421
0 0.09938398316973095 0.737972371921822 0.1703725425766816 0.737972371921822 0.18148379535342174 0.8083436395078426 0.11172981958833107 0.8092695772392376
0 0.174635566167539 0.7440801464809319 0.25067940763796104 0.7434169734448527 0.25617610568595245 0.8166770790903979 0.1808665035324917 0.8185289545531877
0 0.2543242302231624 0.738898309653217 0.35123904610917334 0.7426020605787971 0.35556008885568335 0.8101955149706327 0.2580279811487425 0.8138992658962129
0 0.3574119643184734 0.8129733281648177 0.3487698788254533 0.7370464341904271 0.4475365701742543 0.735194558727637 0.44938844563704433 0.8138992658962128
0 0.11852002961856113 0.8861224089450235 0.10802606866275104 0.8129733281648177 0.20370630090690198 0.8176030168217928 0.20987921911620205 0.8916780353333936
0 0.21111380275806202 0.8926039730647887 0.206792760011552 0.8240845809415579 0.29938653315105285 0.8231586432101629 0.30185570043477283 0.8926039730647886
0 0.3043248677184929 0.8916780353333936 0.29815194950919277 0.8203808300159778 0.37531342712544363 0.8222327054787679 0.37654801076730365 0.8907520976019986
0 0.3740788434835836 0.8879742844078136 0.3753134271254436 0.818528954553188 0.45000573745797434 0.8213067677473729 0.4506230292789043 0.8916780353333934
1 0.5225803524304584 0.3130176730294117 0.5221382370730723 0.2520057537101196 0.5915503481827017 0.2513425806740403 0.5915503481827017 0.3103649808850946 0.5243488138600032 0.3130176730294117
1 0.5919924635400878 0.3090386348129361 0.5924345788974741 0.2500162346018818 0.6415093835673394 0.24736354245756476 0.6406251528525672 0.30771228874077755
1 0.6406251528525672 0.3083754617768568 0.6410672682099533 0.2467003694214855 0.6901420728798188 0.2447108503132477 0.688373611450274 0.3057227696325398
1 0.5252330445747755 0.36938738109614894 0.5234645831452307 0.31301767302941175 0.5738657338872548 0.3116913269572532 0.5729815031724824 0.36938738109614894
1 0.5729815031724823 0.36872420806006967 0.5738657338872547 0.3103649808850946 0.6229405385571201 0.30771228874077755 0.6220563078423478 0.3640819968075149
1 0.6224984231997339 0.3667346889518319 0.6233826539145063 0.30638594266861907 0.6892578421650464 0.3057227696325398 0.6866051500207293 0.36142930466319784
1 0.5181591988565967 0.41978853183817283 0.5181591988565967 0.3640819968075149 0.5261172752895479 0.37071372716830747 0.5853607331792953 0.36872420806006967 0.5835922717497506 0.41846218576601435
1 0.5871291946088399 0.4231043970185691 0.5866870792514538 0.36872420806006967 0.6366461146360916 0.36540834287967344 0.6357618816148785 0.41995789213129403
1 0.6357618816148785 0.4182935940118833 0.6365015696679499 0.36559082023054523 0.6834717610379846 0.36004315983250973 0.6823622289583773 0.4138554656934549
1 0.5188911692295953 0.4743249640320428 0.518151481176524 0.41940312609149044 0.5662312046261657 0.4194031260914905 0.5654915165730943 0.4704416017534178
1 0.5666010486527014 0.47210589987282864 0.5662312046261657 0.4177388279720798 0.6154204601554146 0.419957892131294 0.6139410840492718 0.46933206967381075
1 0.6154204601554145 0.4704416017534178 0.6157903041819504 0.41884836005168685 0.6819923849318417 0.41441023173325847 0.6805130088256988 0.46600347343498943
1 0.5177816371499883 0.5597589341617908 0.5174117931234525 0.5114942886988812 0.5825043417937368 0.509275224539667 0.582134497767201 0.5569851039627731
1 0.5825043417937367 0.556985103962773 0.5828741858202725 0.5092752245396671 0.6298443771903071 0.5087204584998635 0.6291046891372357 0.5536565077239518
1 0.6291046891372356 0.5536565077239516 0.6294745331637714 0.5076109264202564 0.6753351924541989 0.5070561603804528 0.6731161282949847 0.5519922096045411
1 0.5148228849377026 0.6080235796247004 0.5148228849377027 0.5586494020821837 0.5603137002015943 0.5575398700025767 0.56068354422813 0.6063592815052897
1 0.56327245241388 0.6063592815052896 0.5632724524138801 0.5575398700025767 0.6091331117043076 0.5553208058433624 0.6080235796247004 0.6041402173460757
1 0.6120918639165931 0.603585451306272 0.6124617079431289 0.5542112737637553 0.6757050364807348 0.5525469756443446 0.6742256603745918 0.599702089027647
1 0.5196308572826668 0.6501857986497711 0.5192610132561312 0.6069140475450934 0.5817646537406654 0.6058045154654863 0.581024965687594 0.6468572024109495
1 0.5828741858202724 0.6485215005303602 0.583613873873344 0.6041402173460755 0.6283650010841644 0.6041402173460757 0.6268856249780215 0.6451929042915389
1 0.6283650010841643 0.6474119684507531 0.6294745331637713 0.6024759192266649 0.6738558163480561 0.6002568550674507 0.6720065962153776 0.6429738401323247
1 0.5222197654684168 0.6496310326099675 0.5666010486527014 0.6479667344905566 0.5662312046261657 0.6912384855952344 0.5222197654684168 0.6940123157942523 0.5225896094949525 0.6512953307293781
1 0.5669708926792371 0.6906837195554306 0.5673407367057728 0.6474119684507532 0.6109823318369861 0.646302436371146 0.609872799757379 0.6890194214360201
1 0.6117220198900575 0.6901289535156272 0.6128315519696645 0.6457476703313426 0.6734859723215204 0.6424190740925212 0.6723764402419132 0.6845812931175916