2 0.259720842238461 0.32047816008858937 0.25437953957031784 0.23835563156588835 0.30311892641712407 0.23735413731561147 0.3064572405847136 0.31747367733775883
2 0.3071249034182315 0.31847517158803573 0.30378658925064195 0.23935712581616517 0.37122053543594935 0.23835563156588838 0.373891186770021 0.3154706888372052
2 0.37322352393650304 0.32047816008858937 0.37122053543594935 0.23635264306533466 0.4386544816212568 0.2323466660642273 0.4406574701218104 0.316472183087482
2 0.26372681923956837 0.39659172310962937 0.259720842238461 0.31847517158803573 0.3064572405847136 0.3184751715880357 0.3091278919187852 0.39559022885935247
2 0.3091278919187852 0.39659172310962937 0.3057895777511957 0.31647218308748193 0.37322352393650304 0.31647218308748193 0.3765618381040925 0.39559022885935247
2 0.3758941752705746 0.3985947116101831 0.373891186770021 0.3174736773377589 0.43932214445477463 0.3154706888372051 0.44266045862236403 0.3995962058604599
2 0.2704034475747473 0.47070229763011573 0.2637268192395683 0.39559022885935247 0.3111308804193389 0.3955902288593525 0.3138015317534104 0.4697008033798388
2 0.3151368574204462 0.468699309129562 0.3104632175858209 0.3975932173599062 0.37856482660464624 0.3975932173599062 0.37789716377112825 0.46669632062900834
2 0.379900152271682 0.46769781487928513 0.37589417527057467 0.39759321735990616 0.44132513295532827 0.4015991943610136 0.4446634471229178 0.4646933321284546
2 0.27440942457585465 0.5808666651605683 0.2704034475747473 0.5147680446422966 0.3151368574204462 0.5127650561417431 0.31847517158803573 0.5778621824097377
2 0.3184751715880357 0.5728547111583535 0.3151368574204462 0.5117635618914661 0.37990015227168195 0.5097605733909125 0.38123547793871776 0.5678472399069694
2 0.38123547793871776 0.568848734157246 0.37856482660464624 0.5097605733909125 0.4413251329553283 0.5087590791406357 0.4413251329553283 0.5638412629058619
2 0.27975072724399785 0.6449622971782862 0.27507708740937253 0.5798651709102915 0.3178075087545178 0.5768606881594608 0.322481148589143 0.6419578144274556
2 0.32248114858914306 0.6419578144274557 0.3178075087545178 0.5748576996589073 0.3825708036057536 0.5688487341572462 0.3839061292727894 0.6329443661749641
2 0.3852414549398252 0.6359488489257946 0.38123547793871776 0.5678472399069694 0.4406574701218104 0.562839768655585 0.44266045862236414 0.6289383891738566
2 0.28442436707862306 0.7050519521948966 0.2797507272439978 0.6449622971782862 0.32248114858914306 0.6429593086777324 0.32515179992321463 0.7030489636943429
2 0.32648712559025045 0.7010459751937892 0.32248114858914306 0.6409563201771789 0.38390612927278933 0.6359488489257946 0.38724444344037884 0.6950370096921281
2 0.38724444344037884 0.6980414924429588 0.3832384664392715 0.6329443661749641 0.4439957842893999 0.6279368949235798 0.4466664356234714 0.6900295384407441
2 0.47537593746474094 0.3174736773377589 0.4727052861306693 0.23334816031450417 0.518774021643404 0.2303436775636736 0.5214446729774757 0.3124662060863746
2 0.5221123358109936 0.3114647118360978 0.519441684476922 0.22834068906311997 0.5842049793281577 0.22433471206201258 0.5855403049951935 0.30645724058471363
2 0.5848726421616757 0.3084602290852673 0.5835373164946398 0.22433471206201255 0.6462976228453219 0.22133022931118204 0.6476329485123576 0.2994467808327757
2 0.47737892596529463 0.39559022885935247 0.4760436002982588 0.316472183087482 0.5207770101439578 0.31346770033665144 0.5221123358109936 0.38958126335769144 0.4780465887988125 0.39559022885935247
2 0.5207770101439578 0.3875782748571378 0.5207770101439578 0.3084602290852673 0.5855403049951935 0.30545574633443684 0.5848726421616757 0.3835722978560305
2 0.5842049793281577 0.3835722978560305 0.5848726421616756 0.30545574633443673 0.6449622971782861 0.2994467808327757 0.645629960011804 0.373557355353262
2 0.4767112631317767 0.4676978148792851 0.4767112631317767 0.39559022885935247 0.5207770101439578 0.3885797691074146 0.5221123358109936 0.4606873551273472
2 0.5214446729774757 0.4606873551273472 0.5214446729774757 0.3875782748571378 0.5815343279940861 0.3835722978560304 0.5815343279940861 0.45167390687485565 0.5207770101439578 0.45868436662679357
2 0.582201990827604 0.4506724126245788 0.5815343279940861 0.3805678151051999 0.6422916458442146 0.3745588496035388 0.6442946343447683 0.4456649413731946
2 0.47671126313177664 0.5668457456566924 0.47537593746474094 0.5087590791406357 0.5341302668143156 0.5037516078892514 0.5374685809819052 0.5658442514064157
2 0.5361332553148693 0.5638412629058619 0.5347979296478336 0.5027501136389746 0.5962229103314799 0.4957396538870367 0.5962229103314799 0.5598352859047545
2 0.595555247497962 0.5588337916544777 0.5962229103314798 0.49674114813731357 0.6376180060095893 0.4977426423875905 0.6369503431760714 0.5538263204030935
2 0.4780465887988125 0.6289383891738567 0.47737892596529463 0.5668457456566924 0.5368009181483872 0.5658442514064157 0.538136243815423 0.6249324121727493
2 0.5374685809819052 0.6249324121727493 0.5354655924813514 0.562839768655585 0.5962229103314799 0.5578322974042009 0.5968905731649978 0.6169204581705346
2 0.5975582359985157 0.6169204581705346 0.5968905731649978 0.5588337916544777 0.6362826803425534 0.5558293089036472 0.6356150175090357 0.614917469669981
2 0.47938191446584827 0.6960385039424051 0.4780465887988125 0.6289383891738567 0.538136243815423 0.6259339064230262 0.538136243815423 0.6900295384407441
2 0.538136243815423 0.6930340211915746 0.5374685809819051 0.6249324121727492 0.5968905731649977 0.6169204581705346 0.5962229103314798 0.6840205729390829
2 0.5962229103314799 0.684020572939083 0.5968905731649978 0.6169204581705344 0.6356150175090357 0.6139159754197041 0.6342796918419998 0.6810160901882525
1 0.8238386988268684 0.8786025429685387 0.8293944511310958 0.8190766254232449 0.8920950842788055 0.8155050703705271 0.886539331974578 0.8655068411085741
1 0.8881266897757859 0.8643163227576683 0.8936824420800135 0.8155050703705272 0.9381284605138328 0.8095524786159978 0.9301916715077936 0.8631258044067626
1 0.8293944511310958 0.8190766254232449 0.8349502034353233 0.769074854685198 0.897650836583033 0.7655032996324802 0.8913014053782016 0.817886107072339
1 0.8920950842788055 0.8155050703705272 0.897650836583033 0.7655032996324804 0.9444778917186643 0.7631222629306686 0.9365411027126249 0.809552478615998 0.8928887631794095 0.8155050703705273
1 0.8357438823359272 0.7702653730361038 0.8436806713419666 0.720263602298057 0.9071749833902799 0.7178825655962452 0.9000318732848447 0.7678843363342921
1 0.9008255521854487 0.767884336334292 0.907968662290884 0.7155015288944334 0.9508273229234955 0.7143110105435276 0.9436842128180605 0.7619317445797626
1 0.8397122768389469 0.7214541206489629 0.847649065844986 0.6654997581563864 0.9111433778932996 0.6643092398054806 0.9055876255890722 0.7166920472453394
1 0.9079686622908839 0.7178825655962452 0.9151117723963191 0.6619282031036687 0.9595577908301387 0.6547850929982336 0.9516210018240997 0.7143110105435276
1 0.847649065844986 0.6654997581563864 0.8532048181492137 0.6143074690674338 0.9206675247005467 0.610735914014716 0.9135244145951112 0.6643092398054806
1 0.9143180934957152 0.6631187214545747 0.9222548825017547 0.610735914014716 0.9667009009355741 0.6083548773129044 0.9595577908301386 0.6607376847527628
1 0.8627289649564606 0.5631151799784808 0.8674910383600839 0.5012082257313752 0.935747423812021 0.5012082257313752 0.9293979926071897 0.5607341432766692
1 0.9301916715077936 0.5607341432766692 0.9373347816132289 0.49525563397684585 0.9825744789476524 0.49525563397684574 0.9738440110410091 0.5547815515221397
1 0.8674910383600839 0.5035892624331869 0.8746341484655193 0.43930127148426945 0.9436842128180603 0.4393012714842694 0.9365411027126249 0.4976366706786576
1 0.8738404695649153 0.4428728265369871 0.8801899007697467 0.37382276218444604 0.9508273229234955 0.3714417254826344 0.9428905339174565 0.43811075313336356
1 0.8817772585709546 0.37501328053535193 0.8889203686763898 0.3047726978319051 0.9619388275319506 0.30239166113009336 0.9532083596253074 0.3714417254826344
1 0.8920950842788055 0.3059632161828109 0.8968571576824291 0.23691315183026992 0.9714629743391977 0.23453211512845817 0.9627325064325545 0.304772697831905
1 0.9643198642337621 0.3047726978319051 0.9730503321404055 0.2297700417248347 1 0.226198486672117 1 0.3000106244282815
1 0.9540020385259113 0.3714417254826344 0.9611451486313464 0.30358217948099925 1 0.30001062442828164 0.9992417358603347 0.3678701704299167
1 0.9436842128180603 0.4369202347824577 0.9532083596253073 0.36906068878082254 1 0.3702512071317285 0.9905112679536916 0.43334867972974006
1 0.935747423812021 0.5000177073804692 0.9436842128180603 0.434539198080646 0.9905112679536916 0.43215816137883417 0.9825744789476524 0.492874597275034