0 0.5556369688169196 0.45408555822998886 0.5581702732529626 0.26297365414633556 0.7321220621137537 0.26044238551634225 0.7245222776548409 0.4490229726896084
0 0.7252208814716015 0.4514690078436336 0.7329665398755064 0.2553797999759618 0.843586297656697 0.25791109274615204 0.8275422509771188 0.4439603871492279
0 0.8307536085954695 0.4419710624024854 0.84611960209274 0.25791109274615204 0.9508284020893079 0.24905159219068304 0.9322510509736867 0.4376321793639492
0 0.581696372583141 0.6335129621323059 0.5826585821532064 0.46421068103035606 0.7414108020961722 0.44775735044471016 0.7295887576777108 0.6211502051370318 0.5826585821532064 0.6325409984626911
0 0.7378848087264657 0.6176830530637257 0.7473217598807949 0.4477573504447102 0.8469640798544931 0.44269476490432974 0.8334532087617414 0.6110250823366646
0 0.8410529932206544 0.6160876678770453 0.8562526909876955 0.44396038714922786 0.9533617065253508 0.4351009348741528 0.9356288331714824 0.6046968745513859
0 0.578530390769425 0.6335129621323059 0.7329665398755065 0.6186189606472354 0.723677799893088 0.7679646547237341 0.5767476243685836 0.7882149003244685
0 0.7371886709858393 0.6186189606472354 0.8317643820874516 0.6084937895664744 0.8199423376689899 0.7565738613980749 0.7278999310034207 0.774292862509013
0 0.8244216449680376 0.7633182164946636 0.8368308621103214 0.6135563751068549 0.8435862976566969 0.6211502051370317 0.9330955287354397 0.6046968745513859 0.9153625265323553 0.7527769463829865
0 0.572198427141993 0.8551316890924288 0.7186111910210021 0.8452626664458112 0.7093225798877995 0.969295577661589 0.5708366665839609 0.9844832377219428
0 0.7236777998930879 0.8490595814608997 0.8140313798843672 0.843997044200913 0.8030538132276587 0.9642329921212085 0.7127002332363794 0.978155029936664
0 0.8157202065586573 0.8389344586605325 0.902696133201357 0.8338719214005458 0.8841187820857356 0.9553735398461334 0.8013649865533687 0.9654986143661067
0 0.8942518709806911 0.9730924443962836 0.8883409131960682 1 0.8072759443379914 1 0.8098092487740344 0.9743581632019696
0 0.7146676087592148 0.9849369434547863 0.8064315954254545 0.9705611999064871 0.7996761598790789 1 0.7118558843238424 1
0 0.7125569542167374 0.9770219889204963 0.7101669288003365 1 0.571681079921106 1
0 0.13951424593413406 0.951694134410768 0.2702208799885769 0.9388262649262592 0.27697631553495267 1 0.14609025111463483 1
0 0.2693195002964917 0.9374472162490458 0.393507159949982 0.9324980571409806 0.3994181177346047 1 0.2769763155349526 0.9983113794835642
0 0.3949034455738946 0.9216173071804656 0.4796386088309286 0.9173103970806267 0.4813274355052185 1 0.39688481329856196 0.9983113794835642
1 0.2475332031230661 0.31355158052449494 0.33755255072537876 0.3136725940164081 0.34040487121960433 0.41713026974743245 0.25483525639283794 0.41371020097124
1 0.33878968834976136 0.31141275665199425 0.4299677173291038 0.312817584976486 0.43110867164056804 0.41285515931481365 0.34211628092532226 0.41285515931481376
1 0.43147205615812373 0.310343344715744 0.49385972251353005 0.3111075342801377 0.4932892671192762 0.41285515931481376 0.43339053674053973 0.4120001502748916 0.4328200378233293 0.3093974835837894
1 0.26225130708700706 0.41542021905108417 0.34097532661385804 0.4179853114038587 0.3461095122080554 0.5094726485686969 0.25939898659278143 0.5120377409214715 0.2536943456043304 0.4154202190510842
1 0.34449321867642985 0.41300689059577617 0.4299677173291037 0.41542021905108417 0.4322495824290755 0.5069075888324265 0.34782092191377345 0.5086176395287747
1 0.43075911486729024 0.4140763025320265 0.4910074020193045 0.414565210011162 0.4915778574135582 0.503487520056234 0.4322495824290756 0.5086176395287747
1 0.258940263776403 0.5113927887308071 0.3472504229965629 0.510327690225123 0.3495322880965347 0.5983949586137687 0.2651036275812326 0.600105009310117
1 0.3466320425489305 0.5071151409858057 0.43167912703482175 0.5069075888324265 0.4322495824290755 0.5924097974848016 0.34953228809653464 0.5966849079174202
1 0.43075911486729024 0.5071151409858057 0.4898664477078402 0.5060525797925043 0.4898664477078402 0.5915547884448795 0.4328200378233293 0.5941198481811499