2 0.3666270151413462 0.37600100132393754 0.36176642971333606 0.3010091118632076 0.41870471615574206 0.3010091118632076 0.42078782419631794 0.3718347852427858
2 0.42078782419631783 0.37287633926307373 0.4193990855026006 0.2999675578429197 0.4742542639044309 0.30205066588349555 0.4770317412918653 0.3718347852427858
2 0.475643002598148 0.37287633926307373 0.47425426390443093 0.30100911186320756 0.5291094423062611 0.29892600382263174 0.5304981809999784 0.36975167720220997
2 0.377736924691084 0.37287633926307373 0.4062060679122871 0.37287633926307373 0.40828917595286296 0.4416189046020762 0.3798200327316599 0.43745268852092445
2 0.40620606791228697 0.37287633926307373 0.4367583191740659 0.3739178932833616 0.43884142721464175 0.44057735058178826 0.40828917595286285 0.4395357965615004
2 0.4367583191740659 0.37287633926307373 0.46731057043584473 0.3739178932833616 0.468699309129562 0.43745268852092456 0.43814705786778313 0.4374526885209244
2 0.46731057043584473 0.3718347852427858 0.4985571910444822 0.3718347852427858 0.49925156039134083 0.43745268852092456 0.46731057043584473 0.43745268852092445
2 0.49786282169762364 0.3707932312224979 0.5270263342656852 0.3707932312224979 0.5284150729594025 0.43849424254121244 0.4985571910444822 0.43745268852092445
2 0.36732138448820484 0.432244918419485 0.4214821935431764 0.43536958048034863 0.4242596709306109 0.5030705917990632 0.37148760056935654 0.49994592973819946
2 0.4221765628900351 0.4364111345006366 0.4770317412918652 0.43745268852092456 0.47772611063872394 0.49994592973819946 0.4242596709306109 0.5020290377787752
2 0.4770317412918653 0.4364111345006366 0.5298038116531197 0.43745268852092456 0.5311925503468369 0.5009874837584872 0.47772611063872394 0.5020290377787752
2 0.369525238119981 0.5932871525204786 0.36675933064902305 0.5360328678716492 0.4170988466204576 0.5376924123542239 0.4187583911030323 0.5974360137269153
2 0.4193115725972239 0.5990955582094901 0.4159924836320745 0.5368626401129365 0.46965108856865845 0.5393519568367987 0.4713106330512333 0.5982657859682028
2 0.47020427006285004 0.5990955582094901 0.46965108856865845 0.5368626401129365 0.5216501490226678 0.540181729078086 0.5233096935052425 0.5999253304507776
2 0.3822484124863875 0.5924573802791911 0.4121202131727333 0.5949466970030532 0.4121202131727333 0.6513712094105953 0.3844611384631539 0.6497116649280205
2 0.4110138501843501 0.596606241485628 0.4381197433997379 0.5982657859682028 0.4386729248939295 0.6546902983757448 0.4115670316785417 0.6513712094105953
2 0.4381197433997379 0.5982657859682028 0.46799154408608373 0.6007551026920648 0.4685447255802753 0.6563498428583195 0.4397792878823128 0.6522009816518827
2 0.4967569817840463 0.6007551026920648 0.49620380028985467 0.6571796150996069 0.4685447255802753 0.6546902983757448 0.4668851810977006 0.5982657859682028
2 0.4984165262666211 0.5990955582094901 0.5266287824703921 0.6007551026920648 0.526628782470392 0.6563498428583195 0.49786334477242955 0.6588391595821816
2 0.3750570530618969 0.6472223482041582 0.42705611351590617 0.6522009816518827 0.428715657998481 0.7053064050942751 0.37782296053285486 0.7011575438878381
2 0.42816247650428935 0.7036468606117003 0.4265029320217145 0.6513712094105953 0.4768424479931491 0.6555200706170321 0.47739562948734077 0.7077957218181374
2 0.4790551739699155 0.7086254940594247 0.47628926649895753 0.6546902983757448 0.5277351454587753 0.6563498428583195 0.5277351454587753 0.7086254940594247
2 0.3767165975444716 0.8181554299093592 0.44475792133003705 0.8231340633570836 0.44531110282422853 0.8853669814536371 0.37782296053285486 0.8828776647297749
2 0.44531110282422853 0.8231340633570834 0.4901188038537472 0.8239638355983708 0.4901188038537473 0.8903456149013614 0.4458642843184201 0.8861967536949245
2 0.4901188038537472 0.8231340633570834 0.5343733233890744 0.8289424690460953 0.5332669604006911 0.8920051593839361 0.4901188038537473 0.8903456149013614
2 0.5653514870638032 0.8820478924884876 0.5670110315463781 0.813176796461635 0.6361587183203266 0.8106874797377727 0.6350523553319434 0.8770692590407633 0.5670110315463781 0.8828776647297749
2 0.6344991738377519 0.8803883480059128 0.635605536826135 0.8148363409442095 0.6809664193498453 0.8123470242203473 0.6782005118788873 0.8778990312820506
2 0.6782005118788872 0.8812181202472003 0.6809664193498453 0.815666113185497 0.7235613944025975 0.813176796461635 0.7213486684258312 0.8795585757646255 0.6787536933730789 0.8812181202472004
2 0.5647983055696116 0.9318342269657305 0.5647983055696117 0.8803883480059128 0.6322864478609854 0.8787288035233382 0.6317332663667939 0.9376426326547421
2 0.6328396293551769 0.9384724048960296 0.6339459923435603 0.8803883480059128 0.6770941488905041 0.8853669814536371 0.6759877859021209 0.9409617216198917
2 0.6776473303846956 0.9376426326547421 0.6782005118788873 0.8828776647297749 0.7219018499200228 0.8828776647297749 0.7207954869316396 0.9409617216198917
2 0.5653514870638032 0.7177529887135858 0.5670110315463781 0.642243714756434 0.6439032592390088 0.6439032592390088 0.6411373517680509 0.717752988713586
2 0.641137351768051 0.7194125331961606 0.6433500777448172 0.6447330314802963 0.6920300492336771 0.6455628037215836 0.6881577787743358 0.7185827609548732
2 0.6887109602685274 0.7194125331961606 0.6931364122220601 0.6439032592390088 0.7418163837109198 0.6455628037215836 0.7357313872748124 0.720242305437448
2 0.5681173945347612 0.6414139425151466 0.5681173945347612 0.5667344407992823 0.6450096222273919 0.5659046685579949 0.6444564407332003 0.6430734869977215
2 0.6450096222273919 0.6463925759628709 0.6472223482041585 0.5692237575231444 0.6981150456697844 0.568393985281857 0.6936895937162518 0.6455628037215836
2 0.6936895937162517 0.6455628037215836 0.6975618641755928 0.5700535297644317 0.7479013801470275 0.5700535297644317 0.7429227466993031 0.6455628037215836
2 0.5703301205115276 0.5659046685579949 0.5708833020057191 0.4887358501182683 0.6505414371693079 0.48790607787698087 0.64777552969835 0.568393985281857
2 0.7003277716465508 0.5700535297644317 0.7047532236000835 0.48624653339440616 0.7528800135947519 0.4870763056356935 0.7467950171586443 0.5717130742470065
2 0.6488818926867331 0.5692237575231444 0.6522009816518827 0.48790607787698087 0.7025404976233172 0.48956562235955564 0.6986682271639761 0.5692237575231444
2 0.5797342059127846 0.45305564374291085 0.5797342059127846 0.3584616082361492 0.6638177930299061 0.3576318359948618 0.661051885558948 0.4505663270190487
2 0.6616050670531396 0.44973655477776125 0.6649241560182891 0.360121152718724 0.7169232164722984 0.360121152718724 0.713604127507149 0.448906782536474
2 0.7191359424490649 0.44724723805389915 0.7241145758967893 0.3576318359948619 0.77666681784499 0.35680206375357454 0.770028639914691 0.4472472380538991
2 0.5819469318895508 0.3584616082361492 0.5813937503953595 0.2671866616945372 0.6660305190066723 0.2638675727293876 0.6643709745240975 0.360121152718724
2 0.6643709745240975 0.3626104694425861 0.6676900634892471 0.2663568894532498 0.7207954869316396 0.26469734497067504 0.7180295794606817 0.360121152718724
2 0.7252209388851724 0.36012115271872397 0.7290932093445134 0.26386757272938766 0.7816454512927143 0.2613782560055255 0.7755604548566069 0.3559722915122871
2 0.5830532948779341 0.26801643393582447 0.5825001133837425 0.16678422049876387 0.6687964264776302 0.16263535929232695 0.6671368819950555 0.26469734497067504
2 0.6682432449834387 0.26635688945324976 0.670455970960205 0.1667842204987639 0.7252209388851724 0.16595444825747652 0.7207954869316398 0.26469734497067504
2 0.7230082129084059 0.2638675727293876 0.7252209388851723 0.16429490377490177 0.7805390883043312 0.16180558705103956 0.7755604548566069 0.2605484837642381 0.7230082129084059 0.26469734497067504