1 0.27503654970760233 0.3262061403508772 0.2805190058479532 0.2563048245614035 0.3216374269005848 0.2549342105263159 0.317982456140351 0.32483552631578955
1 0.31889619883040937 0.3248355263157895 0.3216374269005848 0.2563048245614035 0.36458333333333337 0.2563048245614036 0.36275584795321647 0.32346491228070184
1 0.36366959064327486 0.32209429824561403 0.36549707602339193 0.2549342105263159 0.40752923976608185 0.2563048245614035 0.40478801169590645 0.3220942982456141
1 0.40387426900584794 0.32209429824561403 0.40661549707602346 0.2563048245614036 0.474232456140351 0.25356359649122806 0.4751461988304094 0.31935307017543857
1 0.266812865497076 0.39473684210526316 0.27138157894736836 0.3275767543859649 0.33991228070175433 0.32620614035087725 0.33808479532163743 0.390625
1 0.3389985380116959 0.3919956140350877 0.34173976608187134 0.3248355263157895 0.38559941520467855 0.32346491228070173 0.3828581871345029 0.39062500000000006
1 0.3846856725146199 0.390625 0.3874269005847954 0.3207236842105264 0.43128654970760233 0.3207236842105264 0.43128654970760244 0.38925438596491235
1 0.4303728070175439 0.390625 0.4294590643274854 0.3207236842105264 0.474232456140351 0.3207236842105264 0.472404970760234 0.3865131578947369
1 0.2631578947368421 0.4413377192982456 0.2668128654970761 0.3961074561403509 0.30884502923976614 0.3947368421052632 0.30701754385964913 0.4372258771929825
1 0.30701754385964913 0.4399671052631579 0.3088450292397661 0.3933662280701755 0.3554459064327486 0.39199561403508776 0.3517909356725147 0.43996710526315796 0.3079312865497077 0.43859649122807026
1 0.3517909356725146 0.4413377192982456 0.35361842105263164 0.390625 0.3993055555555556 0.39062500000000006 0.3974780701754387 0.44270833333333337
1 0.39747807017543857 0.4413377192982456 0.40113304093567254 0.390625 0.472404970760234 0.38788377192982465 0.47057748538011707 0.46052631578947373 0.43859649122807026 0.46463815789473684 0.43494152046783635 0.44133771929824567
0 0.03654970760233918 0.5729166666666666 0.05847953216374269 0.4413377192982456 0.18914473684210525 0.439967105263158 0.17543859649122806 0.5688048245614035
0 0.17817982456140352 0.5742872807017544 0.19371345029239775 0.4413377192982456 0.27046783625731 0.4454495614035088 0.25950292397660824 0.5770285087719299
0 0.26407163742690065 0.571546052631579 0.27503654970760233 0.43996710526315796 0.3554459064327486 0.4440789473684211 0.34630847953216376 0.571546052631579
0 0.35087719298245623 0.571546052631579 0.3572733918128655 0.4413377192982456 0.4340277777777778 0.4440789473684212 0.43128654970760233 0.5742872807017544
0 0.013706140350877213 0.7195723684210527 0.03654970760233918 0.571546052631579 0.1160453216374269 0.5742872807017545 0.09777046783625731 0.7209429824561405
0 0.1032529239766082 0.7195723684210527 0.1206140350877193 0.5729166666666667 0.20193713450292403 0.5729166666666666 0.18823099415204686 0.7182017543859649
0 0.19188596491228072 0.7168311403508771 0.2074195906432749 0.5729166666666667 0.2878289473684211 0.5770285087719299 0.27777777777777785 0.7182017543859649
0 0.2832602339181287 0.7195723684210528 0.2969663742690058 0.5715460526315791 0.432200292397661 0.5742872807017544 0.4285453216374269 0.7195723684210527
0 0.01827485380116961 0.7223135964912282 0.15990497076023397 0.7223135964912281 0.14528508771929824 0.8675986842105263 0 0.8689692982456141 0.01827485380116961 0.7250548245614037
0 0.16264619883040934 0.7209429824561403 0.247624269005848 0.7195723684210528 0.23483187134502925 0.8662280701754387 0.1452850877192983 0.8648574561403509
0 0.24762426900584794 0.7195723684210527 0.33808479532163743 0.7223135964912281 0.32803362573099415 0.8675986842105263 0.2357456140350878 0.8703399122807017
0 0.3389985380116959 0.7236842105263159 0.428545321637427 0.7250548245614037 0.4203216374269006 0.8689692982456141 0.3307748538011696 0.864857456140351
0 0.5528143274853801 0.08360745614035088 0.5500730994152048 1.5582077538598687e-17 0.6971856725146199 0.001370614035087727 0.7054093567251462 0.0918311403508772
0 0.7081505847953217 0.08360745614035088 0.6999269005847955 0 0.7922149122807017 0 0.8050073099415206 0.08634868421052631
0 0.8086622807017544 0.08086622807017543 0.7967836257309944 0 0.8908991228070177 0.0013706140350877348 0.9046052631578949 0.08223684210526319
0 0.5573830409356725 0.22478070175438597 0.5519005847953217 0.08771929824561407 0.7054093567251462 0.0904605263157895 0.7191154970760234 0.22615131578947367
0 0.7209429824561405 0.22615131578947376 0.7054093567251463 0.08634868421052631 0.804093567251462 0.09046052631578948 0.82328216374269 0.22615131578947367
0 0.828764619883041 0.22615131578947367 0.8068347953216374 0.08360745614035091 0.9009502923976608 0.08771929824561407 0.9265350877192984 0.224780701754386
0 0.5646929824561404 0.46737938596491235 0.5573830409356726 0.3001644736842105 0.7273391812865497 0.3015350877192983 0.7410453216374269 0.46737938596491235
0 0.7529239766081871 0.45504385964912286 0.7319078947368421 0.28645833333333337 0.8379020467836259 0.2864583333333333 0.8616593567251462 0.4577850877192983
0 0.8616593567251464 0.459155701754386 0.8388157894736844 0.29742324561403516 0.9411549707602341 0.30427631578947373 0.9630847953216374 0.44682017543859653
0 0.5738304093567251 0.6551535087719298 0.5656067251461989 0.4660087719298245 0.7465277777777778 0.46875 0.7638888888888888 0.6537828947368421
0 0.7684576023391813 0.6510416666666666 0.7465277777777778 0.46189692982456154 0.8625730994152047 0.4646381578947369 0.8890716374269005 0.649671052631579
0 0.899122807017544 0.6469298245614037 0.8689692982456141 0.4509320175438597 0.9822733918128657 0.4413377192982456 1 0.542763157894737 0.9996345029239768 0.6428179824561403
0 0.5820540935672515 0.8813048245614037 0.5720029239766082 0.6551535087719298 0.7629751461988304 0.6565241228070177 0.786732456140351 0.8703399122807018
0 0.7903874269005848 0.8703399122807017 0.7666301169590644 0.6483004385964913 0.8890716374269008 0.649671052631579 0.9192251461988306 0.8675986842105263
0 0.9274488304093568 0.8662280701754386 0.89546783625731 0.6483004385964913 1 0.6455592105263158 1 0.8621162280701754