0 0.8616593567251462 0.893640350877193 0.8433845029239768 0.727796052631579 0.9941520467836257 0.7209429824561405 1 0.7812500000000001 1 0.8867872807017545
0 0.06853070175438601 0.8936403508771931 0.0840643274853801 0.7812500000000001 0.21198830409356725 0.78125 0.20193713450292397 0.899122807017544
0 0.20285087719298245 0.8950109649122808 0.21472953216374274 0.7826206140350879 0.34265350877192985 0.7853618421052633 0.33808479532163743 0.899122807017544
0 0.34082602339181284 0.8922697368421054 0.34813596491228077 0.7826206140350879 0.4778874269005849 0.7826206140350879 0.47880116959064334 0.893640350877193
0 0.08406432748538012 0.78125 0.0986842105263158 0.674342105263158 0.2211257309941521 0.6770833333333335 0.2138157894736843 0.7839912280701754
0 0.21290204678362573 0.7894736842105264 0.22386695906432752 0.6743421052631579 0.34904970760233917 0.678453947368421 0.34448099415204686 0.7922149122807018 0.21472953216374277 0.7894736842105263
0 0.3463084795321638 0.7839912280701755 0.35179093567251474 0.6770833333333334 0.4769736842105264 0.6757127192982457 0.4751461988304094 0.7853618421052633
0 0.10508040935672515 0.6770833333333334 0.11878654970760234 0.5742872807017545 0.2366593567251463 0.5770285087719298 0.22752192982456146 0.6770833333333334
0 0.22295321637426901 0.6770833333333334 0.23483187134502925 0.5742872807017545 0.36092836257309935 0.5783991228070176 0.3527046783625731 0.6798245614035089
0 0.35453216374269003 0.6770833333333334 0.3609283625730994 0.5715460526315791 0.48062865497076024 0.581140350877193 0.48245614035087725 0.6853070175438597
0 0.11849600692303433 0.5766626943245403 0.13029198951265764 0.4809543810405511 0.24557091027488556 0.4785415664199462 0.23591965179246646 0.5758584227843386
0 0.23752819487286966 0.5734456081637339 0.2466432723284877 0.47693302333954296 0.3662116413051241 0.47532448025913987 0.3581689259031082 0.5702285220029275 0.23860055692647178 0.5742498797039355
0 0.3597774689835114 0.5710327935431292 0.36674782233192516 0.47532448025913987 0.4830991051477552 0.488997096442567 0.4836352861745563 0.5839011381863546
0 0.13565379978066824 0.48256292412095425 0.14691360134349052 0.3957015977791824 0.25897543594491207 0.3981144123997872 0.24986035848929403 0.4777372948797446
0 0.24986035848929403 0.4777372948797446 0.258439254918111 0.3981144123997872 0.3721096325999358 0.39731014085958555 0.3678201843855273 0.4761287517993414
0 0.3678201843855273 0.47612875179934144 0.37103727054633373 0.39570159777918246 0.4830991051477552 0.39891868393998875 0.4841714672013574 0.4881928249023652
0 0.14744978237029158 0.3088402714374106 0.1576372218795117 0.24610709130168656 0.25951161697171315 0.24932417746249294 0.2536136256769015 0.3136659006786202
0 0.2573668928645089 0.3104488145178139 0.2638010651861216 0.24691136284188814 0.3699649084927315 0.25093272054289617 0.3662116413051241 0.3136659006786202
0 0.3672840033587263 0.3152744437590234 0.37050108951953264 0.2453028197614851 0.47344784666533624 0.2469113628418882 0.47720111385294356 0.3144701722188218 0.36835636541232836 0.3144701722188218
0 0.15924576495991488 0.24851990592229137 0.169433204469135 0.1737226526835435 0.27077141853453546 0.17533119576394668 0.2632648841593206 0.24851990592229134
0 0.2627287031325195 0.2501284490026946 0.2707714185345354 0.17693973884434983 0.37371817568033894 0.17854828192475306 0.3688925464391294 0.24932417746249302
0 0.3694287274659305 0.24691136284188825 0.37371817568033894 0.17452692422374508 0.4755925707725404 0.17452692422374508 0.4750563897457394 0.24851990592229137
0 0.16836084241553292 0.1753311957639467 0.17747591987115094 0.10535957176640837 0.2750608667489439 0.10777238638701311 0.2680905134005301 0.17452692422374513
0 0.2713075995613365 0.17693973884434985 0.2777417718829492 0.1069681148468115 0.37586289978754317 0.1069681148468114 0.3726458136267369 0.1761354673041483 0.28095885804375553 0.17774401038455143
0 0.3742543567071401 0.17613546730414828 0.37693526184114534 0.10616384330660993 0.4750563897457394 0.10455530022620675 0.4745202087189383 0.1737226526835435
0 0.17854828192475303 0.10535957176640832 0.18766335938037107 0.041822120090482674 0.2820312200973577 0.04182212009048265 0.276133228802546 0.10535957176640832
0 0.27720559085614815 0.10857665792721467 0.28417594420456194 0.04262639163068424 0.3780076238947475 0.04262639163068429 0.37586289978754317 0.10777238638701311
0 0.37693526184114534 0.10535957176640832 0.3796161669751506 0.0410178485502811 0.472375484611734 0.041017848550281115 0.4739840276921372 0.10214248560560199
0 0.18712717835357004 0.041822120090482674 0.1903442645143764 0 0.2857844872849651 0.0008042715402015517 0.28095885804375553 0.043430663170885835
0 0.2814950390705566 0.041822120090482674 0.28417594420456194 0 0.3796161669751506 0 0.3774714428679464 0.04182212009048265
0 0.3774714428679464 0.04343066317088585 0.37854380492154843 0 0.47344784666533624 0.0008042715402015713 0.47344784666533624 0.04343066317088585
1 0.8679162984841429 0.491233597279689 0.9452205841790866 0.4828004024766041 0.9501399478142194 0.5239122271416425 0.9459233504126772 0.5481576622005112 0.8847826880903125 0.5481576622005112 0.8763494932872277 0.5586991557043672
1 0.8700245971849142 0.4922877466300746 0.8594831036810581 0.41849729210308256 0.9044601426308434 0.4142806947015402 0.9114878049667475 0.4880711492285321
1 0.9142988699011092 0.485962850527761 0.9044601426308434 0.41638899340231145 0.9501399478142195 0.4142806947015402 0.9606814413180753 0.48490870117737533 0.9128933374339282 0.48490870117737533
1 0.9529510127485812 0.5449952141493545 0.9438150517119059 0.48280040247660405 0.9887920906616915 0.48174625312621855 0.9972252854647761 0.5207497790904857
1 0.9536537789821714 0.41533484405192583 0.9958197529975955 0.4163889934023114 1 0.48174625312621855 0.9606814413180754 0.48490870117737533
1 0.8587803374474677 0.41533484405192583 0.847332275502123 0.3425985388753195 0.9197171975619339 0.34470683757609066 0.9288531585986093 0.4142806947015402
1 0.9288531585986093 0.4142806947015403 0.9190144313283436 0.3436526882257051 0.9618831715773578 0.3425985388753195 0.9731274313148043 0.41111824665038343
1 0.8536571716044367 0.3447068375760908 0.8459267430349421 0.3025408635606668 0.8501433404364844 0.2846203246041116 0.8937148469190892 0.2804037272025692 0.9000397430214029 0.3468151362768619
1 0.8986342105542222 0.34681513627686195 0.8902010157511373 0.2846203246041116 0.9260420936642476 0.2804037272025692 0.9393946521024652 0.3436526882257051
1 0.9260420936642477 0.2867286233048828 0.9689108339132617 0.2846203246041116 0.981560626117889 0.3447068375760907 0.9422057170368268 0.3447068375760907