1 0.5129534118390325 0.5925625797086334 0.5152065014957193 0.4754019175609188 0.5948156693653203 0.4787815520459491 0.5933136095941957 0.5948156693653203
1 0.5925625797086334 0.5948156693653203 0.594064639479758 0.4787815520459491 0.6759268970060457 0.48103464170263577 0.671420717692672 0.5936891245369769
1 0.6706696878071098 0.5959422141936637 0.6744248372349211 0.4799080968742924 0.7562870947612088 0.4810346417026358 0.751029885562273 0.5959422141936637
1 0.5167085612668438 0.7018374280579441 0.5159575313812814 0.5891829452236033 0.5910605199375089 0.5925625797086336 0.5895584601663842 0.6995843384012574
1 0.5903094900519466 0.7007108832296006 0.5910605199375089 0.5925625797086334 0.671420717692672 0.5970687590220071 0.668416598150423 0.7040905177146309
1 0.6699186579215475 0.7040905177146309 0.6706696878071098 0.5925625797086332 0.7525319453333976 0.5936891245369766 0.7472747361344617 0.7029639728862874 0.6721717475782344 0.7040905177146308
1 0.5189616509235306 0.833643172974123 0.5159575313812815 0.7559115798184277 0.588807430280822 0.7637973936168315 0.5873053705096974 0.8336431729741229
1 0.5895584601663842 0.8370228074591534 0.5895584601663842 0.7671770281018621 0.6669145383792985 0.772809752243579 0.6624083590659249 0.8392758971158402
1 0.6654124786081739 0.8426555316008703 0.6661635084937362 0.7694301177585486 0.7397644372788389 0.7750628419002656 0.7360092878510275 0.8381493522874965
1 0.5182106210379683 0.9226402144132524 0.5159575313812815 0.8325166281457796 0.588807430280822 0.83589626263081 0.5873053705096974 0.9192605799282222
1 0.5925625797086334 0.9215136695849089 0.588807430280822 0.83589626263081 0.6616573291803625 0.83927589711584 0.6586532096381135 0.9226402144132524
1 0.6609062992948002 0.9237667592415958 0.6616573291803626 0.83927589711584 0.734507228079903 0.83927589711584 0.7284989889954048 0.9203871247565656
0 0.04130664370592501 0.5531335107166141 0.1915126208183796 0.547500786574897 0.20653321852962506 0.7018374280579441 0.0668416598150423 0.7052170625429743
0 0.19301468058950416 0.5463742417465536 0.3372124186174606 0.5396149727764931 0.3477268370153324 0.6939516142595403 0.20578218864406278 0.6995843384012573
0 0.33871447838858515 0.547500786574897 0.4423566025961788 0.5463742417465536 0.4476138117951146 0.6984577935729138 0.3484778669008946 0.7007108832296007
0 0.06083342073054411 0.7119763315130347 0.20052497944512687 0.7007108832296008 0.21779866681305918 0.8415289867725269 0.08111122764072548 0.8505413453992741
0 0.2080352783007496 0.7018374280579441 0.34547374735864556 0.6950781590878836 0.35373507609983057 0.83589626263081 0.22005175646974595 0.8426555316008703
0 0.34847786690089466 0.7018374280579441 0.44536072213842787 0.6984577935729138 0.448364841680677 0.8404024419441835 0.3544861059853929 0.8426555316008703
0 0.07960916786960094 0.8505413453992743 0.21329248749968557 0.8426555316008703 0.22756205532536872 0.971081642032019 0.0976338851230955 0.9722081868603625
0 0.2162966070419346 0.8437820764292138 0.35073095655758146 0.8358962626308098 0.35899228529876653 0.965448917890302 0.22831308521093102 0.9688285523753322
0 0.35373507609983057 0.8426555316008703 0.4491158715662393 0.8404024419441833 0.4528710209940506 0.968828552375332 0.3589922852987665 0.9744612765170493