0 0.16630116959064328 0.7510964912280702 0.17726608187134507 0.649671052631579 0.33899853801169594 0.6469298245614037 0.33168859649122817 0.7620614035087719
0 0.089546783625731 0.8703399122807017 0.10508040935672516 0.7456140350877193 0.28965643274853803 0.7579495614035088 0.2796052631578948 0.8730811403508774
0 0.27960526315789475 0.8785635964912281 0.29148391812865504 0.7538377192982456 0.39290935672514626 0.7579495614035089 0.3883406432748538 0.874451754385965
0 0.38742690058479534 0.8799342105263158 0.3919956140350878 0.7565789473684211 0.49342105263157904 0.7579495614035088 0.4925073099415205 0.8771929824561403
0 0.6304824561403509 0.8895285087719298 0.6222587719298246 0.7346491228070177 0.7638888888888888 0.7305372807017545 0.7785087719298247 0.874451754385965 0.6405336257309943 0.8730811403508774
0 0.7803362573099415 0.8744517543859649 0.7648026315789476 0.7291666666666666 0.847953216374269 0.7305372807017544 0.8653143274853801 0.8717105263157895
0 0.8698830409356725 0.8689692982456141 0.85343567251462 0.7319078947368421 0.9329312865497076 0.7319078947368423 0.9539473684210527 0.8662280701754387
0 0.9566885964912281 0.8662280701754386 0.9365862573099417 0.7332785087719299 0.9996345029239768 0.7305372807017545 1 0.8648574561403509
0 0.626827485380117 0.7305372807017544 0.6158625730994152 0.586622807017544 0.6971856725146199 0.586622807017544 0.7099780701754386 0.7305372807017545
0 0.7191154970760234 0.7305372807017544 0.7063230994152047 0.5838815789473685 0.7858187134502924 0.586622807017544 0.8022660818713451 0.7291666666666667
0 0.804093567251462 0.7319078947368421 0.7876461988304093 0.5838815789473686 0.8653143274853801 0.5879934210526315 0.8845029239766082 0.7332785087719298
0 0.8835891812865497 0.7332785087719298 0.8662280701754386 0.5852521929824561 0.9996345029239768 0.5852521929824562 1 0.7319078947368423
0 0.6131213450292398 0.581140350877193 0.607638888888889 0.44682017543859653 0.7328216374269008 0.45778508771929827 0.7437865497076024 0.5879934210526317
0 0.7593201754385965 0.5825109649122807 0.7474415204678363 0.4509320175438597 0.8196271929824561 0.4591557017543861 0.8342470760233918 0.5866228070175439
0 0.8406432748538012 0.5893640350877193 0.8232821637426903 0.45778508771929827 0.9000365497076025 0.45778508771929827 0.9219663742690059 0.586622807017544
0 0.9046052631578947 0.4550438596491228 0.9786184210526315 0.45504385964912286 0.9996345029239768 0.5825109649122808 0.9228801169590644 0.5838815789473685
0 0.6067251461988304 0.44819078947368424 0.603983918128655 0.3426535087719299 0.676169590643275 0.3440241228070176 0.6843932748538012 0.4536732456140351
0 0.6853070175438597 0.4536732456140351 0.6779970760233918 0.33991228070175444 0.7510964912280703 0.33991228070175444 0.7602339181286549 0.4550438596491228 0.7474415204678363 0.4509320175438597 0.7419590643274854 0.46052631578947373 0.6807383040935673 0.4564144736842105
0 0.7629751461988304 0.45093201754385964 0.7510964912280703 0.3399122807017544 0.8241959064327485 0.34676535087719307 0.8360745614035088 0.45778508771929827
0 0.8360745614035088 0.4550438596491228 0.8241959064327488 0.34402412280701755 0.9356725146198832 0.3522478070175439 0.9512061403508771 0.45641447368421056
0 0.5939327485380117 0.2672697368421053 0.5884502923976608 0.18229166666666666 0.7008406432748538 0.18366228070175442 0.7063230994152048 0.23985745614035092 0.6003289473684212 0.23711622807017546
0 0.7017543859649122 0.18640350877192982 0.767543859649123 0.18777412280701758 0.7748538011695907 0.24396929824561409 0.7063230994152047 0.24122807017543862
0 0.7675438596491229 0.18777412280701755 0.8324195906432749 0.19051535087719298 0.8415570175438598 0.24671052631578955 0.7739400584795322 0.24259868421052636
0 0.8333333333333334 0.18914473684210525 0.8991228070175439 0.19462719298245618 0.9073464912280702 0.24945175438596492 0.8406432748538012 0.24533991228070176
0 0.5921052631578947 0.18229166666666666 0.5875365497076024 0.10142543859649127 0.6524122807017545 0.1041666666666667 0.6569809941520468 0.18229166666666669
0 0.6578947368421053 0.18229166666666666 0.6524122807017544 0.10279605263157894 0.716374269005848 0.10279605263157898 0.7236842105263158 0.18777412280701758
0 0.7245979532163743 0.18640350877192982 0.714546783625731 0.10142543859649127 0.7748538011695907 0.10142543859649122 0.7867324561403509 0.18914473684210528
0 0.7766812865497078 0.1041666666666667 0.8799342105263158 0.10964912280701754 0.8927266081871347 0.19462719298245618 0.7876461988304093 0.18777412280701755
0 0.5875365497076024 0.10553728070175439 0.5829678362573101 0.02330043859649126 0.6825657894736842 0.02604166666666668 0.6889619883040937 0.0986842105263158
0 0.6907894736842105 0.10142543859649122 0.6834795321637428 0.02330043859649122 0.7428728070175439 0.023300438596491228 0.7529239766081871 0.10279605263157894
0 0.7501827485380117 0.10142543859649122 0.7437865497076024 0.020559210526315812 0.8050073099415206 0.02467105263157896 0.8141447368421053 0.10553728070175439
0 0.8141447368421053 0.10553728070175439 0.8059210526315791 0.027412280701754395 0.8616593567251462 0.030153508771929856 0.8744517543859649 0.10964912280701752
0 0.5820540935672515 0.027412280701754384 0.6423611111111112 0.026041666666666678 0.6387061403508771 0 0.5774853801169592 1.5582077538598687e-17
0 0.6423611111111112 0.024671052631578948 0.6396198830409359 7.791038769299344e-18 0.7008406432748538 0 0.7026681286549707 0.026041666666666668
0 0.7026681286549707 0.024671052631578948 0.6990131578947368 0.0013706140350877426 0.7593201754385965 0 0.7620614035087719 0.023300438596491228 0.7026681286549707 0.023300438596491228
0 0.7620614035087719 0.023300438596491228 0.7593201754385965 0.0013706140350877192 0.8561769005847955 0 0.8607456140350879 0.03015350877192982