0 0.6597222222222222 0.4427083333333333 0.6624634502923978 0.30701754385964913 0.7328216374269005 0.302905701754386 0.7273391812865497 0.4344846491228071
0 0.7273391812865498 0.43585526315789475 0.7337353801169589 0.30153508771929827 0.804093567251462 0.30016447368421056 0.7940423976608187 0.43037280701754393
0 0.7940423976608187 0.43037280701754393 0.804093567251462 0.2987938596491228 0.9064327485380117 0.293311403508772 0.8945540935672516 0.4235197368421053
0 0.89546783625731 0.42489035087719296 0.9082602339181286 0.293311403508772 1 0.28782894736842113 0.9996345029239768 0.37554824561403516 0.9923245614035089 0.41940789473684215
0 0.6460160818713451 0.5646929824561403 0.6469298245614035 0.4385964912280701 0.7538377192982456 0.43722587719298245 0.7465277777777779 0.5564692982456141 0.6451023391812866 0.5633223684210527
0 0.7492690058479534 0.5578399122807018 0.7529239766081871 0.43585526315789475 0.8570906432748538 0.4290021929824561 0.8461257309941522 0.5523574561403509
0 0.8516081871345029 0.5550986842105263 0.8607456140350878 0.42626096491228077 0.9265350877192984 0.42489035087719296 0.9146564327485381 0.5496162280701754
0 0.9155701754385965 0.5496162280701754 0.9265350877192984 0.42214912280701755 0.9914108187134505 0.42214912280701755 0.9777046783625732 0.5441337719298246
0 0.6451023391812866 0.6880482456140352 0.6505847953216376 0.5701754385964913 0.7154605263157896 0.5688048245614037 0.7081505847953217 0.6825657894736842
0 0.7099780701754386 0.6866776315789475 0.7154605263157895 0.5688048245614037 0.78125 0.5646929824561405 0.7730263157894739 0.6770833333333335
0 0.7730263157894737 0.6770833333333334 0.7830774853801171 0.5619517543859649 0.8771929824561405 0.552357456140351 0.8662280701754386 0.6674890350877194
0 0.8680555555555557 0.6688596491228072 0.8808479532163743 0.5509868421052632 0.9749634502923976 0.5455043859649122 0.9603435672514622 0.6633771929824561
0 0.6259137426900586 0.7881030701754386 0.628654970760234 0.6839364035087719 0.7255116959064327 0.683936403508772 0.7200292397660819 0.7812500000000001
0 0.7209429824561403 0.7839912280701754 0.7255116959064328 0.6825657894736843 0.8241959064327485 0.6757127192982456 0.8132309941520468 0.7743969298245614
0 0.8187134502923976 0.7798793859649124 0.8260233918128655 0.6729714912280702 0.889985380116959 0.6716008771929824 0.8799342105263158 0.777138157894737
0 0.8817616959064329 0.7730263157894738 0.8918128654970761 0.6661184210526317 0.9530336257309941 0.664747807017544 0.9402412280701756 0.7702850877192983
0 0.6323099415204678 0.9566885964912281 0.6350511695906433 0.8634868421052632 0.6935307017543861 0.8621162280701755 0.6880482456140352 0.9470942982456142
0 0.689875730994152 0.9498355263157896 0.6944444444444444 0.859375 0.7556652046783626 0.8580043859649124 0.7510964912280703 0.9443530701754387
0 0.7510964912280702 0.9443530701754387 0.756578947368421 0.8607456140350879 0.8442982456140351 0.8538925438596493 0.8333333333333334 0.9498355263157896
0 0.8351608187134503 0.9388706140350878 0.8442982456140352 0.8538925438596491 0.9265350877192983 0.8442982456140352 0.918311403508772 0.9279057017543861
0 0.6231725146198831 1 0.6240862573099415 0.9553179824561403 0.7118055555555556 0.9512061403508771 0.7099780701754386 1
0 0.7108918128654971 1 0.7127192982456142 0.9484649122807017 0.8013523391812866 0.9470942982456141 0.7958698830409356 1
0 0.7976973684210527 0.9991776315789473 0.7995248538011696 0.9457236842105263 0.8607456140350879 0.9402412280701755 0.8580043859649122 1
0 0.857090643274854 0.9978070175438597 0.8634868421052633 0.9402412280701755 0.9137426900584795 0.9279057017543861 0.9073464912280703 0.9978070175438597
2 0.3297405132467368 0.2123752458199322 0.32694610211752717 0.14950099541271544 0.4126413767466226 0.14950099541271544 0.4135728471230257 0.2109780402553274
2 0.4135728471230258 0.2151696569491418 0.4117099063702193 0.15089820097732018 0.49554224024650834 0.152295406541925 0.49461076987010516 0.21377245138453696
2 0.33439786512875286 0.26686626283952003 0.3325349243759465 0.20958083469072258 0.38469726545452626 0.21237524581993222 0.3856287358309296 0.2668662628395201
2 0.3828343247017198 0.2654690572749152 0.3828343247017198 0.20958083469072258 0.4387225472859123 0.21097804025532732 0.4387225472859123 0.26826346840412485
2 0.43685960653310607 0.26686626283952003 0.4387225472859125 0.21097804025532732 0.4908848883644924 0.21377245138453704 0.48995341798808917 0.2696606739687296
2 0.33067198362314 0.31716566316529343 0.33160345399954316 0.26686626283952003 0.41170990637021937 0.2696606739687296 0.41264137674662255 0.32275448542371266
2 0.41170990637021937 0.3227544854237127 0.4117099063702193 0.2682634684041248 0.49274782911729875 0.2738522906625441 0.49181635874089547 0.3241516909883175
2 0.33067198362314004 0.3716566801848813 0.3288090428703335 0.3185628687298982 0.3809713839489134 0.3227544854237127 0.38190285432531657 0.37445109131409093
2 0.3809713839489134 0.3716566801848813 0.38190285432531657 0.319960074294503 0.4331337250274932 0.3255488965529223 0.4340651954038965 0.37584829687869575 0.3800399135725102 0.3730538857494861
2 0.4387225472859125 0.3758482968786957 0.4387225472859125 0.32275448542371266 0.48995341798808906 0.3269461021175271 0.48809047723528265 0.3758482968786957
2 0.3288090428703337 0.42335328607525946 0.32787757249393035 0.37305388574948606 0.4061210841118002 0.3800399135725102 0.4070525544882033 0.4261476972044692
2 0.4089154952410098 0.4247504916398643 0.4089154952410098 0.37584829687869564 0.48902194761168605 0.38003991357251016 0.4880904772352828 0.4261476972044691
2 0.3288090428703336 0.511377236645363 0.32601463174112405 0.45968063075498483 0.40239520260618733 0.46247504188419447 0.4042581433589937 0.5043912088223389 0.32880904287033363 0.5071856199515485
2 0.40425814335899374 0.5099800310807582 0.4023952026061872 0.46247504188419436 0.4806387142240569 0.46247504188419436 0.4815701846004602 0.5085828255161534
2 0.32974051324673687 0.551896198018903 0.32880904287033363 0.505788414386944 0.37445109131409104 0.505788414386944 0.3772455024433006 0.5546906091481125
2 0.3828343247017198 0.5546906091481124 0.3809713839489134 0.5071856199515484 0.4303393138982836 0.5085828255161533 0.4303393138982836 0.5560878147127171
2 0.4359281361567029 0.5560878147127172 0.435928136156703 0.5071856199515485 0.4825016549768634 0.5085828255161533 0.48529606610607323 0.5560878147127171
2 0.3297405132467368 0.6007983927800713 0.3288090428703336 0.5532934035835074 0.40518961373539686 0.5532934035835074 0.40612108411180003 0.6021955983446761
2 0.4107784359938162 0.5952095705216521 0.4089154952410097 0.5532934035835075 0.4825016549768634 0.5560878147127171 0.4815701846004602 0.5980039816508618
2 0.33626080588155927 0.641317354153611 0.33439786512875286 0.5994011872154664 0.38190285432531657 0.5994011872154664 0.3828343247017198 0.6399201485890061
2 0.3856287358309295 0.641317354153611 0.3828343247017198 0.5966067760862568 0.4303393138982836 0.5980039816508618 0.43220225465109 0.6399201485890061
2 0.4387225472859125 0.6385229430244015 0.4387225472859124 0.5938123649570471 0.48157018460046025 0.5980039816508618 0.4843645957296699 0.6385229430244014 0.44058548803871883 0.6413173541536111
2 0.34091815776357537 0.6832335210917555 0.33905521701076885 0.6385229430244013 0.409846965617413 0.639920148589006 0.4107784359938162 0.6776446988333361
2 0.4126413767466226 0.6832335210917555 0.4098469656174128 0.6413173541536109 0.48250165497686326 0.6371257374597964 0.4834331253532667 0.6776446988333362
2 0.06799733747743442 0.259880235016496 0.10805056366277249 0.25708582388728635 0.11177644516838534 0.30319360751924523 0.07265468935945042 0.30738522421305975
2 0.11270791554478858 0.3045908130838501 0.10805056366277249 0.25848302945189117 0.14717231947170736 0.25848302945189117 0.15089820097732023 0.30179640195464047
2 0.07731204124146654 0.3632734467972524 0.06986027823024084 0.30738522421305975 0.11643379705040145 0.3059880186484549 0.12109114893241747 0.35209580228041387
2 0.12295408968522382 0.3534930078450187 0.11457085629759498 0.30319360751924523 0.15089820097732023 0.30598801864845493 0.15741849361214266 0.3520958022804139
2 0.07824351161786976 0.3954091747831631 0.07544910048866015 0.35069859671580905 0.10991350441557894 0.35069859671580905 0.11736526742680464 0.39121755808934866
2 0.11643379705040142 0.38982035252474395 0.1127079155447886 0.3479041855865994 0.15182967135372344 0.34930139115120423 0.15462408248293308 0.3884231469601391
2 0.0819693931234826 0.43732534172130766 0.07824351161786976 0.3912175580893487 0.12574850081443348 0.3884231469601391 0.13040585269644955 0.43173651946288844
2 0.08755821538190188 0.47225548083642804 0.08290086349988578 0.43173651946288844 0.12202261930882072 0.42894210833367885 0.12481703043803027 0.4708582752718233
2 0.12388556006162708 0.47225548083642815 0.12109114893241751 0.42754490276907403 0.15834996398854595 0.42894210833367885 0.16207584549415877 0.4694610697072185
2 0.10432468215715966 0.5477045813250883 0.10153027102795001 0.511377236645363 0.13599467495486883 0.5085828255161535 0.13972055646048168 0.5421157590666689
2 0.1397205564604817 0.5435129646312739 0.13692614533127204 0.5127744422099678 0.16859613812898125 0.5099800310807582 0.17139054925819083 0.5393213479374592
2 0.10898203403917572 0.5798403093109991 0.10432468215715968 0.5463073757604835 0.14624084909530422 0.5435129646312739 0.14903526022451385 0.5770458981817892
2 0.1499667306009171 0.5784431037463943 0.14530937871890098 0.5421157590666689 0.17604790114020694 0.5407185535020642 0.18256819377502936 0.5714570759233701
2 0.11177644516838536 0.617564859555329 0.10618762290996607 0.5784431037463943 0.1415834972132881 0.5784431037463943 0.14251496758969132 0.6147704484261194
2 0.14530937871890098 0.610578831732305 0.14251496758969132 0.5756486926171845 0.176047901140207 0.5770458981817894 0.18070525302222296 0.6147704484261194
2 0.11363938592119179 0.6469061764120303 0.10991350441557896 0.6161676539907243 0.15089820097732026 0.6133732428615146 0.15369261210652985 0.6469061764120303
2 0.1564870232357395 0.6469061764120303 0.15182967135372344 0.6119760372969097 0.18443113452783583 0.6147704484261194 0.18908848640985185 0.6469061764120303
2 0.12388556006162704 0.6832335210917555 0.11736526742680461 0.648303381976635 0.1527611417301267 0.6483033819766351 0.1527611417301267 0.6790419043979411
2 0.15462408248293305 0.6804391099625459 0.14717231947170734 0.6538922042350542 0.1844311345278358 0.6497005875412397 0.18722554565704544 0.6818363155271506 0.1536926121065298 0.6832335210917554
2 0.21144377544352896 0.3003991963900356 0.20771789393791615 0.2473053849350525 0.2431137682412381 0.25149700162886696 0.2449767089940446 0.2990019908254307
2 0.21610112732554507 0.34091815776357537 0.21144377544352896 0.30039919639003565 0.24404523861764132 0.29760478526082607 0.2449767089940446 0.34091815776357537
2 0.2179640680783515 0.381437119137115 0.2151696569491418 0.33952095219897055 0.24683964974685108 0.33952095219897055 0.2477711201232541 0.3800399135725102
2 0.22355289033677075 0.43033931389828356 0.2198270088311579 0.381437119137115 0.2477711201232542 0.381437119137115 0.24870259049965743 0.4261476972044691
2 0.22727877184238363 0.4652694530134041 0.22541583108957716 0.42335328607525946 0.2533599423816734 0.42195608051065475 0.2533599423816735 0.46247504188419447
2 0.2356620052300124 0.5449101701958786 0.23100465334799639 0.5043912088223389 0.25708582388728624 0.5057884143869438 0.25988023501649593 0.5435129646312739
2 0.23938788673562533 0.5826347204402087 0.23379906447720597 0.5435129646312739 0.25708582388728624 0.5407185535020642 0.25988023501649593 0.5812375148756037
2 0.2403193571120285 0.6119760372969097 0.23659347560641553 0.5798403093109991 0.2673319980277216 0.5756486926171847 0.2701264091569312 0.6077844206030953
2 0.24311376824123818 0.6455089708474254 0.23938788673562533 0.6091816261677001 0.2682634684041249 0.6077844206030956 0.2701264091569312 0.6455089708474255
2 0.2459081793704478 0.6818363155271507 0.2421822978648349 0.6455089708474255 0.2710578795333345 0.6427145597182158 0.2710578795333345 0.6734530821395218 0.24870259049965746 0.6790419043979411