0 0.10873538011695906 0.5098684210526315 0.20924707602339182 0.5167214912280702 0.22112573099415214 0.6592653508771931 0.1224415204678363 0.6510416666666666
0 0.20924707602339182 0.5098684210526315 0.3143274853801169 0.5167214912280702 0.3207236842105264 0.6606359649122807 0.22203947368421062 0.6551535087719299
0 0.3271198830409357 0.6400767543859649 0.32163742690058483 0.5016447368421054 0.472404970760234 0.5098684210526315 0.474232456140351 0.6469298245614037
0 0.13066520467836257 0.7743969298245615 0.11513157894736842 0.6483004385964913 0.25127923976608196 0.6592653508771931 0.25858918128654973 0.7881030701754387 0.12792397660818713 0.7689144736842106
0 0.2595029239766082 0.7963267543859649 0.25036549707602346 0.6578947368421054 0.3517909356725146 0.6702302631578949 0.35544590643274865 0.7976973684210527
0 0.358187134502924 0.8031798245614035 0.3517909356725147 0.6674890350877194 0.4541301169590644 0.6743421052631579 0.45595760233918137 0.8031798245614035
0 0.13706140350877194 0.9018640350877193 0.12244152046783632 0.7839912280701755 0.2165570175438597 0.7908442982456141 0.22843567251461994 0.9073464912280703
0 0.22934941520467841 0.9073464912280703 0.21929824561403513 0.7949561403508771 0.3134137426900585 0.8018092105263159 0.3207236842105263 0.9169407894736842
0 0.3225511695906433 0.9128289473684211 0.3115862573099416 0.7976973684210528 0.4559576023391813 0.8059210526315791 0.4586988304093567 0.9265350877192983
0 0.58296783625731 0.6263706140350878 0.586622807017544 0.47560307017543874 0.7319078947368421 0.47560307017543874 0.7245979532163743 0.6277412280701754
0 0.7273391812865497 0.6236293859649122 0.733735380116959 0.47012061403508776 0.8781067251461988 0.4701206140350877 0.8662280701754388 0.625
0 0.8689692982456141 0.6345942982456141 0.8872441520467838 0.47560307017543857 0.9932383040935674 0.47971491228070173 0.9740497076023393 0.6373355263157896
0 0.577485380116959 0.767543859649123 0.5793128654970761 0.6250000000000001 0.7172880116959065 0.6304824561403509 0.7090643274853803 0.7757675438596491
0 0.7136330409356725 0.7702850877192984 0.7200292397660819 0.6236293859649124 0.8598318713450294 0.6304824561403509 0.8479532163742691 0.777138157894737
0 0.8516081871345029 0.7785087719298246 0.8662280701754386 0.6318530701754387 0.9694809941520469 0.640076754385965 0.9502923976608189 0.786732456140351
0 0.5710891812865497 0.8991228070175439 0.5729166666666667 0.7661732456140351 0.7063230994152049 0.7730263157894737 0.6980994152046784 0.903234649122807
0 0.7017543859649122 0.9018640350877194 0.7099780701754386 0.7702850877192983 0.846125730994152 0.7771381578947368 0.8324195906432749 0.908717105263158
0 0.8360745614035088 0.9073464912280702 0.8479532163742691 0.7785087719298246 0.9420687134502925 0.7853618421052632 0.9274488304093569 0.9114583333333334
1 0.03680046439255138 0.2962812898543167 0 0.29740783468266013 0 0.20728424841518736 0.024032956337992743 0.20728424841518736 0.03755149427811365 0.2962812898543167
1 0.0360494345069891 0.2962812898543167 0.024032956337992725 0.20615770358684393 0.06909474947172912 0.20728424841518736 0.08111122764072548 0.2962812898543167
1 0.0811112276407255 0.29515474502597333 0.06984577935729139 0.2050311587585005 0.13743846905789597 0.20728424841518736 0.1472018575702055 0.2951547450259733
1 0.03154325519361547 0.3818986968084158 0.012767508054558624 0.3818986968084158 0 0.2985343795110035 0.01802471725349455 0.29515474502597333 0.03229428507917775 0.3818986968084158
1 0.01802471725349455 0.2962812898543167 0.060833420730544104 0.2951547450259733 0.07435195867066503 0.37964560715172896 0.0307922253080532 0.3807721519800724
1 0.06233548050166866 0.29515474502597333 0.1081483035209673 0.2951547450259733 0.1194137518044014 0.38189869680841576 0.07435195867066503 0.38077215198007247
1 0.10889933340652959 0.29290165536928653 0.1464508276846432 0.2940282001976299 0.1577162759680773 0.37964560715172907 0.11941375180440136 0.37964560715172907
1 0.05182106210379683 0.4618833796207979 0.024032956337992722 0.4607568347924545 0.012016478168996376 0.37964560715172907 0.040555613820362754 0.38189869680841576
1 0.040555613820362754 0.38077215198007247 0.08261328741185005 0.38189869680841576 0.09312770580972186 0.4663895589341715 0.0510700322182346 0.46075683479245444
1 0.08787049661078594 0.37964560715172907 0.15621421619695275 0.37964560715172896 0.16372451505257554 0.46188337962079784 0.09838491500865776 0.46300992444914135
1 0.04956797244711002 0.5351087934631196 0.038302524163675904 0.459630289964111 0.07885813798403865 0.46075683479245444 0.09012358626747277 0.5396149727764932
1 0.09012358626747276 0.5384884279481498 0.08036019775516319 0.46413646927748475 0.12166684146108825 0.46413646927748475 0.12617302077446188 0.49793281412778706 0.10965036329209187 0.5103248072395645 0.11265448283434093 0.5407415176048366
1 0.056327241417170465 0.6477632762974604 0.0473148827904232 0.5981953038503504 0.06834371958616685 0.5981953038503504 0.07660504832735185 0.6488898211258038
1 0.07885813798403868 0.6500163659541472 0.06834371958616685 0.6004483935070373 0.10965036329209184 0.6015749383353808 0.11640963226215233 0.6533960004391777
1 0.06984577935729139 0.7164825108264085 0.05858033107385729 0.6455101866407735 0.1006380046653446 0.6488898211258038 0.1119034529487787 0.7198621453114386
1 0.09613182535197094 0.7795690212136395 0.08411534718297456 0.7164825108264085 0.12316890123221276 0.7198621453114387 0.13218125985896007 0.770556662586892 0.12241787134665053 0.7818221108703262
1 0.09162564603859731 0.8370228074591533 0.08261328741185 0.7761893867286092 0.12316890123221276 0.7829486556986694 0.13067920008783546 0.83927589711584