0 0.31798245614035087 0.8950109649122808 0.3271198830409357 0.7332785087719298 0.4952485380116959 0.7346491228070177 0.49707602339181295 0.8963815789473686
0 0.6469298245614037 0.8881578947368423 0.6341374269005848 0.6702302631578949 0.8260233918128657 0.6702302631578949 0.8525219298245615 0.8854166666666666
0 0.8552631578947368 0.8867872807017544 0.8241959064327485 0.6729714912280703 0.9493786549707603 0.6729714912280703 0.9831871345029239 0.8813048245614037
0 0.9895833333333334 0.8826754385964912 0.9548611111111112 0.6674890350877194 1 0.6702302631578949 1 0.8799342105263159
0 0.6350511695906434 0.6702302631578947 0.6231725146198831 0.4810855263157895 0.8031798245614035 0.47834429824561414 0.8269371345029239 0.6716008771929826
0 0.828764619883041 0.6702302631578947 0.805921052631579 0.4810855263157896 0.9201388888888888 0.47560307017543857 0.9539473684210527 0.668859649122807
0 0.9566885964912281 0.6729714912280702 0.9228801169590644 0.474232456140351 1 0.47560307017543874 0.9978070175438598 0.6674890350877194 0.9585160818713452 0.6702302631578949
0 0.6240862573099415 0.47834429824561403 0.6112938596491229 0.3330592105263159 0.7757675438596491 0.3289473684210527 0.7940423976608187 0.48108552631578955
0 0.7986111111111112 0.47971491228070173 0.7794225146198832 0.3248355263157895 0.8845029239766082 0.31935307017543857 0.9100877192982456 0.4769736842105264
0 0.9091739766081873 0.47560307017543857 0.8854166666666666 0.32209429824561403 0.9923245614035089 0.3179824561403509 1 0.3728070175438597 1 0.4742324561403509
0 0.6167763157894737 0.24259868421052633 0.6048976608187135 0.10553728070175439 0.7547514619883041 0.1110197368421053 0.7711988304093569 0.23574561403508776
0 0.7730263157894737 0.23711622807017543 0.756578947368421 0.1110197368421053 0.8506944444444444 0.1110197368421053 0.8744517543859651 0.23711622807017543
0 0.8771929824561403 0.23848684210526316 0.8552631578947371 0.10964912280701754 0.9475511695906432 0.10690789473684213 0.9749634502923976 0.23437500000000003
0 0.6030701754385965 0.10416666666666667 0.5948464912280702 0 0.7364766081871347 0 0.7510964912280702 0.10964912280701754
0 0.7593201754385966 0.09731359649122807 0.7447002923976608 0 0.8351608187134505 0 0.8543494152046783 0.10142543859649122
0 0.8561769005847953 0.10142543859649127 0.8342470760233918 0.0013706140350877192 0.9283625730994154 1.5582077538598687e-17 0.9502923976608189 0.09731359649122807
2 0.34518488971035244 0.5123612536600315 0.3495177544347501 0.43870255334527 0.42028787826657965 0.4376193371641705 0.41812144590438083 0.5112780374789321
2 0.4181214459043809 0.5123612536600315 0.4195657341458467 0.43653612098307115 0.4657829578727558 0.43761933716417056 0.462894381389824 0.5112780374789321
2 0.46361652551055704 0.5080283889356337 0.46506081375202285 0.43761933716417056 0.511278037478932 0.43761933716417056 0.511278037478932 0.5101948212978326
2 0.3408520249859546 0.589269602518091 0.34446274558961937 0.5123612536600314 0.41667715766291497 0.5123612536600315 0.4145107253007161 0.5871031701558923
2 0.4145107253007161 0.5871031701558923 0.41667715766291485 0.5123612536600314 0.46506081375202285 0.5112780374789321 0.462894381389824 0.5871031701558922
2 0.46217223726909107 0.5871031701558923 0.463616525510557 0.5080283889356337 0.512000181599665 0.5101948212978326 0.512000181599665 0.5871031701558923
2 0.33507487202009095 0.6694275999194492 0.33940773674448876 0.5871031701558923 0.41378858117998313 0.5881863863369917 0.4116221488177842 0.6683443837383497
2 0.4123442929385172 0.6694275999194492 0.414510725300716 0.5860199539747927 0.4628943813898241 0.5871031701558921 0.46145009314835816 0.6672611675572501
2 0.46145009314835816 0.6683443837383497 0.46361652551055704 0.5871031701558921 0.5127223257203979 0.589269602518091 0.5112780374789321 0.6672611675572501
0 0.039290935672514626 0.16173245614035087 0.011878654970760233 0.2987938596491228 0 0.29468201754385964 0 0.15899122807017546
0 0.03837719298245615 0.1631030701754386 0.06304824561403509 0.03974780701754387 0 0.0356359649122807 0 0.1603618421052632
0 0.06396198830409357 0.04248903508771931 0.07127192982456142 1.947759692324836e-17 0 0 0.0009137426900584951 0.03563596491228071