0 0.0804093567251462 0.35773026315789475 0.3134137426900585 0.34676535087719307 0.32986111111111116 0.5797697368421053 0.10964912280701754 0.6016995614035088
0 0.3307748538011696 0.5852521929824561 0.31524122807017546 0.34676535087719296 0.46235380116959074 0.33305921052631576 0.4714912280701755 0.5688048245614035
0 0.47057748538011696 0.5756578947368421 0.4614400584795322 0.3358004385964913 0.6021564327485381 0.32346491228070173 0.6030701754385965 0.5537280701754387
0 0.1471125730994152 0.8086622807017544 0.11970029239766082 0.5989583333333334 0.33899853801169594 0.581140350877193 0.35270467836257313 0.7881030701754387
0 0.3527046783625731 0.7922149122807017 0.338998538011696 0.5838815789473686 0.47605994152046793 0.5688048245614035 0.4815423976608188 0.7785087719298246
0 0.4833698830409357 0.7785087719298246 0.4769736842105263 0.5674342105263158 0.607638888888889 0.5578399122807018 0.607638888888889 0.7620614035087719
0 0.17543859649122806 0.990953947368421 0.15076754385964913 0.8045504385964913 0.35635964912280704 0.786732456140351 0.3682383040935672 0.9594298245614037
0 0.3673245614035088 0.9690241228070176 0.35635964912280704 0.7908442982456141 0.48336988304093575 0.7771381578947368 0.489766081871345 0.9512061403508771
0 0.489766081871345 0.9566885964912281 0.4815423976608188 0.7743969298245614 0.6067251461988304 0.762061403508772 0.607638888888889 0.9347587719298246
1 0.8908991228070176 0.37417763157894735 0.9064327485380118 0.2371162280701755 1 0.22478070175438603 0.9996345029239768 0.36047149122807026
1 0.8835891812865497 0.4961622807017544 0.893640350877193 0.37554824561403516 1 0.36184210526315796 0.9996345029239768 0.48108552631578955
1 0.8790204678362573 0.6071820175438597 0.8872441520467838 0.4934210526315791 0.9968932748538012 0.48108552631578955 0.9987207602339181 0.5098684210526317 0.9877558479532164 0.6003289473684211