0 0.558296783625731 0.7579495614035088 0.5610380116959065 0.5770285087719298 0.6679459064327486 0.5756578947368423 0.6606359649122808 0.7552083333333334 0.5564692982456141 0.7593201754385966
0 0.6615497076023392 0.7538377192982456 0.6679459064327485 0.5742872807017544 0.7739400584795322 0.5701754385964913 0.7638888888888888 0.7497258771929826
0 0.7638888888888888 0.7524671052631579 0.7739400584795323 0.5715460526315791 0.9411549707602341 0.5646929824561405 0.9228801169590645 0.7456140350877194
0 0.560124269005848 0.9183114035087719 0.561951754385965 0.7593201754385965 0.6624634502923977 0.7565789473684211 0.6551535087719299 0.9196820175438597
0 0.6542397660818714 0.9169407894736842 0.6606359649122807 0.7552083333333334 0.7629751461988304 0.7552083333333334 0.7501827485380117 0.9141995614035088
0 0.7501827485380117 0.9155701754385965 0.7629751461988306 0.7497258771929824 0.9210526315789473 0.7456140350877194 0.9036915204678363 0.9059758771929826
1 0.28417397660818716 0.2850877192982456 0.27960526315789475 0.20970394736842107 0.35544590643274854 0.20833333333333334 0.35818713450292405 0.28234649122807015
1 0.3572733918128655 0.2864583333333333 0.3536184210526316 0.20833333333333334 0.4322002923976609 0.21244517543859648 0.43220029239766083 0.2837171052631579
1 0.43220029239766083 0.28234649122807015 0.43128654970760233 0.21244517543859648 0.5080409356725147 0.21107456140350878 0.5080409356725147 0.28234649122807015
1 0.2832602339181287 0.3577302631578948 0.2786915204678363 0.28508771929824567 0.35544590643274854 0.2837171052631579 0.358187134502924 0.3591008771929825
1 0.358187134502924 0.35910087719298245 0.35544590643274865 0.28371710526315796 0.43128654970760233 0.28508771929824567 0.4331140350877193 0.3591008771929825
1 0.43128654970760233 0.35910087719298245 0.4322002923976609 0.28234649122807026 0.5062134502923977 0.28645833333333337 0.5052997076023392 0.3563596491228071
1 0.28417397660818716 0.4262609649122807 0.2823464912280702 0.3549890350877193 0.3572733918128656 0.3563596491228071 0.3609283625730995 0.42489035087719307
1 0.358187134502924 0.42489035087719296 0.3572733918128656 0.35635964912280704 0.43128654970760233 0.3591008771929825 0.43128654970760244 0.42489035087719307
1 0.43128654970760233 0.42351973684210525 0.4303728070175439 0.3563596491228071 0.5034722222222223 0.3563596491228071 0.5034722222222223 0.42214912280701755
1 0.28965643274853803 0.4906798245614035 0.2869152046783627 0.42626096491228077 0.36001461988304095 0.4262609649122807 0.36092836257309946 0.4906798245614036
1 0.360014619883041 0.4906798245614035 0.35910087719298245 0.42489035087719307 0.43128654970760244 0.42351973684210525 0.4322002923976609 0.4851973684210527
1 0.43128654970760233 0.48793859649122806 0.4294590643274855 0.42214912280701755 0.5025584795321637 0.4235197368421053 0.5025584795321637 0.48382675438596495
1 0.2905701754385965 0.5564692982456141 0.2878289473684211 0.48930921052631593 0.3609283625730995 0.48930921052631593 0.36275584795321636 0.550986842105263
1 0.3618421052631579 0.5537280701754386 0.36001461988304106 0.4879385964912281 0.43128654970760233 0.4865679824561404 0.43220029239766083 0.552357456140351
1 0.43128654970760233 0.5537280701754386 0.43037280701754393 0.48382675438596484 0.5016447368421053 0.48519736842105277 0.5025584795321637 0.5496162280701755
1 0.28965643274853803 0.6620065789473685 0.28691520467836257 0.6044407894736842 0.3563596491228071 0.605811403508772 0.358187134502924 0.6592653508771931
1 0.2942251461988304 0.7195723684210527 0.29057017543859653 0.6620065789473686 0.358187134502924 0.6606359649122808 0.35818713450292405 0.7154605263157896
1 0.29696637426900585 0.7702850877192983 0.2942251461988304 0.718201754385965 0.36001461988304095 0.7168311403508774 0.3618421052631579 0.7675438596491229
1 0.30044827508305244 0.8204549050344894 0.2972383576142165 0.7684542420393459 0.3633626574722388 0.7665282915580441 0.3646466244597731 0.8204549050344895
1 0.3030162090581213 0.8753444937515856 0.30044827508305244 0.8194919297938388 0.36528860795354035 0.818528954553188 0.3684985254223763 0.8705296175483316
1 0.3575848060283338 0.6634899408084075 0.35437488855949784 0.6047484511287081 0.42563505636765764 0.6018595254067558 0.42691902335519216 0.6596380398458044
1 0.36079472349716984 0.7183795295255037 0.3569428225345666 0.6606010150864552 0.42627703986142496 0.6577120893645028 0.42756100684895937 0.7126016780815988
1 0.36143670699093705 0.767491266798695 0.35951075650963543 0.7164535790442021 0.4282029903427265 0.7135646533222498 0.4288449738364937 0.7665282915580443
1 0.3652886079535403 0.8214178802751402 0.36207869048470426 0.7665282915580443 0.4282029903427265 0.7655653163173933 0.4307709243177953 0.817565979312537
1 0.3678565419286091 0.8724555680296331 0.3646466244597731 0.8175659793125372 0.43077092431779546 0.8175659793125372 0.43205489130532976 0.8714925927889824
1 0.42691902335519205 0.6586750646051535 0.42563505636765775 0.5999335749254543 0.49304332321321437 0.5989705996848034 0.4936853067069816 0.656749114123852
1 0.42884497383649367 0.7154906038035512 0.42563505636765775 0.6586750646051537 0.49175935622567996 0.656749114123852 0.49304332321321437 0.7116387028409481
1 0.4282029903427265 0.7655653163173934 0.42756100684895926 0.7126016780815988 0.4924013397194471 0.7116387028409479 0.49304332321321437 0.7646023410767425
1 0.4307709243177953 0.817565979312537 0.4282029903427265 0.7655653163173933 0.49304332321321437 0.7655653163173933 0.4943272902007488 0.8137140783499338
1 0.43205489130532965 0.8734185432702839 0.43077092431779535 0.8156400288312355 0.4936853067069816 0.8137140783499339 0.4943272902007488 0.8686036670670298