0 0.2183845029239766 0.5057565789473685 0.1991959064327486 0.28919956140350883 0 0.30427631578947373 0 0.3947368421052632 0.01918859649122807 0.5208333333333334
0 0.20010964912280702 0.2891995614035088 0.3307748538011696 0.28371710526315796 0.34265350877192985 0.5002741228070176 0.21929824561403513 0.5098684210526316
0 0.3307748538011696 0.2850877192982456 0.4605263157894738 0.2782346491228071 0.46600877192982465 0.4920504385964913 0.3435672514619884 0.5002741228070176
0 0.02010233918128657 0.5235745614035088 0.22112573099415206 0.508497807017544 0.24031432748538015 0.7003837719298247 0.049342105263157895 0.7195723684210527
0 0.22112573099415206 0.5084978070175439 0.34539473684210525 0.5002741228070177 0.35635964912280704 0.6907894736842105 0.23848684210526325 0.7017543859649124
0 0.34904970760233917 0.503015350877193 0.4714912280701755 0.4947916666666667 0.47514619883040937 0.6853070175438598 0.35818713450292405 0.699013157894737
0 0.05116959064327487 0.7195723684210527 0.23940058479532164 0.6990131578947368 0.25493421052631576 0.8689692982456141 0.0776681286549708 0.8895285087719299
0 0.2412280701754386 0.703125 0.3572733918128655 0.6921600877192984 0.3664108187134503 0.8607456140350879 0.25676169590643283 0.874451754385965
0 0.3609283625730994 0.6990131578947368 0.4733187134502924 0.683936403508772 0.4769736842105264 0.8484100877192983 0.3691520467836258 0.8621162280701754
0 0.0849780701754386 0.9731359649122808 0.2567616959064328 0.9580592105263158 0.2631578947368421 1 0.08771929824561407 1
0 0.2595029239766082 0.9594298245614035 0.3664108187134504 0.9484649122807017 0.3718932748538012 1 0.2640716374269006 1
0 0.3682383040935672 0.9512061403508771 0.4751461988304094 0.9416118421052633 0.4760599415204678 1 0.3691520467836258 1
0 0.5656067251461988 0.825109649122807 0.5692616959064327 0.6483004385964913 0.6980994152046784 0.6510416666666667 0.6880482456140352 0.820997807017544
0 0.6880482456140351 0.8223684210526315 0.6971856725146199 0.6510416666666667 0.8223684210526315 0.6469298245614037 0.8086622807017544 0.8168859649122807
0 0.8104897660818714 0.8141447368421053 0.82328216374269 0.6441885964912282 0.9438961988304093 0.6373355263157896 0.9283625730994154 0.805921052631579
0 0.5628654970760234 0.981359649122807 0.5665204678362574 0.8278508771929826 0.6889619883040936 0.8264802631578947 0.6798245614035089 0.9799890350877194
0 0.6807383040935674 0.9827302631578949 0.689875730994152 0.8251096491228072 0.8095760233918129 0.8196271929824561 0.7967836257309941 0.9758771929824562
0 0.8004385964912283 0.9745065789473685 0.8114035087719298 0.8196271929824562 0.9283625730994152 0.8141447368421054 0.912828947368421 0.9649122807017545