0 0.062134502923976605 0.8675986842105263 0.0822368421052632 0.7140899122807017 0.22203947368421056 0.7140899122807017 0.20924707602339182 0.8758223684210527
0 0.5893640350877193 0.26726973684210525 0.5857090643274855 0.13432017543859656 0.691703216374269 0.1398026315789474 0.7017543859649122 0.2700109649122807
0 0.7017543859649122 0.2700109649122807 0.6907894736842105 0.1356907894736842 0.7958698830409359 0.14117324561403508 0.8132309941520469 0.2727521929824561
0 0.8141447368421053 0.2700109649122807 0.7967836257309944 0.13706140350877194 0.9000365497076024 0.13980263157894743 0.9274488304093569 0.27001096491228077
0 0.5930190058479533 0.41940789473684215 0.5893640350877194 0.2713815789473684 0.6990131578947368 0.2727521929824562 0.7081505847953217 0.39062500000000006 0.5985014619883041 0.3933662280701755
0 0.7099780701754386 0.39199561403508776 0.699013157894737 0.2727521929824561 0.8123172514619883 0.2754934210526316 0.8287646198830411 0.3919956140350877
0 0.8305921052631579 0.3919956140350877 0.8123172514619885 0.27001096491228077 0.92562134502924 0.2713815789473685 0.9493786549707602 0.39199561403508776
0 0.6067251461988304 0.6839364035087719 0.5966739766081872 0.4934210526315789 0.7236842105263158 0.48930921052631576 0.7410453216374269 0.6757127192982456
0 0.7410453216374269 0.6743421052631579 0.7227704678362574 0.48793859649122817 0.8543494152046783 0.48793859649122806 0.8753654970760234 0.6729714912280703
0 0.876279239766082 0.6757127192982456 0.8561769005847953 0.4934210526315789 0.9795321637426903 0.4947916666666667 1 0.6400767543859649 1 0.6798245614035089
0 0.6112938596491229 0.8867872807017545 0.6012426900584795 0.6798245614035089 0.7355628654970761 0.678453947368421 0.7529239766081871 0.8758223684210528 0.6167763157894739 0.8717105263157896
0 0.7529239766081871 0.8785635964912281 0.7337353801169593 0.6757127192982456 0.870796783625731 0.6757127192982457 0.8972953216374269 0.8771929824561405 0.7538377192982456 0.8785635964912282
0 0.8972953216374269 0.8799342105263158 0.8689692982456142 0.6784539473684211 1 0.6784539473684211 1 0.8758223684210528
1 0.3243786549707603 0.3289473684210527 0.32803362573099415 0.27686403508771934 0.3682383040935673 0.27823464912280704 0.3645833333333333 0.33168859649122806
1 0.3645833333333334 0.3330592105263159 0.36641081871345027 0.2754934210526316 0.40844298245614036 0.2809758771929825 0.4029605263157895 0.3358004385964912
1 0.40387426900584794 0.3344298245614035 0.40752923976608196 0.2796052631578948 0.4504751461988304 0.2809758771929825 0.4459064327485381 0.33305921052631576
1 0.447733918128655 0.3358004385964912 0.4504751461988305 0.28371710526315796 0.516264619883041 0.28508771929824567 0.516264619883041 0.3399122807017544
1 0.3070175438596492 0.39199561403508776 0.31249999999999994 0.32894736842105265 0.38103070175438597 0.33305921052631576 0.3792032163742692 0.39336622807017546
1 0.3782894736842105 0.39610745614035087 0.38103070175438597 0.3316885964912281 0.4258040935672515 0.3344298245614035 0.42397660818713456 0.3919956140350877
1 0.423062865497076 0.39336622807017546 0.42489035087719296 0.3316885964912281 0.4678362573099415 0.33854166666666674 0.46875 0.39747807017543857 0.4440789473684211 0.3988486842105263 0.4422514619883041 0.390625
1 0.472404970760234 0.40158991228070173 0.472404970760234 0.3385416666666667 0.5153508771929824 0.33854166666666674 0.5135233918128655 0.4002192982456141
1 0.30062134502923976 0.46600877192982454 0.3061038011695907 0.39473684210526316 0.34996345029239767 0.39747807017543857 0.3435672514619883 0.46737938596491235
1 0.34630847953216376 0.46600877192982454 0.3508771929824563 0.39062500000000006 0.3929093567251462 0.3947368421052632 0.39108187134502925 0.4673793859649123
1 0.3983918128654971 0.46463815789473684 0.40021929824561403 0.39473684210526316 0.44499269005847963 0.3933662280701755 0.4413377192982457 0.4632675438596492
1 0.44499269005847963 0.46737938596491235 0.4468201754385966 0.3974780701754387 0.5180921052631579 0.40158991228070173 0.518092105263158 0.46875
1 0.2951388888888889 0.5290570175438597 0.2997076023391813 0.4646381578947369 0.3746345029239767 0.46600877192982454 0.37097953216374274 0.5290570175438597
1 0.3709795321637427 0.5276864035087719 0.37463450292397676 0.46600877192982454 0.42123538011695905 0.4673793859649123 0.4194078947368422 0.5290570175438597
1 0.41758040935672514 0.5304276315789473 0.4194078947368422 0.46875000000000006 0.46600877192982454 0.47149122807017557 0.4641812865497077 0.5317982456140351
1 0.46600877192982454 0.5317982456140351 0.4696637426900585 0.46875 0.512609649122807 0.47423245614035087 0.5098684210526315 0.5331688596491229
1 0.2805190058479532 0.6743421052631579 0.2860014619883041 0.5921052631578949 0.33260233918128657 0.5921052631578949 0.32803362573099415 0.6729714912280703
1 0.32803362573099426 0.6716008771929826 0.33168859649122806 0.5921052631578949 0.379203216374269 0.5948464912280702 0.37646198830409355 0.6757127192982457
1 0.37737573099415206 0.6743421052631579 0.379203216374269 0.5921052631578949 0.42671783625731 0.596217105263158 0.42397660818713456 0.6757127192982456
1 0.42671783625730997 0.6757127192982456 0.43037280701754393 0.5948464912280703 0.5080409356725147 0.6030701754385966 0.5071271929824562 0.6784539473684211
1 0.26955409356725146 0.7593201754385965 0.27503654970760244 0.6729714912280702 0.35544590643274865 0.6743421052631579 0.35179093567251457 0.7606907894736843
1 0.3536184210526316 0.7606907894736842 0.35818713450292405 0.674342105263158 0.405701754385965 0.6770833333333335 0.40113304093567254 0.7634320175438598
1 0.4093567251461988 0.7648026315789473 0.4111842105263159 0.6716008771929826 0.4605263157894738 0.6743421052631579 0.4596125730994153 0.767543859649123
1 0.4605263157894738 0.7648026315789473 0.46235380116959063 0.6743421052631579 0.5098684210526316 0.6811951754385965 0.5098684210526315 0.767543859649123
1 0.31798245614035087 0.805921052631579 0.3188961988304094 0.7606907894736843 0.3718932748538012 0.7648026315789475 0.36823830409356734 0.8552631578947368 0.32620614035087725 0.8511513157894737 0.32711988304093575 0.8182565789473685
1 0.3682383040935672 0.8511513157894737 0.3709795321637427 0.7606907894736843 0.4239766081871345 0.7648026315789475 0.4194078947368422 0.8566337719298247
1 0.42214912280701755 0.8580043859649122 0.4258040935672515 0.7648026315789473 0.5089546783625731 0.7675438596491229 0.5080409356725147 0.8662280701754386
1 0.4559576023391813 0.8785635964912281 0.4550438596491229 0.8566337719298246 0.5071271929824561 0.8607456140350879 0.5062134502923977 0.9525767543859649 0.49616228070175444 0.952576754385965 0.49616228070175444 0.8799342105263159
1 0.40387426900584794 0.884046052631579 0.4020467836257311 0.8566337719298247 0.45321637426900585 0.859375 0.4541301169590643 0.8813048245614035
1 0.34904970760233917 0.8785635964912281 0.3508771929824561 0.855263157894737 0.4011330409356726 0.859375 0.40113304093567254 0.8799342105263158
1 0.3134137426900585 0.8059210526315791 0.3134137426900585 0.7593201754385966 0.27503654970760233 0.7593201754385965
1 0.32437865497076024 0.8758223684210527 0.3243786549707603 0.8525219298245615 0.35087719298245623 0.8538925438596493 0.34813596491228077 0.8813048245614035