2 0.007455100103580893 0.9803456636208887 0.0254715920205681 0.8657234995283323 0.06150457585454245 0.86665538704128 0.04410934227952034 0.9831413261597315
2 0.026714108704498224 0.8629278369894896 0.04224556725362513 0.7632158731040949 0.07579351771973919 0.7641477606170426 0.06150457585454245 0.8694510495801229
2 0.06088331751257739 0.871314824606018 0.07579351771973919 0.7660115356429378 0.11244775989567865 0.76507964812999 0.0981588180304819 0.8731785996319132
2 0.18140743585380195 0.8731785996319132 0.19259008600917332 0.7622839855911474 0.22116796973956676 0.7669434231558854 0.20874280290026528 0.8722467121189655
2 0.04783689233131079 0.7240765975602951 0.0627470925384726 0.6262284087007958 0.09567378466262158 0.6290240712396387 0.08138484279742486 0.7222128225344
2 0.06398960922240275 0.6271602962137436 0.07889980942956457 0.5395628699966678 0.1087202098438882 0.5395628699966678 0.09629504300458669 0.6290240712396387
2 0.09691630134655173 0.630887846265534 0.10872020984388814 0.5395628699966679 0.14226816031000225 0.5395628699966679 0.12984299347070075 0.6299559587525863
2 0.0820061011393899 0.7222128225344 0.09691630134655171 0.6271602962137436 0.1304642518126658 0.630887846265534 0.11741782663139919 0.7231447100473475
2 0.12984299347070072 0.630887846265534 0.14288941865196728 0.5395628699966679 0.15655710217519894 0.541426645022563 0.14537445201982757 0.6290240712396387
2 0.11866034331532939 0.7222128225344 0.12922173512873564 0.6280921837266911 0.1441319353358974 0.6290240712396387 0.1329492851805261 0.7231447100473475
2 0.19631763606096378 0.7184852724826094 0.20750028621633512 0.6262284087007958 0.23297187823690316 0.6252965211878482 0.22427426144939214 0.7203490475085049 0.1975601527448939 0.7212809350214524
2 0.2093640612422304 0.623432746161953 0.21806167802974133 0.5358353199448773 0.23918446165655396 0.5330396574060345 0.23235061989493813 0.6271602962137434
2 0.32650250340505926 0.5019323564779374 0.32940217039799935 0.44712865031136884 0.3583988403274007 0.4488684505071329 0.35491923993587254 0.5036721566737015
2 0.3549192399358725 0.4993226561842913 0.3583988403274007 0.4471286503113688 0.3862356434596259 0.4471286503113688 0.3850757766624499 0.4993226561842913
2 0.3873955102568021 0.5019323564779374 0.38797544365539005 0.4479985504092509 0.4326303153466682 0.44712865031136884 0.4326303153466682 0.49845275608640927
2 0.4349500489410203 0.49845275608640915 0.4343701155424322 0.4471286503113688 0.47902498723371034 0.44799855040925096 0.4801848540308864 0.4975828559885272 0.4366898491367843 0.4967129558906452
2 0.3230229030135311 0.5593457629381521 0.3253426366078832 0.5028022565758195 0.3717373084949253 0.5010624563800554 0.36825770810339714 0.5558661625466239
2 0.3688376415019852 0.5549962624487419 0.3717373084949253 0.5010624563800554 0.4163921801862034 0.5001925562821733 0.41465237999043936 0.5541263623508599
2 0.4158122467876154 0.5541263623508598 0.41755204698337944 0.4993226561842913 0.44654871691278086 0.4975828559885272 0.44538885011560475 0.5541263623508599 0.41755204698337944 0.5549962624487419
2 0.4465487169127808 0.5532564622529779 0.44828851710854495 0.4967129558906452 0.47786512043653423 0.49845275608640915 0.4767052536393582 0.5532564622529779
2 0.3207031694191789 0.6115397688110744 0.32476270320929507 0.5567360626445059 0.3549192399358726 0.5541263623508599 0.35317943974010846 0.6115397688110745 0.321863036216355 0.6106698687131925
2 0.3525995063415205 0.6115397688110745 0.35433930653728446 0.5549962624487419 0.38449584326386194 0.5549962624487419 0.38391590986527385 0.6097999686153104
2 0.38391590986527385 0.6106698687131924 0.385655710061038 0.5541263623508599 0.4326303153466682 0.5549962624487419 0.4326303153466682 0.6106698687131924
2 0.43321024874525615 0.6097999686153104 0.4326303153466682 0.5532564622529778 0.4801848540308864 0.5549962624487419 0.48134472082806246 0.6106698687131924
2 0.3189633692234149 0.6706929754670533 0.321863036216355 0.6106698687131924 0.3688376415019852 0.6097999686153104 0.36651790790763306 0.6663434749776431
2 0.3670978413062211 0.6672133750755251 0.36941757490057325 0.6115397688110744 0.4187119137805555 0.6089300685174285 0.41697211358479147 0.668083275173407
2 0.41697211358479136 0.6698230753691712 0.41813198038196747 0.6097999686153104 0.450028317304309 0.6106698687131924 0.449448383905721 0.668083275173407
2 0.45176811750007306 0.665473574879761 0.45060825070289706 0.6080601684195464 0.4825045876252385 0.6115397688110745 0.48308452102382654 0.665473574879761
2 0.5370183270925131 0.6298076708665974 0.5352785268967489 0.5384681605889831 0.5694945974134425 0.5384681605889831 0.5718143310077947 0.6298076708665974 0.5387581272882771 0.6289377707687153
2 0.5718143310077947 0.6298076708665974 0.5689146640148546 0.5393380606868651 0.601970867734372 0.5402079607847471 0.6066103349230763 0.6298076708665974
2 0.6060304015244883 0.6306775709644794 0.6019708677343721 0.5410778608826292 0.6356070048524777 0.5419477609805112 0.6396665386425938 0.6289377707687153
2 0.6396665386425938 0.6306775709644794 0.6356070048524777 0.5410778608826292 0.7011394788929247 0.5384681605889832 0.7092585464731571 0.6271979705729511
2 0.5370183270925131 0.7246267815357398 0.5370183270925131 0.6280678706708333 0.5718143310077947 0.6280678706708333 0.5735541312035587 0.7254966816336218
2 0.5735541312035587 0.7263665817315037 0.5712343976092067 0.6271979705729513 0.6054504681259002 0.6289377707687154 0.6100899353146044 0.7254966816336219
2 0.6100899353146044 0.7246267815357398 0.6060304015244883 0.6298076708665974 0.6408264054397698 0.6289377707687154 0.6454658726284741 0.7246267815357398
2 0.6472056728242381 0.7246267815357398 0.6414063388383578 0.6289377707687154 0.7092585464731571 0.6271979705729511 0.7179575474519775 0.7228869813399756
2 0.5329587933023969 0.8699000978820404 0.5323788599038088 0.7655120861361957 0.5683347306162665 0.7655120861361957 0.5712343976092067 0.8699000978820406
2 0.5706544642106186 0.8690301977841585 0.5677547972176784 0.7655120861361957 0.6048705347273121 0.7655120861361957 0.6083501351188404 0.8690301977841585
2 0.6077702017202523 0.8716398980778046 0.6042906013287241 0.7646421860383137 0.6408264054397699 0.7655120861361957 0.6454658726284741 0.8690301977841585
2 0.5335387267009849 0.9725483094321213 0.5329587933023969 0.8699000978820404 0.5700745308120306 0.8690301977841586 0.5723942644063826 0.9708085092363573
2 0.5718143310077947 0.9708085092363572 0.5712343976092067 0.8690301977841585 0.6083501351188404 0.8716398980778046 0.6083501351188404 0.9125252026782604 0.580513331986615 0.9403620058104858 0.580513331986615 0.9725483094321214
0 0.2081960900931017 0.8768592986650968 0.22385429185497843 0.7333257825145602 0.3404209049711719 0.7368053829060883 0.33172190399235146 0.8742495983714506
0 0.33172190399235146 0.8751194984693327 0.3404209049711719 0.7368053829060883 0.4535079176958371 0.7368053829060883 0.45234805089866115 0.8733796982735688
0 0.6672687436261594 0.8740390347109376 0.658966799693019 0.7604061771260782 0.7549580264199549 0.7565146409074187 0.764816584840559 0.8732607274672056
0 0.7653354563363802 0.8748173419546693 0.7544391549241337 0.7572929481511507 0.8514681246427118 0.7463966467389038 0.8680720125089927 0.8685908840048141