0 0.09868421052631583 0.6853070175438597 0.12061403508771934 0.5386513157894737 0 0.5317982456140351 0 0.6825657894736842
0 0.09959795321637427 0.6825657894736842 0.12152777777777778 0.5290570175438597 0.20833333333333334 0.5386513157894738 0.19188596491228072 0.6880482456140351
0 0.19279970760233922 0.6853070175438598 0.2101608187134503 0.5400219298245615 0.29605263157894735 0.5455043859649122 0.2823464912280702 0.6921600877192983 0.1937134502923977 0.683936403508772
0 0.28691520467836257 0.6949013157894737 0.2951388888888889 0.5441337719298247 0.37646198830409355 0.5441337719298247 0.37280701754385964 0.6921600877192984
0 0.028326023391812886 0.6853070175438598 2.8567142154097594e-17 0.8497807017543861 0 0.6798245614035089
0 0.0018274853801169798 0.8470394736842106 0.030153508771929835 0.6853070175438597 0.11787280701754387 0.6853070175438598 0.09137426900584797 0.8511513157894738
0 0.09411549707602339 0.8552631578947368 0.11787280701754387 0.6825657894736843 0.20833333333333334 0.6866776315789475 0.19005847953216373 0.8511513157894738
0 0.20559210526315794 0.8566337719298247 0.21564327485380116 0.6921600877192984 0.3645833333333334 0.6921600877192984 0.36001461988304095 0.8538925438596493
2 0.2765467357766427 0.44352417333820926 0.27963319488129273 0.4027829131568289 0.3203744550626731 0.4055607263510139 0.317287995958023 0.4463019865323942
2 0.3170354641630759 0.44692892725041 0.31963767043527624 0.40594417846325453 0.3612729707904819 0.4098474878715551 0.35953816660901494 0.44953113352261037
2 0.35997186765438166 0.44888058195456026 0.3621403728812153 0.41114859100765533 0.4029082711456875 0.4163530035520559 0.39987236382812036 0.4527838913628608
2 0.39943866278275364 0.4553860976350612 0.4029082711456875 0.4157024519840058 0.4428087673194261 0.4209068645284065 0.44107396313795927 0.4592894070433617
2 0.2675935449912693 0.48270926349316484 0.2714968543995698 0.4430256178421095 0.3135658558001421 0.44627837568235995 0.3100962474372083 0.4859620213334153
2 0.31052994848257504 0.48596202133341526 0.31443325789087556 0.4456278241143099 0.3560685582460812 0.4488805819545603 0.35346635197388077 0.4879136760375655
2 0.35346635197388077 0.48986533074171584 0.35693596033681463 0.44692892725041 0.399004961737387 0.45343444293091095 0.3955353533744531 0.49051588230976595
2 0.3955353533744531 0.4918169854458661 0.3981375596466535 0.45343444293091095 0.4406402620925925 0.4579883039072615 0.43760435477502546 0.4963708464222166
2 0.2641239366283355 0.5236940122803203 0.2688946481273695 0.484010366629265 0.3096625463918416 0.4872631244695154 0.3061929380289078 0.5249951154164205
2 0.30706034011964123 0.5269467701205708 0.31052994848257504 0.4898653307417158 0.35129784674704717 0.4918169854458661 0.3491293415202135 0.528247873256671
2 0.349996743610947 0.528247873256671 0.3525989498831474 0.4885642276056156 0.3951016523290864 0.4918169854458661 0.3924994460568861 0.5315006310969215
2 0.3929331471022528 0.5308500795288713 0.39466795128371973 0.491816985445866 0.43543584954819187 0.4950697432861164 0.4341347464120916 0.5334522858010716
2 0.2615217303561351 0.543861110889873 0.2641239366283355 0.5230434607122703 0.30489183489280763 0.5262962185525207 0.30402443280207414 0.5464633171620734
2 0.3040244328020742 0.5458127655940234 0.30575923698354107 0.5269467701205708 0.3486956404748468 0.5301995279608211 0.34739453733874665 0.5477644202981736
2 0.3473945373387466 0.5445116624579232 0.349996743610947 0.5301995279608213 0.39163204396615264 0.5334522858010717 0.3890298376939522 0.5724853798840769 0.3812232188773513 0.5718348283160269 0.3786210126051509 0.5464633171620734
2 0.3890298376939522 0.5724853798840769 0.392499446056886 0.5308500795288713 0.43370104536672494 0.5347533889371718 0.431966241185258 0.574437034588227
2 0.38642763142175185 0.6128195771031822 0.38816243560321884 0.5724853798840769 0.4302314370037911 0.5750875861562772 0.42893033386769097 0.6141206802392825
2 0.38642763142175185 0.6206261959197833 0.3872950335124854 0.6121690255351322 0.42806293177695753 0.6141206802392826 0.42719552968622404 0.6570570837305882 0.3920657450115193 0.6538043258903378
2 0.461891613315562 0.625830608464184 0.46319271645166216 0.5373555952093723 0.4957202948541665 0.5393072499135224 0.4957202948541666 0.6271317116002844
2 0.4623253143609287 0.7208111373994969 0.4623253143609288 0.6245295053280839 0.4961539958995333 0.6264811600322342 0.4952865938087999 0.7208111373994969
2 0.4957202948541666 0.6277822631683343 0.4957202948541666 0.5393072499135224 0.5286815743020378 0.5399578014815726 0.5291152753474044 0.625180056896134
2 0.4957202948541666 0.7195100342633967 0.4957202948541666 0.6238789537600339 0.5295489763927711 0.625830608464184 0.5308500795288713 0.7201605858314468
2 0.5299826774381378 0.6277822631683343 0.5291152753474043 0.5393072499135224 0.5616428537499087 0.5393072499135224 0.5633776579313757 0.6277822631683343
2 0.5317174816196047 0.7195100342633965 0.5304163784835045 0.625830608464184 0.5638113589767423 0.6271317116002844 0.5664135652489428 0.7208111373994969 0.533018584755705 0.7201605858314467
2 0.5655461631582093 0.6284328147363843 0.5625102558406422 0.5393072499135224 0.625830608464184 0.5393072499135224 0.6319024230993182 0.6290833663044344
2 0.5685820704757764 0.7195100342633967 0.5655461631582093 0.6245295053280839 0.632336124144685 0.6271317116002844 0.6375405366890856 0.722112240535597
2 0.46015680913409507 0.8671852402107664 0.46015680913409523 0.7598442314825021 0.4952865938087998 0.7611453346186021 0.49658769694489996 0.8658841370746664
2 0.49788880008100017 0.8671852402107664 0.49702139799026673 0.7617958861866524 0.5321511826649715 0.7630969893227525 0.5334522858010716 0.8652335855066163
2 0.5338859868464384 0.8645830339385661 0.5334522858010716 0.7624464377547024 0.5672809673396761 0.7617958861866523 0.5703168746572431 0.8645830339385661
2 0.5720516788387102 0.8652335855066163 0.5694494725665098 0.7624464377547024 0.6401427429612859 0.7630969893227525 0.64491345446032 0.8645830339385663 0.5733527819748103 0.8671852402107665
2 0.45834994382560174 0.9748148198892896 0.45986598553616054 0.8656598167290581 0.4977670283001298 0.864901795873779 0.4977670283001298 0.973298778178731
2 0.49827237553698267 0.9725407573234516 0.4967563338264239 0.8656598167290582 0.5346573765903931 0.8656598167290582 0.5361734183009519 0.9763308615998485
2 0.5361734183009519 0.9770888824551278 0.5341520293535402 0.8633857541632202 0.5715477248806567 0.8641437750184994 0.5750851555386272 0.9748148198892896
2 0.576095850012333 0.9763308615998483 0.5730637665912155 0.8656598167290581 0.6463391159348892 0.8656598167290581 0.6539193244876833 0.9755728407445691
2 0.7032938010185905 0.5094371763788508 0.7012901149758025 0.4553376532235746 0.7278389550427434 0.45759180002171107 0.7318463271283195 0.5094371763788508
2 0.7068002515934695 0.5635366995341269 0.7012901149758025 0.5094371763788508 0.7353527777031985 0.5109399409109417 0.7413638358315625 0.5642880818001724
2 0.7138131527432275 0.6213931340196307 0.7093048591469544 0.563536699534127 0.7403619928101686 0.5627853172680815 0.7463730509385326 0.6176362226894032
2 0.7198242108715914 0.6672274522484064 0.7163177602967125 0.6176362226894032 0.7473748939599266 0.6191389872214941 0.7493785800027146 0.6672274522484063
2 0.8054817892007788 0.5094371763788508 0.7994707310724148 0.4598459468198476 0.843551824013751 0.46134871135193856 0.8495628821421151 0.5116913231769873
2 0.8014744171152028 0.563536699534127 0.7969661235189298 0.5101885586448962 0.8225131205644769 0.5086857941128052 0.8275223356714468 0.5605311704699449
2 0.8285241786928409 0.5627853172680815 0.8230140420751738 0.5094371763788508 0.8495628821421151 0.5109399409109419 0.8560748617811759 0.5627853172680815
2 0.8225131205644769 0.6183876049554486 0.8049808676900818 0.6168848404233577 0.8004725740938087 0.5620339350020359 0.8165020624361128 0.5627853172680815
2 0.8230140420751738 0.6168848404233577 0.8165020624361128 0.5612825527359905 0.857577626313267 0.5627853172680815 0.8660932919951159 0.6183876049554486
2 0.8170029839468099 0.6732385103767704 0.8089882397756576 0.617636222689403 0.8400453734388719 0.617636222689403 0.8465573530779331 0.6747412749088614
2 0.8480601176100241 0.6739898926428158 0.8400453734388719 0.6183876049554485 0.8675960565272071 0.6191389872214942 0.876111722209056 0.6732385103767704
2 0.7348518561925017 0.7776806453570952 0.7293417195748345 0.7145645350092731 0.7543877951096847 0.7145645350092731 0.7603988532380486 0.7761778808250042
2 0.7348518561925017 0.8415481379709631 0.7298426410855314 0.7754264985589586 0.7619016177701396 0.7754264985589586 0.7669108328771097 0.8407967557049174
2 0.7418647573422595 0.9099239241811036 0.7363546207245927 0.8422995202370085 0.7669108328771097 0.8415481379709628 0.7724209694947767 0.9106753064471492
2 0.7463730509385326 0.9647748296024254 0.7438684433850477 0.9106753064471491 0.7729218910054736 0.9091725419150581 0.7774301846017466 0.968531740932653
2 0.821511277543083 0.7784320276231408 0.816001140925416 0.7160672995413639 0.8390435304174779 0.7138131527432275 0.846056431567236 0.7791834098891862
2 0.846056431567236 0.7776806453570952 0.839544451928175 0.7145645350092731 0.8841264663802079 0.7160672995413639 0.893143053572754 0.7791834098891862
2 0.8405462949495689 0.840045373438872 0.833533393799811 0.776177880825004 0.864089605952328 0.7776806453570952 0.8711025071020859 0.8430509025030539
2 0.8721043501234801 0.8415481379709628 0.8635886844416308 0.7754264985589586 0.8946458181048452 0.7776806453570951 0.9026605622759972 0.8422995202370083
2 0.8385426089067808 0.9069183951169216 0.8315297077570228 0.8438022847690994 0.854572097249085 0.8422995202370085 0.8620859199095401 0.9091725419150581
2 0.862586841420237 0.9106753064471492 0.855573940270479 0.8407967557049175 0.9026605622759972 0.8407967557049174 0.9101743849364521 0.9099239241811036
2 0.852568411206297 0.9692831231986984 0.8460564315672358 0.9061670128508762 0.879618172783935 0.9069183951169216 0.8861301524229961 0.9700345054647438
2 0.8876329169550871 0.9677803586666074 0.880620015805329 0.9091725419150581 0.9116771494685432 0.9084211596490125 0.9151836000434223 0.9317140098964232 0.891139367529966 0.9347195389606051 0.8946458181048452 0.9692831231986984