2 0.09147409187952102 0.6722482790013856 0.10355557571266528 0.5885408553003143 0.1587852160927534 0.5885408553003143 0.1495802760294054 0.6739742052632632
2 0.08744693060180625 0.7576816289643344 0.09780248817307279 0.6722482790013854 0.15360743730712015 0.6731112421323244 0.14670373225960912 0.7568186658333955
2 0.1507308935373239 0.6731112421323245 0.15936052484671268 0.5885408553003143 0.2007827551317788 0.5902667815621923 0.19100250631447152 0.6739742052632632
2 0.14670373225960917 0.7559557027024567 0.15475805481503865 0.6731112421323244 0.19100250631447147 0.6748371683942022 0.18467411002091977 0.7550927395715177
2 0.24738276420247815 0.6722482790013856 0.2554370867579077 0.5894038184312533 0.269819805606889 0.5911297446931311 0.267518570591052 0.6713853158704466
2 0.2399037504010079 0.75336681330964 0.24795807295643738 0.6739742052632633 0.26694326183709277 0.6748371683942022 0.2623407918054187 0.7594075552262121
2 0.0724889029988657 0.8923038773907994 0.08226915181617299 0.8025557117731558 0.14095064472001662 0.8016927486422172 0.1328963221645871 0.8897149879979827
2 0.06040741916572141 0.9742853748299926 0.07076297673698795 0.8931668405217382 0.13117039590270935 0.8914409142598603 0.12196545583936133 0.9716964854371759
2 0.12196545583936134 0.9716964854371761 0.13117039590270935 0.8897149879979824 0.16856546491006072 0.8897149879979824 0.15936052484671268 0.9682446329134203
2 0.13117039590270935 0.8923038773907994 0.1415259534739759 0.8060075642969114 0.17719509621944948 0.8068705274278504 0.16914077366401997 0.8897149879979825
2 0.2519852342341522 0.8914409142598604 0.26061486554354096 0.7999668223803393 0.23645189787725232 0.7982408961184616 0.22782226656786364 0.893166840521738
2 0.22264448778223034 0.9829150061393813 0.24335560292476344 0.9829150061393813 0.2519852342341522 0.8897149879979824 0.2295481928297414 0.8888520248670437
2 0.3464554327022234 0.6728040768994071 0.35161101949838747 0.5900569088209743 0.40522912217849344 0.5916035848598235 0.40213577010079504 0.6735774149188317
2 0.4031668874600279 0.6735774149188317 0.4057446808581099 0.5931502608986727 0.4593627835382158 0.592376922879248 0.4588472248585995 0.6751240909576809
2 0.45936278353821586 0.6751240909576809 0.46039390089744864 0.5931502608986727 0.5140120035775547 0.5931502608986727 0.5140120035775547 0.6720307388799824
2 0.3438776393041414 0.7493645408224431 0.3480021087410726 0.6728040768994071 0.40419800481926077 0.6728040768994071 0.4016202114211786 0.751684554880717
2 0.40110465274156226 0.751684554880717 0.4041980048192606 0.6735774149188316 0.4609094595770651 0.6751240909576809 0.45987834221783225 0.751684554880717
2 0.46039390089744864 0.7509112168612923 0.4609094595770651 0.6751240909576808 0.5155586796164039 0.6766707669965301 0.5150431209367874 0.7524578929001415
2 0.33047311363411486 0.8901120603577214 0.3345975830710461 0.7973114980267686 0.39182459650846696 0.7973114980267686 0.38976236179000134 0.8893387223382967
2 0.39027792046961773 0.8893387223382967 0.39182459650846696 0.796538160007344 0.4511138446643534 0.7973114980267686 0.44956716862550417 0.8862453702605982
2 0.45059828598473695 0.8885653843188721 0.4526605207032026 0.796538160007344 0.511949768859089 0.7980848360461933 0.5109186514998563 0.8870187082800229
2 0.32531752683795084 0.9798192706109756 0.3309886723137313 0.887018708280023 0.3913090378288505 0.8877920462994474 0.38873124443076856 0.9798192706109757
2 0.3892468031103849 0.9782725945721263 0.39285571386769974 0.8885653843188722 0.4526605207032026 0.8893387223382967 0.4521449620235862 0.979045932591551
2 0.4521449620235862 0.9782725945721263 0.4536916380624354 0.8877920462994475 0.5134964448979382 0.8877920462994474 0.5124653275387054 0.9805926086304002
2 0.5588656087041818 0.6681640487828594 0.5562878153060999 0.5869635567432758 0.6124837113842879 0.5869635567432758 0.6160926221416025 0.6658440347245855
2 0.5562878153060998 0.7509112168612923 0.5542255805876342 0.668937386802284 0.6109370353454386 0.6673907107634348 0.6155770634619863 0.7470445267641693
2 0.6160926221416025 0.6666173727440102 0.611452594025055 0.5869635567432759 0.6661018140643938 0.584643542685002 0.6712574008605577 0.6658440347245856
2 0.6171237395008354 0.7478178647835938 0.6124837113842879 0.6666173727440102 0.6691951661420922 0.6658440347245856 0.6753818702974892 0.7462711887447446
2 0.6712574008605577 0.6673907107634348 0.6661018140643938 0.5854168807044267 0.718688799385267 0.5838702046655775 0.7269377382591294 0.6650706967051611
2 0.677959663695571 0.7470445267641693 0.6712574008605579 0.6658440347245855 0.7274532969387459 0.6642973586857365 0.735186677132992 0.7454978507253199
2 0.5619589607818801 0.8885653843188721 0.5578344913449489 0.7980848360461933 0.6171237395008355 0.7949914839684947 0.622794884976616 0.8846986942217491
2 0.5650523128595787 0.9852326367469478 0.5604122847430311 0.8870187082800228 0.6222793262969994 0.8854720322411738 0.6279504717727799 0.9813659466498248
2 0.6227948849766158 0.8877920462994474 0.6171237395008354 0.792671469910221 0.677959663695571 0.7926714699102209 0.684146367850968 0.8846986942217491
2 0.62795047177278 0.9829126226886741 0.6222793262969996 0.8854720322411737 0.684146367850968 0.8831520181828999 0.6908486306859812 0.9790459325915508
2 0.6831152504917353 0.8877920462994474 0.676412987656722 0.7942181459490703 0.7331244424145262 0.792671469910221 0.7418889399680052 0.8854720322411738
2 0.6903330720063647 0.9805926086304002 0.6825996918121188 0.8854720322411738 0.7429200573272381 0.8846986942217491 0.7511689962011006 0.9767259185332772
2 0.8064078532080524 0.5033890163101183 0.7998383391289645 0.44836933589775635 0.8294011524848603 0.44836933589775635 0.8365181260705392 0.5001042592705743
2 0.8146197458069125 0.5608722645021383 0.8053129341948712 0.5009254485304604 0.8507520732418965 0.5001042592705743 0.8589639658407564 0.5543027504230503
2 0.8244740169255445 0.6117859986150703 0.8179045028464565 0.5551239396829363 0.8474673162023525 0.5551239396829363 0.8545842897880314 0.6109648093551844
2 0.8315909905112232 0.6659844897675464 0.8239265574189539 0.6117859986150704 0.8671758584396166 0.6101436200952984 0.8742928320252953 0.6659844897675464
2 0.9213743495920927 0.49928307001068833 0.912614997486642 0.45165409293730024 0.9476524059084447 0.4532964714570723 0.9564117580138953 0.5025678270502323
2 0.9399879728161753 0.5551239396829364 0.9301337016975432 0.49928307001068833 0.958601596040258 0.5017466377903463 0.9679084076522994 0.5551239396829364
2 0.9383455942964032 0.6117859986150703 0.9290387826843619 0.5551239396829364 0.9706457051852526 0.5567663182027084 0.9804999763038845 0.6101436200952983
2 0.9596965150534392 0.6651633005076604 0.948747324921626 0.6109648093551844 0.9804999763038845 0.6101436200952983 0.9909017069291073 0.6659844897675464
2 0.8381605045903112 0.7768450398521565 0.8310435310046327 0.7103287098013904 0.8797674270912019 0.7078651420217325 0.8874318601834713 0.7694543365131826
2 0.8540368302814405 0.8376130450837206 0.846919856695762 0.7694543365131826 0.8808623461043832 0.7686331472532966 0.8885267791966525 0.8351494773040625
2 0.8556792088012126 0.9065929429141447 0.8474673162023525 0.8359706665639484 0.8967386717955127 0.8367918558238346 0.9060454834075539 0.9041293751344867
2 0.8660809394264353 0.9788575977841126 0.8584165063341659 0.9041293751344867 0.8934539147559687 0.9041293751344867 0.9038556453811913 0.9772152192643405
2 0.9772152192643405 0.8367918558238344 0.9657185696259366 0.7678119579934104 1 0.7669907687335245 1 0.8359706665639485