1 0.3778071631034475 0.7535036716644176 0.3815008085527829 0.6814775854023777 0.4242415630379494 0.6806860899489486 0.422130908495472 0.7519206807575596
1 0.4210755812242334 0.7542951671178467 0.4226585721310914 0.6806860899489486 0.4659269902518772 0.6806860899489485 0.465399326616258 0.7511291853041306
1 0.4638163357093999 0.7527121762109886 0.46487166298063864 0.6814775854023777 0.5081400811014245 0.6814775854023777 0.5070847538301858 0.7511291853041306
1 0.5065570901945664 0.6814775854023777 0.5498255083153524 0.6806860899489486 0.5503531719509717 0.7519206807575596 0.5076124174658052 0.7519206807575596 0.5070847538301858 0.6814775854023777
1 0.5514084992222104 0.7511291853041306 0.5503531719509717 0.6798945944955197 0.6089238355047184 0.6791030990420908 0.6120898173184345 0.7487546989438436
1 0.3741135176541121 0.8199892897524544 0.37727949946782807 0.7511291853041306 0.43796081756405225 0.7511291853041306 0.4363778266571942 0.8215722806593125
1 0.43796081756405225 0.8215722806593125 0.43954380847091024 0.7511291853041306 0.4833398902273155 0.7511291853041306 0.4822845629560768 0.8223637761127416
1 0.4822845629560768 0.8223637761127416 0.4833398902273155 0.7503376898507016 0.5260806447124821 0.7519206807575596 0.5266083083481015 0.8231552715661704 0.4828122265916962 0.8223637761127416
1 0.5266083083481015 0.8223637761127416 0.5266083083481014 0.7511291853041306 0.5698767264688873 0.7519206807575596 0.5704043901045065 0.8231552715661704
1 0.570932053740126 0.8239467670195996 0.5693490628332679 0.7503376898507015 0.6126174809540538 0.7511291853041306 0.6163111264033891 0.8231552715661704
1 0.36778155402668 0.8967643487350684 0.37253052674725406 0.8199892897524543 0.4152712812324207 0.8215722806593126 0.4136882903255626 0.8959728532816394
1 0.41316062668994324 0.8991388350953554 0.4157989448680399 0.8215722806593126 0.46117801753130316 0.8215722806593124 0.4601226902600645 0.8991388350953553
1 0.4595950266244452 0.8983473396419265 0.4611780175313032 0.8199892897524543 0.5060294265589471 0.8207807852058835 0.5060294265589471 0.8975558441884975
1 0.5055017629233278 0.8991388350953554 0.5065570901945664 0.8231552715661704 0.5514084992222104 0.8231552715661706 0.5519361628578296 0.8975558441884975
1 0.552463826493449 0.8999303305487845 0.5508808355865911 0.8231552715661704 0.6142004718609118 0.8231552715661704 0.6163111264033893 0.8983473396419265
1 0.3635602449417253 0.9735394077176824 0.366198563119822 0.8959728532816393 0.43110119030100086 0.8983473396419265 0.4289905357585234 0.9743309031711113
1 0.4279352084872848 0.9751223986245404 0.42951819939414276 0.8975558441884975 0.4770079265998834 0.8959728532816393 0.47648026296426405 0.9735394077176824
1 0.4759525993286447 0.9759138940779695 0.4759525993286447 0.8967643487350684 0.5234423265343854 0.8959728532816394 0.5239699901700046 0.9751223986245404
1 0.5244976538056241 0.9759138940779695 0.5239699901700046 0.8967643487350684 0.5709320537401259 0.8991388350953556 0.5735703719182226 0.9782883804382564
1 0.5735703719182227 0.9790798758916854 0.5714597173757453 0.8967643487350684 0.6163111264033893 0.8983473396419265 0.6194771082171052 0.9782883804382564 0.5735703719182226 0.9774968849848273
2 0.4015520267063178 0.6806860899489486 0.40471800852003387 0.6149919673143409 0.4569567084463485 0.617366453674628 0.45642904481072916 0.6806860899489485
2 0.4559013811751098 0.6806860899489486 0.4580120357175872 0.6165749582211988 0.5113060629151405 0.617366453674628 0.5107783992795212 0.6814775854023777
2 0.5113060629151406 0.6814775854023777 0.5113060629151405 0.6165749582211988 0.5646000901126939 0.6197409400349149 0.5651277537483131 0.6791030990420908 0.5107783992795212 0.6798945944955197
0 0.8352522991686204 0.12210256068354831 0.9046207104555057 0.12847312906703778 0.9187775290854823 0.19854938128542204 0.8515326405930935 0.1932405742991808 0.8494091177985972 0.1996111426826703
0 0.8671418128654971 0.29605263157894735 0.8525219298245615 0.19325657894736842 0.9247076023391813 0.19873903508771937 0.9411549707602341 0.3029057017543861
0 0.8634868421052633 0.2974232456140351 0.9411549707602339 0.30564692982456143 0.9566885964912281 0.3988486842105263 0.8799342105263158 0.39473684210526316
0 0.9055190058479532 0.12883771929824564 1 0.13843201754385964 0.9996345029239766 0.21244517543859653 0.9256213450292398 0.20833333333333334 0.9256213450292398 0.20010964912280702 0.9192251461988304 0.20148026315789475
0 0.9438961988304093 0.3056469298245615 0.9265350877192983 0.20696271929824567 1 0.21107456140350878 0.9996345029239766 0.3111293859649123
0 0.9576023391812866 0.40021929824561403 0.9402412280701754 0.30564692982456143 1 0.31387061403508776 1 0.4029605263157895
0 0.9000365497076024 0.6099232456140351 0.8826754385964914 0.48656798245614036 0.9685672514619883 0.48519736842105254 0.988669590643275 0.6126644736842105 0.9009502923976608 0.6085526315789473
0 0.9192251461988304 0.7620614035087719 0.9000365497076025 0.6099232456140352 0.9895833333333335 0.6099232456140351 1 0.7003837719298247 0.9987207602339181 0.762061403508772
0 0.9329312865497076 0.9224232456140351 0.9128289473684212 0.7593201754385966 1 0.762061403508772 1 0.918311403508772
0 0.9895833333333334 0.6208881578947368 0.96765350877193 0.48793859649122806 1 0.4879385964912281 0.9996345029239766 0.6208881578947368