0 0.605878917294949 0.6076842775967816 0.6076388888888888 0.4440789473684211 0.7501827485380117 0.43585526315789475 0.7416420119927446 0.5979353319668865
0 0.7409198678720116 0.5957688996046877 0.7517520296830058 0.4354529048019717 0.892570133225932 0.4278703915342757 0.8781272508112732 0.5871031701558922 0.7430863002342104 0.5968521157857871
0 0.878849394932006 0.5871031701558923 0.8932922773466648 0.43003682389647463 0.990781733645614 0.42462074299097746 0.972005986506557 0.5827703054314944
0 0.6037124849327503 0.7452527325964095 0.6051567731742161 0.6055178452345826 0.7409198678720116 0.5968521157857871 0.7329762825439491 0.734420570785415
0 0.7344205707854151 0.736587003147614 0.7401977237512787 0.5957688996046876 0.8774051066905402 0.5827703054314944 0.8636843683966139 0.7290044898799178 0.7365870031476138 0.7355037869665144
0 0.8651286566380798 0.7300877060610174 0.8781272508112732 0.5838535216125941 0.9727281306272901 0.581687089250395 0.9539523834882333 0.7225051927933211
0 0.5986574760876197 0.8741554581472418 0.6001017643290854 0.742003084053111 0.7308098501817503 0.7322541384232162 0.7228662648536878 0.8557407830685514
0 0.7243105530951538 0.8579072154307504 0.7308098501817503 0.734420570785415 0.8600736477929491 0.7257548413366196 0.847797197740489 0.852491134525253
0 0.846352909499023 0.8546575668874521 0.8607957919136822 0.7268380575177189 0.9532302393675004 0.7225051927933211 0.9380652128321083 0.8568239992496508
0 0.6054404676785087 0.9671174511793406 0.7218422554718799 0.9614485329426503 0.7203305439420958 1 0.6009053330891565 1
0 0.7210863997069878 1 0.7218422554718797 0.9637161002373265 0.8420233220897112 0.9569133983532984 0.8397557547950351 1
0 0.8397557547950352 1 0.8420233220897112 0.9569133983532984 0.9289467350522934 0.9501106964692702 0.9251674562278334 1
2 0.04566423417285257 0.5303574626075592 0.11350823922966212 0.5264433853927434 0.12264108606423263 0.5939612173483182 0.05414473480495377 0.5978752945631343
2 0.121336393659294 0.5949397366520222 0.11285589302719279 0.5313359819112632 0.13764504872102704 0.5274219046964473 0.14677789555559756 0.5939612173483182
2 0.06653931265187091 0.6614790493038931 0.05675411961483108 0.5998323331705421 0.10241835378768363 0.5959182559557262 0.1128558930271928 0.657564972089077
2 0.11742231644447806 0.657564972089077 0.10894181581237687 0.5939612173483183 0.14677789555559756 0.5920041787409103 0.15395370378276008 0.6546294141779652
2 0.0782815442963187 0.7172546496150202 0.06849635125927887 0.6624575686075971 0.13764504872102704 0.6546294141779652 0.1448208569481896 0.7152976110076121
2 0.14612554935312827 0.7123620530965002 0.13764504872102704 0.6556079334816691 0.15525839618769877 0.6546294141779652 0.161781858212392 0.7104050144890924
2 0.21853597782722306 0.7045338986668684 0.21136016960006054 0.6487582983557413 0.23158290187660951 0.6448442211409254 0.23810636390130271 0.7015983407557564 0.21984067023216167 0.7035553793631644
2 0.2107078233975912 0.6497368176594452 0.20483670757536726 0.5880901015260944 0.22636413225685495 0.5871115822223903 0.2341922866864868 0.6458227404446293
2 0.3046456765531736 0.2651787313037796 0.39075537527912424 0.2583290961778517 0.3848842594569003 0.15949864650374934 0.29877456073094966 0.16536976232597328
2 0.3901030290766549 0.26224317339266767 0.3848842594569003 0.1653697623259733 0.440986032869262 0.1634127237185653 0.44359541767913935 0.26028613478525975
2 0.44229072527420077 0.26126465408896377 0.4403336866667928 0.1634127237185653 0.4938260752692772 0.16243420441486128 0.49447842147174653 0.2583290961778517
2 0.30855975376798955 0.3561810265482501 0.303340984148235 0.26420021200007565 0.38749364426677757 0.2563720575704438 0.39010302907665495 0.3493313914223222
2 0.3901030290766549 0.3522669493334341 0.38618895186183905 0.25930761548155573 0.4416383790717313 0.2583290961778518 0.44229072527420077 0.35128843002973015
2 0.44229072527420066 0.3532454686371382 0.4403336866667928 0.2583290961778517 0.49317372906680784 0.2563720575704438 0.49317372906680784 0.3463958335112102
2 0.31247383098280546 0.4432692445779047 0.3072550613630509 0.3532454686371382 0.38879833667171626 0.3493313914223222 0.3927124138865321 0.4354410901482728
2 0.3914077214815936 0.43837664805938475 0.3874936442667776 0.3503099107260262 0.4416383790717314 0.3493313914223222 0.44229072527420066 0.43641960945197683
2 0.44229072527420066 0.4344625708445688 0.4403336866667928 0.34737435281491424 0.4925213828643386 0.34737435281491424 0.4938260752692772 0.4305484936297529
2 0.32095433161490666 0.5577560031112707 0.3144308695902135 0.4775174202075442 0.39206006768406293 0.47164630438532024 0.3966264911013482 0.548949329377935
2 0.396626491101348 0.5528634065927509 0.39075537527912424 0.47164630438532024 0.44359541767913935 0.4706677850816163 0.44620480248901667 0.548949329377935
2 0.44490011008407787 0.5518848872890468 0.4416383790717314 0.4706677850816163 0.49121669045939986 0.46479666925939234 0.4925213828643386 0.546013771466823
2 0.323563716424784 0.6282093929779576 0.31899729300749874 0.5538419258964549 0.3959741448988788 0.546992290770527 0.39923587591122545 0.6194027192446218
2 0.39727883730381747 0.6252738350668456 0.39466945249394014 0.549927848681639 0.44490011008407804 0.546992290770527 0.4462048024890166 0.6203812385483257
2 0.4455524562865473 0.6233167964594376 0.44359541767913935 0.546992290770527 0.49317372906680784 0.5450352521631191 0.49317372906680784 0.6203812385483258
2 0.3268254474371306 0.7045338986668684 0.32356371642478404 0.6282093929779576 0.39858352970875616 0.6203812385483259 0.40119291451863337 0.6986627828446447
2 0.40054056831616397 0.6967057442372364 0.39793118350628676 0.6223382771557338 0.44490011008407787 0.6184241999409179 0.44620480248901667 0.6908346284150125
2 0.44620480248901667 0.6927916670224207 0.4442477638816087 0.6194027192446218 0.4925213828643386 0.6194027192446218 0.49056434425693063 0.6878990705039006