0 0.37407241336044905 0.6770919660826005 0.3712860266687511 0.5517045649561929 0.47298914091572597 0.5517045649561929 0.471595947569877 0.6770919660826004
0 0.47229254424280165 0.6770919660826005 0.4722925442428016 0.5527494599655797 0.5726024651439275 0.5517045649561929 0.569119481779305 0.6718674910356668
0 0.5698160784522296 0.6551491708854793 0.5726024651439275 0.5496147749374195 0.5684228851063807 0.5318515597778452 0.6380825523988293 0.5297617697590717 0.6332063756883578 0.6541042758760925
0 0.6339029723612825 0.6509695908479324 0.6394757457446782 0.5308066647684584 0.7077422196912777 0.5297617697590717 0.7000796562891085 0.6509695908479324
0 0.374072413360449 0.7805365720118866 0.3698928333229021 0.66768791099812 0.37476901003337354 0.6760470710732138 0.4388559039424263 0.6760470710732138 0.4388559039424263 0.7857610470588203
0 0.4395525006153508 0.7847161520494337 0.4388559039424263 0.6760470710732138 0.5099087645807238 0.6770919660826006 0.5078189745619504 0.7899406270963671
0 0.5085155712348749 0.7930753121245275 0.5085155712348748 0.6760470710732136 0.6060391054443028 0.6791817561013739 0.601859525406756 0.7941202071339141
0 0.6060391054443028 0.6760470710732136 0.700776252962033 0.6760470710732137 0.6931136895598636 0.7941202071339141 0.600466332060907 0.790985522105754
0 0.36780304330412866 0.9080137631570677 0.3650166566124307 0.7982997871714611 0.4590572074572362 0.7982997871714611 0.4597538041301607 0.9090586581664544
0 0.4597538041301608 0.9027892881101339 0.45975380413016087 0.7962099971526877 0.551704564956193 0.7962099971526877 0.5496147749374195 0.9017443931007473
0 0.550311371610344 0.8986097080725871 0.5524011616291176 0.7920304171151408 0.622060828921566 0.7920304171151408 0.6164880555381701 0.8986097080725871
0 0.6171846522110946 0.902789288110134 0.6234540222674151 0.7920304171151408 0.6903273028681657 0.7930753121245275 0.6826647394659964 0.8986097080725871
0 0.3726792200146001 0.9748870437578184 0.46184359414893417 0.9727972537390449 0.4604504008030852 1 0.3726792200146 0.9999645239830997
0 0.46045040080308536 0.9738421487484317 0.5489181782644951 0.971752358729658 0.5482215815915705 1 0.4611469974760097 1
0 0.5496147749374196 1 0.5496147749374196 0.9696625687108847 0.6060391054443028 0.9675727786921111 0.6046459120984539 1
0 0.6053425087713784 0.9999645239830999 0.6067357021172274 0.9644380936639511 0.6666430159887332 0.9654829886733378 0.6652498226428843 1
1 0.750931213412596 0.4231824788016253 0.7565039867959918 0.3563091982008746 0.7913338204422162 0.3542194081821011 0.7843678537129714 0.42422737381101205
1 0.7439652466833512 0.490055759402376 0.7481448267208981 0.4231824788016253 0.7843678537129714 0.42422737381101205 0.7801882736754244 0.4890108643929892
1 0.7376958766270306 0.551704564956193 0.7418754566645778 0.49005575940237595 0.780884870348349 0.48901086439298924 0.7760086936378775 0.551704564956193
1 0.7293367165519369 0.6081288954630762 0.7328196999165593 0.5506596699468063 0.7753120969649528 0.5506596699468063 0.7704359202544816 0.5976799453692091 0.750931213412596 0.6112635804912366
1 0.8129283173028752 0.6091737904724631 0.8178044940133465 0.5485698799280327 0.8435785709115525 0.5506596699468063 0.8373092008552323 0.6070840004536897
1 0.8185010906862712 0.5506596699468063 0.822680670723818 0.4869210743742158 0.851241134313722 0.4869210743742158 0.8463649576032505 0.5506596699468063
1 0.8240738640696671 0.48692107437421583 0.8303432341259873 0.4231824788016253 0.8602968910617402 0.4231824788016253 0.8554207143512689 0.485876179364829
1 0.8296466374530629 0.42527226882039876 0.8359160075093832 0.3542194081821011 0.8672628577909851 0.3542194081821011 0.8623866810805135 0.4221375837922386
1 0.8630832777534382 0.4221375837922386 0.8672628577909853 0.3542194081821011 0.924383784970793 0.3510847231539409 0.9202042049332461 0.41795800375469166
1 0.8540275210054199 0.485876179364829 0.8602968910617402 0.4221375837922386 0.9167212215686238 0.42004779377346513 0.9090586581664544 0.4848312843554423
1 0.8456683609303262 0.5485698799280327 0.8519377309866464 0.48587617936482896 0.9069688681476811 0.48274149433666885 0.900002901418436 0.5475249849186461
1 0.8380057975281566 0.6049942104349161 0.8442751675844772 0.5475249849186461 0.8993063047455115 0.5464800899092593 0.8923403380162667 0.6039493154255294
1 0.9209008016061706 0.41900289876407837 0.924383784970793 0.3510847231539409 0.9787183254589031 0.3479500381257808 0.9745387454213561 0.41377842371714474
1 0.9090586581664544 0.4827414943366689 0.9174178182415481 0.41795800375469166 0.9696625687108845 0.41377842371714474 0.9626966019816396 0.4796068093085086
1 0.9006994980913605 0.5464800899092593 0.9076654648206054 0.48274149433666885 0.9606068119628663 0.4806517043178954 0.9522476518877725 0.5454351948998726
1 0.8930369346891913 0.6039493154255294 0.9006994980913605 0.5433454048810992 0.9494612651960748 0.5412556148623257 0.943191895139754 0.6008146303973693
1 0.7342128932624085 0.7147081864205227 0.7397856666458043 0.6572389609042527 0.7669529368898592 0.6582838559136395 0.7634699535252367 0.7147081864205227
1 0.7314265065707105 0.7700876219180194 0.7349094899353328 0.7147081864205226 0.7620767601793877 0.7147081864205226 0.7585937768147654 0.7679978318992459
1 0.72515713651439 0.8150181073216488 0.7286401198790124 0.767997831899246 0.7585937768147654 0.7679978318992459 0.7544141967772187 0.813973212312262
1 0.719584363130994 0.8432302725750904 0.720977556476843 0.8181527923498089 0.7544141967772187 0.8160630023310356 0.7502346167396714 0.8630832777534384 0.7230673464956164 0.8662179627815985
1 0.802479367209008 0.713663291411136 0.8073555439194793 0.6572389609042527 0.8428819742386282 0.6541042758760925 0.8387023942010812 0.7126183964017493
1 0.7976031904985365 0.7659080418804723 0.8010861738631591 0.7136632914111359 0.8373092008552323 0.7126183964017492 0.8303432341259875 0.7648631468710857
1 0.7927270137880652 0.8129283173028754 0.7969065938256121 0.7627733568523122 0.8317364274718365 0.7617284618429254 0.824073864069667 0.8139732123122619
1 0.7892440304234428 0.8630832777534384 0.7927270137880652 0.8118834222934886 0.822680670723818 0.8118834222934886 0.8164113006674978 0.8620383827440516
1 0.8393989908740058 0.7094837113735891 0.8435785709115525 0.6530593808667058 0.8937335313621156 0.6499246958385456 0.8888573546516442 0.7073939213548156 0.8421853775657036 0.713663291411136
1 0.8303432341259875 0.7659080418804725 0.8373092008552323 0.7105286063829757 0.8902505479974931 0.7053041313360421 0.8818913879223993 0.759638671824152
1 0.824073864069667 0.8129283173028754 0.829646637453063 0.7627733568523122 0.8818913879223993 0.7585937768147653 0.8763186145390034 0.809793632274715
1 0.8164113006674978 0.8620383827440516 0.824073864069667 0.8118834222934886 0.875622017866079 0.8087487372653284 0.8700492444826831 0.8578588027065046
1 0.8895539513245687 0.7105286063829758 0.8930369346891911 0.6488798008291589 0.9438884918126786 0.6467900108103855 0.9376191217563584 0.7042592363266554
1 0.8804981945765505 0.7606835668335389 0.8895539513245687 0.7063490263454288 0.9376191217563583 0.702169446307882 0.9306531550271134 0.7565039867959918
1 0.875622017866079 0.8118834222934885 0.881194791249475 0.7585937768147653 0.9299565583541889 0.7554590917866051 0.922990591624944 0.8035242622183948
1 0.871442437828532 0.8578588027065047 0.875622017866079 0.8087487372653284 0.9202042049332463 0.802479367209008 0.913934834876926 0.8547241176783446
1 0.9404055084480563 0.8338262174906099 0.9494612651960745 0.7460550367021245 1 0.7470999317115112 1 0.8056140522371681 0.9989196289737131 0.8306915324624496
1 0.9494612651960745 0.7481448267208981 0.9606068119628663 0.6697777010168935 0.9717523587296581 0.6760470710732137 1 0.6760470710732137 0.9996162256466375 0.7470999317115112
1 0.9682693753650357 0.6164880555381701 0.9822013088235253 0.5203577146745911 1 0.5203577146745911 1 0.617532950547557