0 0.037463450292397664 0.32894736842105265 0.05847953216374271 0.2083333333333334 5.1940258461995625e-18 0.20833333333333343 0 0.29331140350877205 0.015533625730994162 0.2905701754385966
0 0.045687134502924 0.2069627192982456 0.066703216374269 0.09457236842105267 0 0.09320175438596494 0.0009137426900584795 0.20559210526315794
0 0.06761695906432749 0.09457236842105264 0.08589181286549707 0 0 0 0 0.09594298245614036
0 0.23483187134502925 0.09457236842105264 0.3527046783625731 0.09868421052631582 0.358187134502924 1.5582077538598687e-17 0.2412280701754386 0
0 0.35453216374269003 0.10279605263157897 0.35818713450292405 1.5582077538598687e-17 0.47331871345029247 0.009594298245614051 0.46966374269005856 0.1055372807017544
0 0.47057748538011696 0.10964912280701757 0.4733187134502924 0.004111842105263197 0.5500730994152047 0.012335526315789474 0.5528143274853802 0.112390350877193
0 0.21564327485380116 0.20285087719298245 0.22569444444444448 0.09183114035087722 0.34813596491228077 0.09868421052631582 0.3417397660818713 0.2110745614035088
0 0.34265350877192985 0.21244517543859648 0.3508771929824561 0.10005482456140351 0.4669225146198831 0.11239035087719298 0.4641812865497077 0.2206688596491228
0 0.4678362573099415 0.21655701754385964 0.46966374269005856 0.10553728070175442 0.5491593567251462 0.11513157894736845 0.5500730994152047 0.22203947368421056
0 0.1964546783625731 0.30838815789473684 0.20924707602339182 0.20285087719298245 0.33717105263157904 0.21107456140350878 0.32894736842105265 0.3179824561403509
0 0.3307748538011696 0.31935307017543857 0.338998538011696 0.20970394736842105 0.46509502923976614 0.2220394736842106 0.4596125730994153 0.33031798245614036
0 0.4641812865497077 0.3303179824561404 0.46509502923976614 0.21518640350877197 0.5519005847953217 0.22066885964912286 0.5528143274853801 0.337171052631579
0 0.16355994152046788 0.5455043859649122 0.17726608187134502 0.4111842105263159 0.30884502923976614 0.4180372807017544 0.2978801169590643 0.5537280701754386
0 0.3006213450292399 0.5537280701754386 0.3115862573099415 0.4111842105263159 0.44316520467836257 0.42077850877192985 0.44042397660818716 0.5578399122807017
0 0.4422514619883042 0.5550986842105264 0.4459064327485381 0.40844298245614036 0.5381944444444445 0.4111842105263159 0.5418494152046784 0.5564692982456141 0.44499269005847963 0.5578399122807018
0 0.13706140350877197 0.699013157894737 0.15716374269005848 0.5482456140350878 0.2987938596491228 0.5509868421052633 0.28691520467836257 0.7058662280701755
0 0.28965643274853803 0.7086074561403509 0.2997076023391813 0.552357456140351 0.43951023391812866 0.5605811403508774 0.43768274853801176 0.7209429824561405
0 0.43768274853801176 0.7195723684210528 0.4413377192982456 0.5550986842105264 0.5409356725146199 0.5592105263157895 0.5436769005847955 0.7195723684210527
0 0.10782163742690058 0.8689692982456141 0.133406432748538 0.6962719298245615 0.2850877192982456 0.7044956140350879 0.26864035087719296 0.874451754385965
0 0.27503654970760233 0.8771929824561403 0.2878289473684211 0.7113486842105264 0.43494152046783624 0.7154605263157896 0.4340277777777778 0.8813048245614035
0 0.4340277777777778 0.8785635964912281 0.4367690058479533 0.7154605263157896 0.5418494152046784 0.7168311403508771 0.5445906432748538 0.8813048245614037
1 0.5662765337139539 0.54186806243318 0.564023444057267 0.44047902788227317 0.6368733429568074 0.4382259382255863 0.6421305521557434 0.5396149727764932
1 0.6421305521557434 0.5384884279481498 0.6368733429568075 0.4370993933972429 0.7104742717419102 0.4382259382255863 0.7209886901397821 0.5396149727764932
1 0.7217397200253443 0.5384884279481498 0.7089722119707856 0.43935248305392965 0.7818221108703262 0.43935248305392965 0.7945896189248849 0.5384884279481498
1 0.5722847727984521 0.6432570969840868 0.5677785934850783 0.54186806243318 0.6428815820413056 0.54186806243318 0.6488898211258038 0.6432570969840867
1 0.6488898211258038 0.6443836418124301 0.6413795222701811 0.5384884279481497 0.7217397200253444 0.5362353382914629 0.7284989889954049 0.6376243728423698
1 0.7284989889954048 0.6387509176707133 0.7187356004830953 0.5373618831198063 0.795340648810447 0.5396149727764931 0.8073571269794434 0.6410040073273999
1 0.5760399222262633 0.8280104488324058 0.5707827130273274 0.7052170625429742 0.6503918808969283 0.7040905177146308 0.6548980602103022 0.8268839040040624 0.5775419819973879 0.8268839040040624
1 0.6586532096381135 0.8313900833174362 0.651893940668053 0.7040905177146309 0.7352582579654653 0.6984577935729138 0.7420175269355258 0.8291369936607493
1 0.7420175269355257 0.8302635384890928 0.7330051683087784 0.7029639728862874 0.8141163959495041 0.7007108832296007 0.8261328741185002 0.8280104488324058
1 0.5790440417685124 0.9541834696068677 0.5730358026840143 0.8291369936607493 0.657902179752551 0.8257573591757192 0.6624083590659249 0.9541834696068678
1 0.6714207176926721 0.9530569247785243 0.6586532096381134 0.8302635384890927 0.7412664970499634 0.8291369936607493 0.7487767959055862 0.9530569247785243
1 0.7562870947612088 0.9553100144352112 0.7442706165922126 0.8313900833174362 0.8261328741185002 0.8325166281457796 0.8381493522874968 0.9620692834052718