0 0.010051169590643274 0.7127192982456141 0.03654970760233919 0.5578399122807018 0.14071637426900585 0.5660635964912282 0.11787280701754387 0.7113486842105263
0 0.0356359649122807 0.5592105263157895 0.06487573099415207 0.4084429824561404 0.16173245614035087 0.4152960526315789 0.1388888888888889 0.5646929824561403
0 0.0804093567251462 0.4070723684210527 0.09959795321637427 0.293311403508772 0.1909722222222222 0.29879385964912286 0.1736111111111111 0.43037280701754393 0.1599049707602339 0.4139254385964913
0 0.179093567251462 0.43037280701754393 0.19462719298245618 0.3015350877192983 0.3216374269005848 0.30975877192982454 0.3079312865497076 0.44544956140350883
0 0.1516812865497076 0.571546052631579 0.1717836257309942 0.4248903508771929 0.30427631578947373 0.4385964912280703 0.29239766081871343 0.5825109649122808
0 0.12609649122807018 0.7113486842105263 0.1461988304093568 0.5715460526315791 0.2887426900584796 0.5825109649122808 0.27503654970760233 0.7154605263157895
0 0.31524122807017546 0.4468201754385965 0.32711988304093575 0.3220942982456141 0.4504751461988304 0.3358004385964912 0.4422514619883042 0.4550438596491228
0 0.2987938596491228 0.5783991228070176 0.31250000000000006 0.4427083333333333 0.4422514619883043 0.4550438596491228 0.43585526315789475 0.6016995614035088 0.42489035087719296 0.586622807017544
0 0.27777777777777785 0.7209429824561405 0.291483918128655 0.5783991228070177 0.42671783625731013 0.5879934210526317 0.423062865497076 0.7236842105263158
0 0.5674342105263158 0.7373903508771931 0.5628654970760235 0.5783991228070176 0.6423611111111112 0.5825109649122807 0.647843567251462 0.7401315789473686
0 0.647843567251462 0.7401315789473685 0.6405336257309941 0.5783991228070177 0.7172880116959064 0.5770285087719299 0.7328216374269005 0.7415021929824561
0 0.7182017543859649 0.5756578947368421 0.7949561403508771 0.5770285087719299 0.8123172514619883 0.7401315789473685 0.7319078947368421 0.7387609649122807
0 0.7967836257309941 0.5783991228070176 0.8698830409356727 0.5797697368421053 0.8918128654970762 0.7415021929824562 0.8123172514619885 0.737390350877193
0 0.870796783625731 0.5797697368421053 0.9375000000000001 0.5838815789473686 0.9649122807017544 0.7401315789473686 0.8918128654970761 0.742872807017544
0 0.5674342105263158 0.581140350877193 0.5610380116959065 0.43448464912280704 0.6350511695906433 0.4331140350877193 0.6432748538011697 0.581140350877193
0 0.6414473684210527 0.5783991228070176 0.6341374269005848 0.4317434210526315 0.7054093567251463 0.4331140350877194 0.7191154970760234 0.5783991228070177
0 0.7182017543859649 0.5797697368421053 0.7054093567251463 0.43722587719298256 0.7785087719298246 0.43722587719298256 0.7958698830409356 0.5797697368421053
0 0.7949561403508771 0.581140350877193 0.7785087719298247 0.43996710526315796 0.8497807017543859 0.4440789473684211 0.8680555555555557 0.581140350877193
0 0.8680555555555556 0.5825109649122807 0.8506944444444446 0.44544956140350883 0.9164839181286549 0.4468201754385965 0.9384137426900585 0.5879934210526317
0 0.5656067251461989 0.4358552631578948 0.5592105263157895 0.3111293859649123 0.6277412280701755 0.31112938596491235 0.6359649122807018 0.4344846491228071
0 0.6359649122807017 0.43311403508771934 0.626827485380117 0.30838815789473684 0.6990131578947368 0.3111293859649123 0.7081505847953217 0.4399671052631579
0 0.7063230994152047 0.43859649122807026 0.6971856725146199 0.30975877192982454 0.767543859649123 0.3125 0.78125 0.44133771929824567
0 0.78125 0.4413377192982456 0.7666301169590644 0.31112938596491235 0.8342470760233918 0.3179824561403509 0.851608187134503 0.449561403508772
0 0.851608187134503 0.4427083333333333 0.834247076023392 0.3152412280701755 0.8963815789473686 0.32209429824561403 0.918311403508772 0.44819078947368424
0 0.5513164746841583 0.2516879558340723 0.5467507067778713 0.1463899334953277 0.608959294501032 0.14810209646018535 0.6163786673487485 0.248263629904357
0 0.6101007364776038 0.14810209646018538 0.674592208153908 0.149814259425043 0.6860066279196255 0.2525440373165011 0.6169493883370343 0.2499757928692146
0 0.6757336501304798 0.15152642238990063 0.7373715168653546 0.15323858535475834 0.7482152156427865 0.2516879558340723 0.6860066279196255 0.2508318743516434
0 0.7379422378536405 0.1540946668371871 0.7984386626119437 0.15580682980204474 0.8127066873190906 0.2551122817637876 0.7476444946545006 0.25425620028135876
0 0.7984386626119437 0.1566629112844735 0.8600765293468184 0.1583750742493312 0.8789103219602525 0.2559683632462163 0.8132774083073765 0.2525440373165011
0 0.7835999169165108 0.053933133393015455 0.8406720157450986 0.05478921487544436 0.8589350873702468 0.15923115573176005 0.7972972206353718 0.15751899276690234
0 0.721962050181636 0.053933133393015455 0.7835999169165108 0.05478921487544428 0.7984386626119435 0.1566629112844736 0.735659353900497 0.15409466683718706
0 0.6643192303647623 0.053077051910586655 0.7236742131464936 0.05393313339301547 0.7362300748887829 0.15323858535475826 0.6740214871656223 0.1506703409074718
0 0.6026813636298874 0.04965272598087139 0.6648899513530482 0.05136488894572899 0.675162929142194 0.1515264223899006 0.6106714574658897 0.1481020964601854
0 0.5427556598598702 0.05136488894572899 0.6032520846181733 0.05136488894572899 0.6101007364776038 0.14895817794261415 0.5473214277661572 0.1489581779426142
0 0.7870242428462261 0.053933133393015455 0.7761805440687944 3.895519384649672e-18 0.8315404799325246 0.002568244447286406 0.8446670626630997 0.055645296357873096
0 0.7265278180879229 0.05136488894572899 0.7202498872167784 0.002568244447286433 0.7761805440687944 0.0008560814824287799 0.7858828008696542 0.053077051910586676
0 0.6660313933296199 0.053077051910586655 0.6586120204819034 0 0.7196791662284924 0 0.7265278180879229 0.05136488894572898
0 0.6072471315361745 0.04879664449844259 0.6015399216533157 0 0.6597534624584752 0.000856081482428815 0.6648899513530481 0.05050880746330019
0 0.5456092648012997 0.052220970428157855 0.5433263808481562 0 0.6032520846181733 0 0.6078178525244603 0.052220970428157834
0 0.12562601576135318 0.19980218084657397 0.1414081785454427 0.1088969232102182 0.2285257171136172 0.12594165901703488 0.21463741386361843 0.2102184082840733
0 0.21905641944316342 0.21116533805111867 0.23041957664770793 0.12783551855112568 0.34657629473860735 0.1420394650568063 0.3408947161363351 0.22631621432384466
0 0.3434198621817894 0.224422354789754 0.35099530031815235 0.14772104365907854 0.4639955858522338 0.16097806039771376 0.46083915329541586 0.24052016082952532 0.3446824352045165 0.22442235478975398
0 0.35415173287497026 0.1477210436590785 0.3623584575226969 0.05870964555681328 0.46904587794314256 0.06817894322726699 0.4658894453863246 0.16381884969884988
0 0.23168214967043513 0.12783551855112565 0.24746431245452474 0.031248682312497403 0.35604559240906103 0.04545262881817805 0.3497327272954252 0.14298639482385167
0 0.14330203807953346 0.11079078274430888 0.1635032064431681 0.012310086971589898 0.24178273385225246 0.022726314409089055 0.22600057106816285 0.12215393994885342
0 0.3686713226363328 0.05965657532385864 0.37435290123860504 0 0.47599002956814196 0 0.4709397374772333 0.07101973252840313
0 0.3674087496136056 0.05776271578976798 0.37309032821587773 2.337311630789803e-17 0.2632464752386143 0 0.2600900426817963 0.03598333114772428 0.35604559240906103 0.04639955858522341 0.35857073845451537 0.061550434857949456
0 0.257564896636342 0.03124868231249737 0.2632464752386143 1.947759692324836e-17 0.18496694782952994 0 0.18244180178407565 0.015150876272726039 0.2436765933863432 0.021779384642043643 0.24620173943179754 0.03314254184658819