0 0.5865843818195577 0.11950387539066887 0.6943721909954551 0.13004833498396318 0.7053071861292418 0.25658185010349494 0.6006436612772835 0.24252257064576918 0.5936140215484206 0.2530670302390635
0 0.6068922299251616 0.3948314314377981 0.5990815191153139 0.2378361441598606 0.7131178969390894 0.25072381699610924 0.7256150342348457 0.38077215198007247 0.6139218696540245 0.3737425122512096
0 0.704526115048257 0.2518954236175864 0.6928100488334856 0.12887672836248606 0.7966925026044591 0.13942118795578035 0.8146571374671089 0.26478309645383497
0 0.7271771763968152 0.3807721519800724 0.7131178969390894 0.2530670302390636 0.8224678482769565 0.26243988321088063 0.8412135542205907 0.3878017917089353
0 0.8146571374671088 0.26478309645383497 0.7951303604424899 0.13356315484839465 0.8982317431324783 0.1394211879557804 0.9240070888049758 0.2659547030753121
0 0.8412135542205907 0.3889733983304124 0.8232489193579413 0.26126827658940355 0.9310367285338386 0.2659547030753121 0.9552499320443664 0.39365982481632106
0 0.6131407985730398 0.6631293477560647 0.6037679456012225 0.4756722883197213 0.731082531801739 0.47801550156267564 0.7467039534214343 0.6619577411345875
0 0.7467039534214343 0.6631293477560646 0.7303014607207543 0.47684389494119833 0.853710691516347 0.4827019280485841 0.8771428239458898 0.6643009543775417
0 0.8787049661078593 0.6666441676204959 0.853710691516347 0.4838735346700612 0.9747767090689854 0.48738835453449275 1 0.6467268550553846 1 0.6666441676204959
0 0.628762220192735 0.858787653542748 0.6115786564110701 0.6631293477560646 0.7467039534214343 0.6596145278916332 0.7654496593650686 0.858787653542748
0 0.7662307304460535 0.8623024734071792 0.7451418112594649 0.6619577411345875 0.8755806817839203 0.665472560999019 0.9044803117803567 0.8623024734071794
0 0.9052613828613413 0.8634740800286564 0.8747996107029357 0.6654725609990189 1 0.665472560999019 1 0.8599592601642251
2 0.3103790727610163 0.49174515744667036 0.31598833311211905 0.4347176772104595 0.3471508906182452 0.4337828004852758 0.3427881325673874 0.49174515744667036
2 0.34278813256738744 0.49174515744667036 0.3465276394681226 0.4347176772104596 0.37644369467400374 0.43565255393564334 0.37270418777326864 0.49081028072148664
2 0.3727041877732685 0.49174515744667036 0.37582044352388116 0.43845718411119466 0.42256427978307043 0.44126181428674605 0.42007127518258025 0.4926800341718542
2 0.42131777748282534 0.49268003417185413 0.42131777748282534 0.4412618142867461 0.4693081160422596 0.4450013211874812 0.46681511144176946 0.49454978762222174
2 0.35525315556983794 0.5450331307821461 0.357746160170328 0.4917451574466704 0.3103790727610163 0.4889405272711189 0.3053930635600361 0.5440982540569622
2 0.35462990441971537 0.5450331307821461 0.3571229090202055 0.49081028072148664 0.40448999642951716 0.49081028072148664 0.40324349412927213 0.5450331307821461
2 0.40262024297914967 0.5478377609576974 0.4038667452793947 0.4898754039963028 0.4375223073860109 0.4926800341718542 0.4356525539356433 0.5478377609576974
2 0.43627580508576586 0.5487726376828812 0.43627580508576597 0.49361491089703796 0.4680616137420145 0.49548466434740546 0.46619186029164705 0.5487726376828812
2 0.301653556659301 0.602060611018357 0.3053930635600362 0.5431633773317786 0.34029512796689737 0.5440982540569623 0.33530911876591724 0.6011257342931731
2 0.33655562106616227 0.6029954877435406 0.3384253745165299 0.5431633773317784 0.3714576854730235 0.5440982540569622 0.3689646808725334 0.6020606110183568
2 0.3689646808725334 0.6011257342931731 0.37083443432290103 0.5440982540569622 0.4206945263327028 0.5469028842325137 0.42007127518258025 0.6011257342931731
2 0.41944802403245773 0.6039303644687245 0.41944802403245773 0.5459680075073298 0.46868486489213707 0.549707514408065 0.46806161374201455 0.6029954877435407
2 0.2991605520588108 0.6544137076286488 0.3016535566593011 0.6011257342931731 0.3521368998192253 0.6001908575679894 0.34902064406861266 0.6562834610790164
2 0.34902064406861266 0.6572183378042 0.3527601509693478 0.5992559808428056 0.40324349412927213 0.6029954877435407 0.399503987228537 0.6590880912545678
2 0.39888073607841446 0.6590880912545678 0.4019969918290271 0.602060611018357 0.4337828004852758 0.6029954877435407 0.43440605163539825 0.6590880912545678
2 0.4337828004852758 0.6600229679797515 0.4337828004852758 0.6039303644687245 0.46743836259189203 0.6039303644687245 0.46681511144176946 0.6590880912545678
2 0.28669552905636053 0.766598914650703 0.29105828710721815 0.6983529137122866 0.34341138371751 0.6992877904374704 0.34091837911701983 0.7647291612003353
2 0.3415416302671425 0.7656640379255191 0.3427881325673875 0.6992877904374704 0.3951412291776794 0.7002226671626541 0.3932714757273118 0.7637942844751515 0.34341138371751 0.7647291612003353
2 0.39264822457718923 0.7647291612003353 0.39514122917767935 0.7002226671626541 0.4294200424344181 0.701157543887838 0.42692703783392805 0.7637942844751515
2 0.4263037866838055 0.7637942844751515 0.4281735401341731 0.7002226671626542 0.4618291022407894 0.7020924206130217 0.4612058510906668 0.7637942844751515
2 0.28607227790623796 0.8301705319632002 0.2879420313566055 0.7637942844751515 0.32346734691358925 0.7647291612003353 0.3209743423130991 0.8301705319632001
2 0.3215975934632217 0.8320402854135677 0.3247138492138343 0.7628594077499679 0.3596159136206956 0.7647291612003353 0.3558764067199604 0.8320402854135677
2 0.357746160170328 0.8339100388639352 0.36086241592094065 0.7647291612003354 0.41383876368135497 0.7647291612003353 0.41259226138110994 0.8329751621387516
2 0.41446201483147754 0.8329751621387516 0.41508526598160006 0.7619245310247839 0.46681511144176946 0.7647291612003353 0.46681511144176946 0.8339100388639352
2 0.275477008354155 0.904025793252719 0.2785932641047676 0.8301705319632001 0.33468586761579466 0.8311054086883841 0.3309463607150595 0.9021560398023516
2 0.330323109564937 0.9030909165275353 0.33468586761579466 0.8311054086883839 0.38828546652633167 0.8329751621387516 0.3857924619258416 0.9030909165275353
2 0.38828546652633156 0.904025793252719 0.3895319688265766 0.8320402854135677 0.4263037866838055 0.8357797923143029 0.42318753093319283 0.9021560398023515
2 0.4263037866838055 0.9058955467030867 0.42568053553368307 0.8320402854135679 0.4630756045410344 0.8357797923143029 0.4612058510906668 0.904025793252719
2 0.27360725490378746 0.9741415476415028 0.27797001295464513 0.8993514096268002 0.3141185796617514 0.9012211630771677 0.3103790727610163 0.9750764243666866
2 0.30913257046077125 0.9750764243666866 0.31287207736150635 0.8984165329016164 0.35089039751898027 0.8993514096268003 0.34777414176836763 0.9741415476415031
2 0.3471508906182451 0.9760113010918703 0.35151364866910284 0.9012211630771677 0.40698300103000734 0.9021560398023515 0.4044899964295173 0.9750764243666866 0.3459043883180001 0.9760113010918705
2 0.40511324757963973 0.9760113010918705 0.40635974987988477 0.9002862863519839 0.46120585109066675 0.9030909165275353 0.4630756045410343 0.9750764243666866
2 0.023683543704655863 0.6534788309034649 0.03739506900735137 0.5656004187361894 0.09473417481862345 0.5674701721865569 0.08663190986703066 0.6544137076286489
2 0.0853854075667856 0.653478830903465 0.09411092366850089 0.5684050489117406 0.12901298807536218 0.5702748023621081 0.11841771852327931 0.6525439541782813
2 0.18136608468565407 0.6544137076286488 0.1913381030876145 0.5702748023621081 0.2112821398915352 0.5702748023621083 0.20442637724018742 0.6544137076286488
2 0.008725516101715335 0.7320084758189029 0.021190539104165775 0.6516090774530975 0.08102264951592793 0.6525439541782811 0.06980412881372253 0.7348131059944542
2 0.07105063111396759 0.735747982719638 0.0816459006660505 0.6516090774530975 0.11966422082352438 0.6516090774530974 0.1078224489711964 0.7338782292692704
2 0.17264056858393875 0.7376177361700055 0.18136608468565407 0.6525439541782813 0.2044263772401874 0.6525439541782813 0.19632411228859462 0.7413572430707408 0.1869753450367568 0.7329433525440866
2 0.05110659431004687 0.8787841216727569 0.06419486846261982 0.7899708327802976 1.0388051692399125e-17 0.7890359560551138 0 0.8787841216727569
2 0.036771817857228835 0.9760113010918705 0.04986009200980183 0.8759794914972056 0 0.8759794914972056 0.0006232511501225195 0.9769461778170542
2 0.05110659431004687 0.8787841216727569 0.06357161731249733 0.7890359560551138 0.09847368171935857 0.7881010793299299 0.0878784121672757 0.8787841216727569
2 0.036771817857228835 0.9778810545422382 0.050483343159924345 0.8769143682223893 0.08725516101715318 0.8787841216727569 0.07479013801470275 0.9732066709163191
2 0.15456628523038562 0.8815887518483083 0.16453830363234598 0.7843615724291948 0.1869753450367568 0.7871662026047462 0.17762657778491897 0.8815887518483083 0.15643603868075318 0.8825236285734921
2 0.14708727142891534 0.9722717941911353 0.15518953638050814 0.8797189983979409 0.17949633123528652 0.8787841216727569 0.16952431283332617 0.9704020407407677