0 0.4367583191740659 0.7113813958566463 0.4367583191740659 0.5843118053815206 0.538136243815423 0.5863949134220964 0.5360531357748471 0.7113813958566463
0 0.5367475051217058 0.7103398418363582 0.5374418744685644 0.5895195754829602 0.6395141684567802 0.5874364674423844 0.6332648443350526 0.7051320717349188
0 0.6339592136819111 0.6895087614306 0.6395141684567802 0.590561129503248 0.6346535830287698 0.5634807249757623 0.7033961483677722 0.5655638330163381 0.6964524548991861 0.6863840993697363
0 0.6971468242460447 0.6863840993697362 0.7033961483677723 0.5645222789960501 0.7735274524004918 0.5645222789960501 0.7617231735038955 0.6895087614306001
0 0.4300819302235597 0.8265282789094246 0.4308377859884516 0.7040796449969171 0.5018882278883016 0.7086147795862693 0.49962066059362553 0.8208593606727344
0 0.5011323721234097 0.8231269279674105 0.5033999394180858 0.7063472122915931 0.5729386697881516 0.7108823468809453 0.5691593909636915 0.8242607116147483
0 0.5691593909636915 0.8299296298514387 0.5729386697881516 0.706347212291593 0.6704440634592221 0.7097485632336071 0.6643972173400859 0.8310634134987765
0 0.6651530731049781 0.8299296298514387 0.6696882076943302 0.7086147795862693 0.7664377456005089 0.7108823468809453 0.7566116206569125 0.8276620625567626
0 0.42705850716399163 0.9444417782325798 0.4263026513990995 0.8321971971461146 0.520784622010602 0.8333309807934526 0.517761198951034 0.9421742109379037
0 0.5185170547159261 0.9376390763485517 0.5192729104808181 0.8310634134987765 0.6145107368572127 0.8310634134987765 0.6092197465029686 0.9376390763485515
0 0.6114873137976446 0.9319701581118615 0.6145107368572127 0.8287958462041005 0.6840494672272786 0.8299296298514386 0.6757350538134663 0.9342377254065375
0 0.6764909095783584 0.9387728599958896 0.6840494672272786 0.8265282789094244 0.7535881975973443 0.8299296298514384 0.7422503611239641 0.9353715090538752
1 0.7966719761961899 0.4478445406985222 0.7996953992557577 0.37641617091622626 0.8601638604471191 0.37754995456356416 0.8526053027981992 0.44444318975650804
1 0.7876017070174856 0.514737775891466 0.7959161204312977 0.4433094061091701 0.8518494470333072 0.4467107570511842 0.8442908893843869 0.513603992244128
1 0.7800431493685651 0.5770958764950577 0.7868458512525934 0.5124702085967899 0.840511610559927 0.5124702085967899 0.8344647644407908 0.5782296601423957
1 0.7732404474845371 0.6360526261566354 0.7777755820738892 0.5736945255530437 0.8314413413812227 0.5748283092003816 0.8276620625567627 0.6394539770986494
1 0.9108061966948849 0.44444318975650815 0.9168530428140207 0.3752823872688882 0.9727863694160305 0.3752823872688882 0.9652278117671101 0.44444318975650815
1 0.9017359275161806 0.5102026413021139 0.9092944851651008 0.4433094061091701 0.9637161002373261 0.442175622461832 0.956913398353298 0.5090688576547758
1 0.8919098025725843 0.5748283092003816 0.9009800717512886 0.5079350740074378 0.955401686823514 0.5068012903600998 0.9470872734097017 0.5725607419057055
1 0.8820836776289882 0.6360526261566354 0.8896422352779082 0.5725607419057056 0.9478431291745936 0.5702931746110295 0.9365052927012133 0.6337850588619592
1 0.9380170042309978 0.6337850588619593 0.9433079945852416 0.5691593909636915 0.996217898127683 0.5691593909636915 0.9879034847138709 0.6303837079199451
1 0.9455755618799178 0.5736945255530437 0.955401686823514 0.5079350740074378 1 0.5079350740074378 1 0.552152636253621 0.9977296096574672 0.5691593909636915
1 0.954645831058622 0.5079350740074378 0.9637161002373262 0.43877427151981796 1 0.4399080551671559 1 0.5079350740074378
1 0.9652278117671104 0.441041838814494 0.9712746578862462 0.3752823872688882 1 0.3741486036215501 0.9999971769521433 0.4433094061091701
1 0.7777755820738893 0.7414945053590722 0.7823107166632413 0.6802701884028185 0.8321971971461146 0.6780026211081424 0.8261503510269784 0.738093154417058
1 0.7732404474845371 0.7913809858419457 0.778531437838781 0.738093154417058 0.8253944952620864 0.7392269380643961 0.8216152164376264 0.7925147694892835
1 0.7664377456005089 0.8412674663248191 0.7702170244249689 0.7902472021946075 0.8208593606727344 0.7925147694892835 0.8155683703184902 0.8378661153828048
1 0.7611467552462647 0.8911539468076923 0.7664377456005087 0.8412674663248189 0.8170800818482742 0.8389998990301428 0.8102773799642461 0.8922877304550303
1 0.882083677628988 0.735825587122382 0.8873746679832322 0.6746012701661284 0.9387728599958896 0.6746012701661283 0.9342377254065374 0.7312904525330298
1 0.876036831509852 0.7857120676052552 0.882083677628988 0.733558019827706 0.9342377254065375 0.7324242361803679 0.9266791677576174 0.7868458512525934
1 0.8669665623311475 0.8344647644407907 0.8730134084502836 0.7845782839579172 0.9251674562278331 0.7857120676052552 0.9176088985789129 0.8344647644407905
1 0.8594080046822274 0.8877525958656783 0.8662107065662557 0.8310634134987764 0.9145854755193448 0.8310634134987764 0.9100503409299927 0.8809498939816498
1 0.9342377254065375 0.730156668885692 0.9402845715256737 0.6723337028714523 0.9879034847138711 0.6723337028714523 0.9833683501245188 0.7267553179436778
1 0.9274350235225093 0.7868458512525935 0.9342377254065374 0.7290228852383539 0.9818566385947348 0.7278891015910157 0.9735422251809225 0.7789093657212272
1 0.916853042814021 0.8344647644407908 0.9266791677576173 0.7834445003105791 0.9727863694160305 0.7800431493685652 0.9644719560022181 0.8299296298514386
1 0.9092944851651008 0.8832174612763262 0.9160971870491289 0.8333309807934526 0.9637161002373261 0.8321971971461146 0.9576692541181899 0.8775485430396359