1 0.42015216986189946 0.7597037193829447 0.4230103478881708 0.6876776331209048 0.46531138267698796 0.685962726305142 0.4635964758612251 0.7554164523435376
1 0.46359647586122504 0.7579888125671816 0.46531138267698796 0.684247819489379 0.5087556886763136 0.684247819489379 0.5087556886763136 0.756273905751419
1 0.5087556886763136 0.7571313591593003 0.5081840530710594 0.6851052728972604 0.5527716302808936 0.6868201797130233 0.5527716302808935 0.7571313591593004
1 0.5533432658861478 0.7571313591593003 0.5521999946756393 0.6833903660814976 0.5962159362802192 0.6851052728972604 0.5973592074907277 0.756273905751419
1 0.5990741143064905 0.7588462659750631 0.5956443006749649 0.684247819489379 0.6573809460424277 0.6833903660814976 0.6625256664897163 0.7537015455277747
1 0.4190088986513909 0.8300148988292217 0.42015216986189946 0.757988812567182 0.48246045083461647 0.7554164523435375 0.4813171796241079 0.8282999920134588
1 0.4818888152293622 0.8291574454213403 0.4830320864398708 0.7554164523435375 0.5281912992549592 0.756273905751419 0.5281912992549592 0.8317298056449846
1 0.5281912992549592 0.8317298056449846 0.527619663649705 0.7562739057514191 0.5716356052542849 0.7571313591593003 0.573922147675302 0.8300148988292216
1 0.5733505120700478 0.8300148988292216 0.5722072408595392 0.7571313591593003 0.6167948180693734 0.7571313591593003 0.6207962673061534 0.8300148988292216
1 0.6196529960956448 0.8325872590528659 0.6167948180693734 0.7554164523435377 0.6613823952792077 0.754558998935656 0.6665271157264961 0.8308723522371031
1 0.41214927138833946 0.908900612354313 0.4138641782041023 0.8282999920134588 0.4601666622296994 0.8300148988292216 0.4584517554139365 0.9097580657621944
1 0.45845175541393646 0.908900612354313 0.4601666622296994 0.8274425386055773 0.5064691462552964 0.8282999920134588 0.5064691462552964 0.9080431589464316
1 0.5070407818605507 0.908900612354313 0.5064691462552965 0.8265850851976959 0.5533432658861478 0.8291574454213403 0.553914901491402 0.9080431589464316
1 0.5533432658861477 0.9080431589464316 0.5521999946756392 0.8282999920134588 0.5990741143064906 0.8300148988292216 0.6025039279380163 0.9106155191700759 0.5550581727019107 0.908900612354313
1 0.601932292332762 0.91318787939372 0.5996457499117448 0.8300148988292217 0.6642405733054791 0.8300148988292216 0.6693852937527677 0.9080431589464317
1 0.4075761865463052 0.9877863258794043 0.4098627289673223 0.9089006123543131 0.47674409478207364 0.9097580657621944 0.4756008235715651 0.9886437792872859
1 0.47617245917681933 0.9886437792872858 0.47560082357156497 0.9080431589464317 0.5247614856234336 0.908900612354313 0.5247614856234336 0.9877863258794043
1 0.5253331212286878 0.9869288724715229 0.523618214412925 0.9063282521306687 0.5727788764647935 0.9089006123543131 0.5750654188858106 0.9877863258794044
1 0.5750654188858106 0.9903586861030486 0.5722072408595392 0.9080431589464316 0.6213679029114076 0.9114729725779572 0.6242260809376792 0.9903586861030486
1 0.6265126233586962 0.9929310463266928 0.621939538516662 0.908900612354313 0.6670987513317505 0.908900612354313 0.6722434717790391 0.9903586861030486
2 0.4321565175722394 0.6859627263051419 0.4344430599932565 0.6147940934509833 0.4893200780976679 0.6156515468588648 0.4893200780976678 0.6851052728972604
2 0.487605171281905 0.6851052728972604 0.48817680688715925 0.6173664536746277 0.5441970962020792 0.6173664536746277 0.545912003017842 0.685962726305142
2 0.545912003017842 0.6851052728972604 0.5441970962020792 0.6173664536746277 0.5973592074907277 0.6190813604903906 0.5996457499117448 0.6833903660814976
0 0.8997832516048146 0.10818681671726747 0.9736813504554073 0.1090735939034746 0.9896433398071351 0.18356287754487186 0.9216570888645901 0.17735543724142208 0.9169276105381521 0.18888354066211452
0 0.9204747192829806 0.17735543724142208 0.9411661869611464 0.28642903114489665 1 0.2882025855173109 1 0.18090254598625052
0 0.9754549048278214 0.11173392546209591 1 0.1108471482758888 1 0.18444965473107897 0.989643339807135 0.18267610035866477
0 0.9399838173795371 0.2855422539586896 0.958310545894484 0.3901819619311286 0.964813578593336 0.3839745216276788 1 0.3875216303725073 1 0.2864290311448967
0 0.9665634196406904 0.48110476518151474 1 0.47892782054268435 1 0.6138983881501683 0.9868815696031072 0.6138983881501681