0 0.045134007545809665 0.28642735557917676 0.15831621108376315 0.2739287073357218 0.17081485932721815 0.38537498750652877 0.06388197991099218 0.3968320817296958
0 0.17220359802093543 0.3864165415268167 0.15762184173690458 0.2739287073357218 0.2680265678874236 0.26767938321399426 0.2763590000497269 0.3770425553442253
0 0.2784421080903028 0.37704255534422537 0.2659434598468477 0.26455472115313056 0.3756538166505083 0.25726384301111505 0.38398624881281146 0.36662701514134616
0 0.38329187946595283 0.36766856916163415 0.3735707086099323 0.2551807349705393 0.48258669606673416 0.24893141084881182 0.48466980410731003 0.3562114749384671
0 0.09860044725392268 0.5009874837584873 0.07985247488874019 0.39579052770940787 0.188868462345542 0.38225032544566506 0.2020614799358556 0.4853641734541687
0 0.20622769601700727 0.4864057274744565 0.19164593973297642 0.38329187946595294 0.2999675578429196 0.37600100132393754 0.3089943593520816 0.4791148493324411
0 0.31177183673951603 0.4791148493324411 0.2999675578429198 0.37287633926307373 0.4096779146465801 0.36350235308048257 0.4152328694214489 0.46869930912956204
0 0.4159272387683075 0.4728655252107136 0.40828917595286296 0.36454390710077045 0.5124445779816544 0.35516992091817917 0.5138333166753717 0.4593253229469707
0 0.11943152765968099 0.5936857915641119 0.10276666333507432 0.49994592973819946 0.20622769601700727 0.4853641734541686 0.22011508295417942 0.5801455893003689
0 0.22497566838218974 0.5811871433206568 0.21247702013873476 0.48640572747445654 0.31663242216752635 0.4749486332512894 0.32427048498297095 0.5697300490974897
0 0.3263535930235469 0.5738962651786415 0.31802116086124366 0.47703174129186526 0.4193990855026007 0.4666162010889861 0.4249540402774695 0.5645222789960501
0 0.431203364399197 0.5645222789960501 0.4263427789711868 0.46765775510927404 0.5270263342656852 0.45828376892668277 0.5291094423062611 0.5541067387931711
0 0.13817950002486348 0.6843009913291604 0.1222090050471154 0.5926442375438239 0.22428129903533112 0.580145589300369 0.23469683923821028 0.6676361270045539
0 0.2395574246662206 0.6707607890654176 0.22775314576962422 0.5822286973409447 0.3270479623704054 0.5728547111583535 0.336769133226426 0.6613868028828264
0 0.3381578719201431 0.6603452488625384 0.3291310704109813 0.5738962651786415 0.4284258870117625 0.5624391709554742 0.4332864724397728 0.6509712626799472
0 0.43467521113349 0.6551374787610988 0.4284258870117626 0.5645222789960501 0.5263319649188266 0.5551482928134589 0.5304981809999784 0.6447219385582197 0.43467521113349006 0.6520128167002351
0 0.15345562565575288 0.7686668669724817 0.13887386937172208 0.6843009913291604 0.23677994727878612 0.6697192350451296 0.24858422617538245 0.7561682187290267
0 0.2506673342159583 0.7520020026478751 0.23886305531936197 0.6728438971059935 0.336769133226426 0.6613868028828264 0.343712826695012 0.7447111245058597
0 0.3464903040824465 0.7447111245058595 0.3381578719201432 0.6593036948422506 0.43467521113349006 0.6499297086596593 0.43884142721464164 0.7353371383232683 0.3471846734293051 0.7457526785261475
0 0.4416189046020761 0.7395033544044199 0.4360639498272073 0.6520128167002353 0.5304981809999783 0.6436803845379319 0.531192550346837 0.7280462601812528
0 0.16942612063350096 0.8436587564332115 0.1562331030431873 0.7655422049116181 0.2506673342159583 0.7572097727493147 0.26038850507197886 0.8342847702506204
0 0.2610828744188375 0.8353263242709081 0.2506673342159583 0.7551266647087388 0.3444071960418707 0.7478357865667232 0.3534339975510326 0.8238692300477412
0 0.3527396282041741 0.8217861220071653 0.3451015653887293 0.7457526785261475 0.4395357965615004 0.7374202463638441 0.44300764329579334 0.813453689844862
0 0.44439638198951054 0.813453689844862 0.4409245352552176 0.7363786923435562 0.5325812890405541 0.7290878142015408 0.532581289040554 0.8072043657231345
0 0.19789526385470396 0.9853101031923679 0.1867853543049662 0.9165675378533656 0.27635900004972686 0.9061519976504865 0.28330269351831305 0.9748945629894888
0 0.28469143221203025 0.9780192250503525 0.27635900004972686 0.9071935516707744 0.3666270151413461 0.899902673528759 0.3728763392630737 0.971769900928625
0 0.36732138448820484 0.899902673528759 0.45620066088610706 0.8905286873461677 0.46036687696725864 0.9634374687663219 0.37287633926307373 0.9748945629894888
0 0.46106124631411727 0.9634374687663217 0.4575893995798242 0.8884455793055919 0.5443855679371505 0.8801131471432886 0.5457743066308677 0.9530219285634426
0 0.28260832417145443 0.9853101031923681 0.37079323122249785 0.9748945629894887 0.3714876005693566 1 0.28330269351831305 0.9988503054561111
0 0.37148760056935654 0.9790607790706405 0.4596725076204001 0.9665621308271855 0.46453309304841023 1 0.3735707086099324 0.9988503054561111
0 0.4631443543546931 0.9634374687663217 0.5492461533651608 0.9592712526851702 0.5499405227120194 1 0.46522746239526896 0.998850305456111
2 0.5544254525466642 0.3381995260534652 0.5581216222303088 0.26057996269693223 0.6292728886404638 0.2578078354341989 0.6265007613777307 0.33265527152799856
2 0.6274248037986416 0.25919389906556556 0.6782471369487526 0.2591938990655656 0.6754750096860194 0.33265527152799856 0.6274248037986417 0.33126920789663195
2 0.6763990521069303 0.3340413351593652 0.6773230945278416 0.2578078354341989 0.7253733004152192 0.25642177180283215 0.7253733004152192 0.3284970806338986
2 0.551653325283931 0.4075027076217983 0.5553494949675754 0.33542739879073186 0.6024756584340419 0.3340413351593652 0.6015516160131307 0.40195845309633166
2 0.6024756584340418 0.40057238946496493 0.6015516160131307 0.33404133515936524 0.6523739491632418 0.33126920789663195 0.6514499067423305 0.4033445167276983
2 0.6514499067423305 0.4019584530963316 0.6542220340050638 0.33126920789663195 0.723525215573397 0.32988314426526527 0.7189050034688415 0.39780026220223164
2 0.552577367704842 0.40334451672769833 0.620956506852264 0.4033445167276983 0.6191084220104418 0.469875571033298 0.5516533252839311 0.4712616346646647
2 0.620956506852264 0.46987557103329797 0.621880549273175 0.40334451672769833 0.6699307551605527 0.40195845309633166 0.6680826703187305 0.4671034437705647
2 0.6690067127396415 0.4671034437705646 0.6699307551605524 0.400572389464965 0.7179809610479301 0.39780026220223164 0.7152088337851971 0.4671034437705646
2 0.5544254525466642 0.5696721524916974 0.5544254525466643 0.5114574799742977 0.620956506852264 0.5059132254488312 0.6191084220104418 0.5669000252289644
2 0.620032464431353 0.5724442797544308 0.620956506852264 0.5086853527115645 0.6653105430559971 0.507299289080198 0.6643865006350862 0.5655139615975976
2 0.6643865006350861 0.5669000252289641 0.6671586278978194 0.5045271618174645 0.7142847913642858 0.5031410981860979 0.7087405368388193 0.5655139615975976
2 0.5488811980211975 0.6320450159031973 0.5488811980211976 0.5710582161230642 0.594159276645842 0.5696721524916977 0.5941592766458418 0.6265007613777308
2 0.5960073614876641 0.6265007613777308 0.5978554463294863 0.5682860888603309 0.6431335249541306 0.5710582161230643 0.6403613976913973 0.6278868250090973
2 0.6412854401123083 0.6265007613777306 0.6431335249541306 0.5669000252289641 0.707816494417908 0.5655139615975976 0.7050443671551747 0.6251146977463641
2 0.5488811980211975 0.690259688420597 0.5507292828630199 0.6292728886404638 0.6135641674849751 0.6278868250090973 0.6126401250640641 0.6847154338951305
2 0.6144882099058863 0.6847154338951303 0.6144882099058862 0.6278868250090972 0.6588422461096195 0.6265007613777306 0.6569941612677972 0.6847154338951303
2 0.6569941612677972 0.6833293702637637 0.6588422461096195 0.6278868250090973 0.7031962823133524 0.6265007613777306 0.7013481974715304 0.6833293702637636
2 0.818619157723591 0.3318363215936439 0.8239930252797636 0.25391524202914456 0.8580275198021885 0.2579456426962738 0.8517580076533207 0.33049285470460077
2 0.8177235131308956 0.4016965998238847 0.8213060915016774 0.33183632159364396 0.8499667184679298 0.3318363215936439 0.8428015617263668 0.40035313293484165
2 0.8141409347601141 0.46886994427603934 0.8177235131308956 0.40035313293484165 0.8419059171336715 0.3990096660457985 0.8365320495774992 0.4675264773869963
2 0.920722641290866 0.3318363215936439 0.9278877980324292 0.25257177514010143 0.9968524316699747 0.25257177514010143 0.9870003411503253 0.3264624540374715
2 0.9144531291419984 0.39900966604579846 0.9207226412908661 0.3264624540374715 0.9905829195211068 0.32511898714842835 0.9843134073722393 0.39497926537866923
2 0.9305747318105154 0.46080914294178066 0.9377398885520787 0.3963227322677123 0.9843134073722393 0.3936357984896261 0.9762526060379808 0.4634960767198669
2 0.9054966832150443 0.46483954360891 0.9135574845493029 0.39900966604579846 0.938635533144774 0.3963227322677123 0.9305747318105155 0.463496076719867
2 0.8060801334258555 0.566943027176185 0.811454000982028 0.5091739509473321 0.8320538266140222 0.5064870171692459 0.8266799590578497 0.565599560287142
2 0.8007062658696832 0.624712103405038 0.8060801334258555 0.565599560287142 0.827575603650545 0.564256093398099 0.823097380687068 0.624712103405038
2 0.7953323983135109 0.6838246465229341 0.8007062658696832 0.6220251696269519 0.8213060915016773 0.624712103405038 0.8177235131308959 0.6757638451886755
2 0.8938533035100042 0.565599560287142 0.9010184602515675 0.5051435502802029 0.9243052196616476 0.5038000833911598 0.9198269966981707 0.5629126265090557
2 0.920722641290866 0.5615691596200127 0.9252008642543433 0.5024566165021167 0.968191804703722 0.5038000833911597 0.9637135817402452 0.5602256927309697
2 0.8893750805465274 0.623368636515995 0.8947489481026996 0.565599560287142 0.9592353587767681 0.5615691596200127 0.9538614912205955 0.6193382358488657
2 0.880418634619573 0.6744203782996324 0.8884794359538318 0.6193382358488657 0.9090792615858261 0.6179947689598226 0.9019141048442628 0.6771073120777187
2 0.9028097494369581 0.6757638451886755 0.9099749061785213 0.6206817027379087 0.952070202035205 0.6206817027379088 0.9458006898863371 0.6771073120777185
1 0.01343466889043092 0.8799708123232256 0 0.810110534092985 0.05105174178363752 0.8074236003148986 0.06269512148867766 0.8799708123232258
1 0.04926045259824672 0.8074236003148986 0.03761707289320659 0.7348763883065716 0.0008956445926953974 0.7362198551956148 0 0.8101105340929848
1 0.03851271748590199 0.7348763883065716 0.02686933778086185 0.6636726431872878 1.817909046169847e-17 0.6663595769653741 0 0.7375633220846578
1 0.13882491186778623 0.8745969447670533 0.1280771767554415 0.8033931996477696 0.10120783897457963 0.8033931996477696 0.11016428490153357 0.8732534778780103
1 0.12986846594083226 0.8074236003148986 0.16479860505595267 0.8074236003148986 0.18092020772446984 0.8759404116560963 0.1379292672750909 0.8759404116560965
1 0.10031219438188423 0.8020497327587263 0.08687752549145329 0.7308459876394423 0.11912073082848755 0.7295025207503992 0.12986846594083226 0.8047366665368125
1 0.13255539971891844 0.8060801334258555 0.12001637542118293 0.7295025207503992 0.1486770023874356 0.7321894545284854 0.16479860505595267 0.8101105340929848
1 0.12001637542118296 0.72547212008327 0.10837299571614281 0.6582987756311153 0.07612979037910861 0.6623291762982446 0.08956445926953951 0.7295025207503992
1 0.12180766460657373 0.7295025207503992 0.11105992949422899 0.6623291762982446 0.13524233349700468 0.6650161100763309 0.15046829157282637 0.7348763883065716
1 0.10210348356727504 0.5964992987351332 0.08956445926953951 0.5051435502802029 0.05284303096902831 0.5091739509473322 0.06717334445215463 0.5964992987351332
1 0.0922513930476257 0.5051435502802029 0.07702543497180397 0.41244433493622945 0.04119965126398816 0.4164747356033587 0.055529964747114496 0.5105174178363752