2 0.07563317435344818 0.3543123321634611 0.0674880632692307 0.2801336419321946 0.1419576503249335 0.2775155705122675 0.14952096776027832 0.353439641690152
2 0.14952096776027832 0.350821570270225 0.1425394439738062 0.2766428800389586 0.16522939627984068 0.2775155705122676 0.17279271371518545 0.349948879796916
2 0.22864490400696258 0.349076189323607 0.22340876116710845 0.2748974990923405 0.24435333252652489 0.2757701895656495 0.2501712690152517 0.348203498850298
2 0.08494187273541104 0.42500026050149153 0.07679676165119353 0.3543123321634611 0.1262492218053712 0.35256695121684306 0.133812539240716 0.42325487955487345
2 0.13613971383620674 0.4241275700281825 0.1268310154542439 0.35169426074353405 0.1722109200663128 0.35256695121684306 0.17861065020391223 0.42063680813494647
2 0.09308698381962853 0.4921974269462859 0.08494187273541105 0.4241275700281825 0.15708428519562315 0.42063680813494647 0.1634840153332226 0.4895793555263588
2 0.1640658089820953 0.49045204599966785 0.15708428519562317 0.42150949860825543 0.18035603115053034 0.41889142718832834 0.18675576128812973 0.48783397457974076
2 0.23737180874005276 0.4197641176616374 0.22980849130470796 0.3508215702702249 0.25133485631299707 0.349948879796916 0.2559892055039784 0.4171460462417104
2 0.24260795157990686 0.48608859363312273 0.2356264277934347 0.41889142718832834 0.2548256182062331 0.4188914271883284 0.2600617610460872 0.4852159031598137 0.24260795157990686 0.48434321268650476
2 0.1099589996369362 0.5951749027967499 0.10006850760610066 0.5288504268252646 0.1687201581730767 0.5262323554053375 0.17744706290616688 0.5873206885369687
2 0.1774470629061669 0.5890660694835868 0.1693019518219494 0.5262323554053376 0.1896647295324931 0.5253596649320285 0.19722804696783794 0.5864479980636597
2 0.11344976153017226 0.6553905454550721 0.10414106314820942 0.5925568313768229 0.14952096776027834 0.5890660694835868 0.15766607884449585 0.651027093088527
2 0.1605750470888592 0.651899783561836 0.15301172965351442 0.5890660694835869 0.19722804696783794 0.5881933790102778 0.20420957075431012 0.6475363311952909
2 0.1215948726143898 0.7068792833803043 0.11286796788129962 0.6553905454550722 0.1774470629061669 0.6492817121419089 0.18559217399038436 0.7060065929069951
2 0.18675576128812973 0.7068792833803041 0.1791924438527849 0.6492817121419089 0.20537315805205547 0.6475363311952909 0.21119109454078225 0.704261211960377
2 0.251334856312997 0.5881933790102778 0.24435333252652489 0.5244869744587195 0.2635525229393233 0.5218689030387924 0.2682068721303047 0.5838299266437326
2 0.2565709991528512 0.646663640721982 0.25075306266412434 0.5864479980636597 0.2676250784814321 0.5864479980636598 0.2722794276724135 0.6431728788287459
2 0.2618071419927052 0.70164314054045 0.2554074118551058 0.6440455693020549 0.2734430149701588 0.6431728788287459 0.2757701895656495 0.699897759593832
2 0.34500363378149823 0.347330808376989 0.3420946655371349 0.2731521181457225 0.41365528434847426 0.2722794276724135 0.4171460462417104 0.347330808376989
2 0.4165642525928377 0.347330808376989 0.4136552843484743 0.27140673719910446 0.4654349190981428 0.2696613562524864 0.46659850639588807 0.3455854274303709
2 0.4660167127470154 0.347330808376989 0.4636895381515247 0.2705340467257954 0.5160509665500658 0.26878866577917737 0.5160509665500658 0.34209466553713486
2 0.3514033639190977 0.4188914271883284 0.34674901472811626 0.34645811790368 0.39736506218003936 0.3455854274303709 0.39969223677552995 0.4188914271883284
2 0.39969223677553 0.4188914271883284 0.3962014748822939 0.34645811790368 0.44739931598308963 0.34384004648375294 0.44914469692970765 0.4171460462417104
2 0.4503082842274531 0.41801873671501943 0.4462357286853442 0.34384004648375294 0.518959934794429 0.34296735601044387 0.518959934794429 0.41627335576840135
2 0.35605771311007917 0.48696128410643175 0.350821570270225 0.4171460462417104 0.4223821890815645 0.4171460462417104 0.4252911573259278 0.48434321268650476
2 0.4241275700281825 0.48608859363312273 0.4218003954326919 0.41627335576840135 0.47241644288461476 0.41452797482178333 0.47474361748010546 0.4825978317398867
2 0.4747436174801055 0.48434321268650476 0.4724164428846149 0.4154006652950923 0.5212871093899198 0.4136552843484743 0.5224506966876652 0.4825978317398867
2 0.36536641149204196 0.5864479980636597 0.3612938559499332 0.5271050458786466 0.428781919219164 0.5236142839854105 0.43110909381465456 0.5838299266437327
2 0.4328544747612726 0.5864479980636597 0.4293637128680367 0.5227415935121015 0.4770707920755963 0.5201235220921744 0.479397966671087 0.5820845456971147
2 0.4782343793733416 0.5829572361704236 0.4770707920755963 0.5209962125654836 0.5236142839854105 0.5192508316188654 0.5241960776342832 0.5820845456971147
2 0.36478461784316935 0.6457909502486731 0.3630392368965513 0.5864479980636598 0.4095827288063656 0.5838299266437327 0.4119099034018563 0.6431728788287459
2 0.4119099034018563 0.645790950248673 0.4101645224552382 0.5847026171170417 0.45612622071617986 0.5838299266437327 0.4590351889605432 0.6405548074088188
2 0.45903518896054324 0.6423001883554369 0.4572898080139252 0.5812118552238058 0.5236142839854105 0.5794664742771877 0.5241960776342831 0.6405548074088188
2 0.3694389670341507 0.703388521487068 0.36594820514091464 0.6440455693020549 0.4328544747612727 0.6414274978821278 0.43401806205901805 0.699025069120523
2 0.43343626841014543 0.702515831013759 0.4328544747612727 0.6423001883554369 0.479397966671087 0.6405548074088188 0.4799797603199597 0.699897759593832
2 0.4799797603199597 0.699897759593832 0.47823437937334157 0.6414274978821278 0.5247778712831558 0.6396821169355098 0.5241960776342831 0.6972796881739051
2 0.5487724288067752 0.5731554557335106 0.5500070124486353 0.5074138768044648 0.617909112750936 0.5046360636102798 0.617909112750936 0.5675998293451404
2 0.5543280551951454 0.6342673460055811 0.5530934715532854 0.5731554557335106 0.5993903581230358 0.5694517048079305 0.5993903581230358 0.630563595080001
2 0.5561799306579354 0.6898236098892817 0.5561799306579353 0.630563595080001 0.621612863676516 0.6268598441544211 0.620378280034656 0.6851939212323065
2 0.6166745291090758 0.5694517048079305 0.6166745291090759 0.5055620013416748 0.6654405829625464 0.5046360636102798 0.6635887074997563 0.5675998293451404
2 0.6030941090486158 0.6305635950800011 0.6049459845114058 0.5675998293451404 0.6506255792602262 0.5666738916137454 0.6487737037974363 0.627785781885816
2 0.6216128636765159 0.6870457966950966 0.622230155497446 0.625933906423026 0.6672924584253364 0.625007968691631 0.6648232911416164 0.6842679835009116
2 0.6642059993206864 0.5675998293451404 0.6660578747834763 0.5037101258788848 0.7123547613532268 0.5027841881474898 0.7080337186067168 0.5675998293451404
2 0.6493909956183662 0.626859844154421 0.6518601629020863 0.5657479538823504 0.716675804099737 0.5638960784195605 0.7148239286369469 0.6213042177660509
2 0.6666751666044064 0.6842679835009116 0.6685270420671963 0.623156093228841 0.7135893449950867 0.6213042177660509 0.7098855940695067 0.6814901703067265
2 0.839516876464808 0.24815131201386234 0.8450725028531781 0.15370566341157144 0.9228512722903588 0.1490759747545964 0.9148264786182686 0.24907724974525738
2 0.8284056236880678 0.3351894587649932 0.8358131255392279 0.24722537428246735 0.9135918949764086 0.24352162335688737 0.9049498094833887 0.3351894587649932
2 0.8197635381950478 0.4203757300533341 0.8277883318671378 0.33426352103359824 0.9012460585578087 0.33426352103359824 0.8932212648857186 0.41667197912775394
2 0.8080349935973777 0.5351920087463151 0.8142079118066778 0.4564873015777394 0.8598875065554984 0.4564873015777394 0.851245421062478 0.5314882578207352
2 0.8018620753880776 0.6037114008695458 0.8068004099555177 0.533340133283525 0.8506281292415482 0.5296363823579451 0.8450725028531781 0.6000076499439657
2 0.7938372817159877 0.6768604816497514 0.8006274917462176 0.6027854631381507 0.8444552110322481 0.6000076499439657 0.838282292822948 0.6731567307241715 0.7963064489997076 0.6787123571125416
2 0.9092708522298987 0.6685270420671965 0.9154437704391987 0.5972298367497807 0.9605060733670893 0.5972298367497807 0.9487775287694192 0.6694529797985914
2 0.9172956459019886 0.5981557744811757 0.9259377313950089 0.525932631432365 0.9716173261438293 0.525932631432365 0.9598887815461591 0.5972298367497807
2 0.9253204395740788 0.527784506895155 0.933345233246169 0.4518576129207643 0.9802594116368495 0.4490797997265793 0.9679135752182493 0.52315481823818
2 0.941370026918259 0.412968228202174 0.9512466960531392 0.3314857078394132 1 0.3287078946452281 0.9889014971298694 0.412968228202174
2 0.9518639878740691 0.33241164557080816 0.9654444079345292 0.24352162335688732 1 0.24352162335688732 0.9987781662647496 0.33241164557080816
2 0.9642098242926692 0.24352162335688732 0.9765556607112694 0.1500019124859914 1 0.1500019124859914 0.9987781662647495 0.24537349881967735