0 0.033808479532163746 0.6195175438596491 0.0767543859649123 0.3892543859649124 0.18274853801169594 0.39199561403508776 0.15442251461988307 0.6181469298245614 0.03563596491228072 0.6167763157894737
0 0.18640350877192988 0.39199561403508787 0.2951388888888889 0.39747807017543857 0.27595029239766083 0.6195175438596491 0.15533625730994155 0.6140350877192983 0.18823099415204683 0.3892543859649123
0 0.29696637426900585 0.40158991228070173 0.4550438596491228 0.40570175438596495 0.45138888888888895 0.625 0.2768640350877193 0.6236293859649124
0 0.0009137426900584795 0.8758223684210527 0.04294590643274855 0.6140350877192984 0.1599049707602339 0.6154057017543861 0.12609649122807018 0.8744517543859649
0 0.13066520467836257 0.8758223684210527 0.16812865497076024 0.6140350877192984 0.2823464912280702 0.6181469298245615 0.2604166666666667 0.8799342105263158
0 0.28234649122807015 0.8813048245614035 0.3033625730994153 0.6195175438596493 0.4769736842105264 0.6222587719298246 0.47149122807017546 0.8881578947368421
0 0.5345394736842105 0.7099780701754386 0.5317982456140352 0.5482456140350879 0.605811403508772 0.5482456140350878 0.6149488304093568 0.7058662280701754
0 0.6158625730994152 0.7086074561403509 0.6048976608187135 0.5468750000000001 0.6816520467836257 0.5468750000000001 0.6962719298245614 0.7058662280701755
0 0.6962719298245614 0.7072368421052632 0.6825657894736842 0.5455043859649124 0.758406432748538 0.5468750000000001 0.7757675438596491 0.7003837719298247
0 0.7775950292397661 0.7058662280701755 0.7593201754385966 0.5455043859649124 0.8324195906432749 0.5468750000000001 0.8607456140350879 0.7140899122807017
0 0.8598318713450294 0.7086074561403509 0.8351608187134503 0.5455043859649122 0.9036915204678364 0.5455043859649124 0.9365862573099415 0.7044956140350878
0 0.535453216374269 0.708607456140351 0.6167763157894738 0.7086074561403509 0.625 0.8881578947368421 0.5372807017543859 0.8867872807017544
0 0.6167763157894737 0.7113486842105263 0.6971856725146199 0.7058662280701755 0.7127192982456141 0.8895285087719298 0.625 0.8895285087719298
0 0.6980994152046783 0.7044956140350878 0.7785087719298246 0.7044956140350878 0.8004385964912281 0.8908991228070177 0.7127192982456141 0.8908991228070176
0 0.779422514619883 0.7072368421052632 0.8616593567251462 0.7127192982456142 0.8872441520467836 0.8867872807017545 0.8004385964912281 0.8881578947368421
0 0.8625730994152049 0.7127192982456141 0.9365862573099415 0.7058662280701755 0.9694809941520469 0.8854166666666667 0.8854166666666669 0.8895285087719299