0 0.18457602339181287 0.8689692982456141 0.19736842105263158 0.7579495614035088 0 0.7538377192982457 0 0.8662280701754386
0 0.18650657894741338 0.8730811403508771 0.2011264619883491 0.756578947368421 0.4039773391813315 0.7620614035087719 0.39849488304098063 0.8771929824561405 0.39575365497080517 0.8771929824561405 0.38844371345033735 0.8730811403508774
0 0.5520036549708052 0.8758223684210527 0.5510899122807467 0.7044956140350878 0.700029970760279 0.7058662280701754 0.7119086257310391 0.8744517543859649
0 0.7109948830409806 0.8771929824561403 0.6972887426901034 0.7044956140350879 0.8471425438596942 0.7086074561403509 0.8654173976608638 0.8758223684210527
0 0.8727273391813315 0.8785635964912281 0.8480562865497527 0.7017543859649124 0.9522229532164194 0.7017543859649122 0.9814627192982905 0.8771929824561403
0 0.5382975146199279 0.7058662280701754 0.5355562865497526 0.542763157894737 0.6314992690058929 0.542763157894737 0.6378954678363024 0.7099780701754386
0 0.6388092105263607 0.7072368421052632 0.6342404970760684 0.5413925438596491 0.7731293859649572 0.5468750000000001 0.7877492690058929 0.7086074561403509
0 0.7886630116959513 0.7058662280701754 0.7713019005848403 0.5455043859649122 0.9138457602339632 0.5441337719298246 0.9394305555556005 0.7044956140350878 0.8480562865497525 0.7044956140350878 0.8480562865497525 0.708607456140351
0 0.5319013157895186 0.5646929824561403 0.5282463450292848 0.41940789473684226 0.6570840643275304 0.41255482456140363 0.6698764619883492 0.5455043859649124 0.5355562865497526 0.5441337719298246
0 0.6726176900585245 0.5455043859649122 0.6634802631579396 0.40707236842105277 0.8005416666667116 0.4043311403508772 0.8151615497076473 0.546875
0 0.8151615497076473 0.5482456140350878 0.8014554093567703 0.4043311403508773 0.8864334795322086 0.40570175438596495 0.9065358187134954 0.542763157894737
0 0.5382975146199279 0.3111293859649123 0.5355562865497526 0.20285087719298256 0.6214480994152497 0.20148026315789475 0.627844298245659 0.30975877192982454
0 0.6305855263158344 0.3111293859649123 0.6241893274854251 0.20148026315789477 0.7475445906433198 0.20285087719298245 0.7594232456140801 0.30701754385964913
0 0.7585095029240215 0.30975877192982454 0.7466308479532613 0.20285087719298245 0.8690723684210976 0.19599780701754385 0.8864334795322086 0.30838815789473684
0 0.5328150584795771 0.20010964912280702 0.5300738304094017 0.08223684210526319 0.6479466374269456 0.08634868421052634 0.6561703216374719 0.20010964912280704
0 0.6561703216374718 0.20285087719298245 0.648860380117004 0.09320175438596494 0.7658194444444894 0.07401315789473684 0.7813530701754837 0.190515350877193 0.6607390350877643 0.20559210526315788
0 0.782266812865542 0.20285087719298245 0.7685606725146649 0.09183114035087722 0.8498837719298696 0.09046052631578948 0.8663311403509223 0.19736842105263158
0 0.5401250000000449 0.07949561403508773 0.5410387426901035 0 0.6205343567251912 0 0.6205343567251912 0.0849780701754386
0 0.6205343567251911 0.08634868421052633 0.6196206140351327 0 0.7256147660819163 0.0041118421052631655 0.7320109649123258 0.08223684210526316 0.6488603801170041 0.09457236842105267 0.6488603801170041 0.08634868421052633
0 0.7320109649123256 0.08086622807017546 0.7247010233918579 0.0027412280701754384 0.8334364035088169 0.004111842105263197 0.8498837719298696 0.09320175438596491 0.7713019005848403 0.09320175438596491 0.7658194444444894 0.07401315789473684
2 0.2912703268618757 0.6711881445078006 0.29812995412492715 0.5888726173511835 0.3524793085937192 0.5896641128046125 0.34825799950876446 0.6711881445078004
2 0.3482579995087644 0.6735626308680877 0.35195164495809983 0.5896641128046125 0.4068286630625112 0.5920385991648995 0.4052456721556532 0.6719796399612296
2 0.4052456721556532 0.6743541263215166 0.4068286630625112 0.5928300946183286 0.46223334480254186 0.5912471037114705 0.46117801753130316 0.6743541263215166
2 0.2865213541413017 0.7479632034904145 0.2923256541331144 0.6696051536009426 0.34825799950876446 0.6703966490543716 0.34403669042380974 0.7519206807575596
2 0.34403669042380974 0.7527121762109886 0.3482579995087644 0.6711881445078006 0.40577333579127245 0.6719796399612296 0.40366268124879523 0.7511291853041306
2 0.40366268124879523 0.7519206807575596 0.4052456721556532 0.6719796399612296 0.46170568116692257 0.6719796399612296 0.46117801753130316 0.7527121762109886