0 0.0767543859649123 0.0836074561403509 0.09320175438596495 0 0 0 0 0.07264254385964915 0.06122076023391815 0.068530701754386
0 0.062134502923976626 0.07127192982456142 0.0411184210526316 0.18092105263157898 0 0.18092105263157898 0 0.06990131578947369
0 0.04111842105263158 0.17680921052631582 0.016447368421052648 0.30153508771929827 0.009137426900584805 0.2891995614035088 0 0.2891995614035088 2.077610338479825e-17 0.17817982456140352
0 0.17178362573099418 0.3769188596491228 0.19097222222222227 0.23848684210526316 0.3097587719298246 0.24396929824561403 0.2987938596491228 0.3769188596491228
0 0.2987938596491228 0.3769188596491228 0.30975877192982454 0.24671052631578955 0.42671783625730997 0.25082236842105265 0.42214912280701755 0.3782894736842105
0 0.42214912280701755 0.37828947368421056 0.42671783625730997 0.2508223684210527 0.5427631578947368 0.2549342105263159 0.5455043859649124 0.37691885964912286
0 0.19554093567251463 0.23985745614035087 0.21290204678362573 0.14528508771929827 0.21564327485380116 0.10690789473684213 0.3271198830409357 0.11376096491228073 0.31250000000000006 0.24945175438596492
0 0.31432748538011696 0.24671052631578946 0.3271198830409357 0.11376096491228073 0.4367690058479533 0.12061403508771933 0.4294590643274855 0.25493421052631576
0 0.4303728070175439 0.25082236842105265 0.43494152046783635 0.11787280701754387 0.5445906432748538 0.11924342105263158 0.5455043859649122 0.2576754385964912
0 0.13523391812865498 0.6606359649122807 0.15807748538011696 0.47423245614035087 0.2878289473684211 0.47834429824561414 0.268640350877193 0.664747807017544
0 0.27046783625730997 0.6661184210526315 0.2878289473684211 0.47286184210526316 0.41849415204678364 0.474232456140351 0.4102704678362573 0.6674890350877194
0 0.41118421052631576 0.6702302631578947 0.41849415204678364 0.47834429824561403 0.5491593567251463 0.4824561403508773 0.5500730994152048 0.6729714912280702
0 0.09777046783625733 0.8703399122807017 0.12792397660818713 0.6578947368421054 0.26681286549707606 0.6606359649122808 0.24579678362573104 0.8703399122807018
0 0.25219298245614036 0.8730811403508771 0.26864035087719296 0.6633771929824562 0.40844298245614036 0.6674890350877194 0.40021929824561403 0.8717105263157896
0 0.402046783625731 0.8717105263157895 0.41027046783625737 0.6688596491228072 0.5482456140350878 0.6743421052631579 0.5491593567251463 0.8758223684210528
0 0.6798245614035088 0.884046052631579 0.6706871345029242 0.7332785087719299 0.7483552631578947 0.7332785087719299 0.7629751461988304 0.8813048245614037
0 0.7648026315789473 0.884046052631579 0.7529239766081873 0.7360197368421054 0.918311403508772 0.7346491228070177 0.9384137426900585 0.8799342105263159
0 0.9420687134502924 0.8799342105263158 0.9210526315789476 0.7332785087719298 0.9987207602339183 0.7319078947368423 1 0.8813048245614037
0 0.6697733918128655 0.7360197368421053 0.6642909356725146 0.6003289473684211 0.8177997076023392 0.6003289473684211 0.8324195906432749 0.737390350877193
0 0.8379020467836257 0.7360197368421053 0.82328216374269 0.6003289473684211 0.9795321637426903 0.5934758771929824 1 0.7099780701754387 0.9987207602339181 0.7346491228070177
0 0.6789108187134503 0.5989583333333334 0.6697733918128655 0.47149122807017546 0.73921783625731 0.47149122807017557 0.7501827485380118 0.6003289473684211
0 0.7501827485380117 0.600328947368421 0.7401315789473685 0.47286184210526316 0.8863304093567254 0.47149122807017557 0.9036915204678364 0.5989583333333334
0 0.9046052631578947 0.600328947368421 0.8881578947368421 0.47012061403508765 1 0.46875 0.9987207602339181 0.5962171052631579
0 0.6578947368421053 0.3851425438596492 0.6533260233918129 0.2891995614035088 0.7191154970760234 0.2919407894736843 0.7264254385964912 0.37691885964912286
0 0.7291666666666666 0.3796600877192983 0.7182017543859651 0.2878289473684211 0.857090643274854 0.2864583333333333 0.872624269005848 0.37691885964912286
0 0.8753654970760234 0.37966008771929827 0.8570906432748538 0.28782894736842113 0.9914108187134503 0.28645833333333337 1 0.32346491228070184 1 0.37691885964912286
0 0.649671052631579 0.29194078947368424 0.6460160818713451 0.19873903508771928 0.7730263157894737 0.19736842105263158 0.7839912280701756 0.28919956140350883
0 0.7839912280701754 0.2864583333333333 0.7730263157894739 0.19599780701754393 0.9036915204678364 0.19188596491228072 0.9210526315789476 0.2905701754385965
0 0.9210526315789473 0.2878289473684211 0.9046052631578949 0.18914473684210525 0.9649122807017545 0.1877741228070176 0.9859283625730996 0.2864583333333333
0 0.6460160818713451 0.20148026315789475 0.6432748538011697 0.10964912280701758 0.700840643274854 0.10964912280701758 0.7072368421052632 0.20010964912280704
0 0.7063230994152047 0.19736842105263158 0.6999269005847955 0.10964912280701754 0.8214546783625732 0.10827850877192985 0.8333333333333334 0.1973684210526316
0 0.8324195906432749 0.19462719298245615 0.8214546783625732 0.10690789473684213 0.9411549707602341 0.10827850877192985 0.9594298245614035 0.18914473684210528