0 0.09777046783625731 0.07538377192982457 0.0712719298245614 0.20422149122807018 0.06030701754385969 0.19736842105263158 0 0.19736842105263158 0 0.07401315789473684
0 0.06487573099415204 0.19873903508771928 0.03837719298245614 0.32346491228070173 0.030153508771929856 0.30975877192982454 0 0.30838815789473684 0 0.20010964912280707
0 0.24853801169590642 0.17406798245614036 0.2631578947368421 0.05619517543859649 0.36732456140350883 0.06990131578947371 0.3600146198830409 0.18503289473684215
0 0.36001461988304095 0.18503289473684212 0.3673245614035088 0.0671600877192983 0.474232456140351 0.07675438596491231 0.46966374269005856 0.19188596491228074
0 0.4724049707602339 0.19325657894736842 0.4733187134502924 0.07538377192982457 0.5765716374269007 0.08223684210526319 0.5802266081871346 0.19873903508771937
0 0.23300438596491227 0.3015350877192983 0.24671052631578946 0.17406798245614036 0.36275584795321636 0.18503289473684215 0.3527046783625731 0.30701754385964913 0.23483187134502925 0.3001644736842105
0 0.35361842105263164 0.3111293859649123 0.36366959064327486 0.18640350877192985 0.47605994152046793 0.19599780701754385 0.474232456140351 0.30564692982456143
0 0.47423245614035087 0.30701754385964913 0.474232456140351 0.1946271929824562 0.5857090643274855 0.20285087719298248 0.5893640350877194 0.30975877192982454
0 0.19645467836257313 0.5756578947368423 0.21198830409356725 0.4043311403508772 0.33717105263157904 0.40570175438596495 0.3252923976608187 0.5797697368421054 0.19736842105263158 0.5770285087719298
0 0.17452485380116958 0.7510964912280702 0.19188596491228072 0.5770285087719299 0.3252923976608187 0.5811403508771931 0.31158625730994155 0.7565789473684211
0 0.3262061403508772 0.5783991228070176 0.33625730994152053 0.4043311403508773 0.4632675438596492 0.4043311403508773 0.45687134502923976 0.5852521929824561
0 0.3115862573099415 0.756578947368421 0.32529239766081874 0.5770285087719298 0.4586988304093567 0.5797697368421053 0.4550438596491229 0.7634320175438598
0 0.4550438596491228 0.7634320175438598 0.4596125730994153 0.5825109649122808 0.5884502923976608 0.5838815789473685 0.5948464912280702 0.7634320175438597
0 0.45687134502923976 0.5838815789473685 0.46326754385964913 0.41255482456140363 0.5884502923976608 0.415296052631579 0.5893640350877193 0.5838815789473685
0 0.695358187134503 0.5934758771929824 0.6798245614035088 0.4166666666666667 0.8031798245614035 0.4166666666666668 0.8251096491228072 0.5893640350877194
0 0.7044956140350878 0.7730263157894738 0.689875730994152 0.5893640350877194 0.8214546783625732 0.5893640350877194 0.8415570175438597 0.7730263157894737
0 0.8269371345029242 0.5921052631578949 0.8013523391812867 0.4139254385964912 0.9265350877192983 0.4125548245614035 0.9539473684210527 0.590734649122807
0 0.8415570175438598 0.7702850877192984 0.8214546783625731 0.5893640350877193 0.9493786549707603 0.5893640350877194 0.9804459064327488 0.767543859649123
0 0.9502923976608187 0.5934758771929824 1 0.5962171052631579 0.9996345029239768 0.7689144736842106 0.9804459064327488 0.7702850877192983
0 0.9274488304093568 0.4180372807017544 1 0.41803728070175444 0.9996345029239768 0.5879934210526315 0.9512061403508774 0.5879934210526317
0 0.6597222222222222 0.3481359649122807 0.6469298245614035 0.20559210526315796 0.7593201754385965 0.20422149122807023 0.7785087719298246 0.34539473684210537
0 0.6441885964912281 0.20833333333333334 0.6341374269005848 0.0918311403508772 0.7410453216374269 0.09183114035087722 0.7538377192982458 0.20559210526315788
0 0.7428728070175439 0.09594298245614036 0.8406432748538013 0.09183114035087721 0.8607456140350878 0.20833333333333337 0.7538377192982456 0.20422149122807018
0 0.8442982456140351 0.09868421052631579 0.9393274853801171 0.0973135964912281 0.9630847953216376 0.20970394736842107 0.8625730994152049 0.2110745614035088
0 0.7785087719298246 0.34676535087719296 0.7602339181286549 0.20422149122807018 0.8680555555555557 0.2083333333333334 0.8945540935672515 0.3495065789473684
0 0.8927266081871345 0.3508771929824561 0.8671418128654973 0.21107456140350878 0.9722222222222222 0.21107456140350878 1 0.3385416666666667 0.9877558479532164 0.35361842105263164
1 0.37280701754385964 0.023300438596491228 0.4331140350877194 0.024671052631578972 0.4331140350877194 0.05345394736842105 0.37006578947368424 0.05482456140350879
1 0.49342105263157904 0.02467105263157896 0.4322002923976609 0.023300438596491235 0.4303728070175439 0.05071271929824561 0.495248538011696 0.05619517543859649
1 0.4934210526315789 0.028782894736842105 0.5519005847953217 0.030153508771929845 0.5537280701754387 0.056195175438596506 0.4934210526315789 0.0548245614035088
1 0.4934210526315789 0.027412280701754402 0.4934210526315789 0.0013706140350877173 0.5546418128654971 0 0.5537280701754387 0.0287828947368421
1 0.4303728070175439 0.026041666666666668 0.43220029239766083 0 0.49250730994152053 0 0.4943347953216375 0.028782894736842122
1 0.3709795321637427 0.021929824561403508 0.37463450292397676 0 0.4331140350877194 1.5582077538598687e-17 0.43128654970760244 0.02604166666666668