2 0.291483918128655 0.1631030701754386 0.3755482456140351 0.16584429824561403 0.37646198830409355 0.2604166666666667 0.2951388888888889 0.2617872807017544
2 0.3755482456140351 0.1631030701754386 0.4276315789473684 0.16721491228070176 0.4294590643274854 0.2631578947368421 0.3755482456140351 0.2604166666666667
2 0.4294590643274854 0.16721491228070176 0.4815423976608188 0.1672149122807018 0.48336988304093575 0.26041666666666674 0.43128654970760244 0.2617872807017544
2 0.2951388888888889 0.2631578947368421 0.37646198830409355 0.26041666666666674 0.37646198830409366 0.3508771929824561 0.2960526315789474 0.3481359649122807
2 0.3782894736842105 0.2604166666666667 0.4276315789473684 0.26452850877192985 0.4285453216374269 0.35224780701754393 0.3773757309941521 0.3508771929824562
2 0.4285453216374269 0.26452850877192985 0.4769736842105264 0.26452850877192985 0.47880116959064334 0.35498903508771934 0.42763157894736853 0.35498903508771934
0 0.13249269005847952 0.6359649122807017 0.24396929824561403 0.6441885964912281 0.2540204678362573 0.8031798245614035 0.14802631578947373 0.7922149122807017
0 0.24579678362573099 0.6565241228070176 0.3645833333333333 0.6674890350877194 0.3718932748538012 0.8223684210526315 0.25584795321637427 0.8127741228070177
0 0.3755482456140351 0.6551535087719299 0.49159356725146197 0.6633771929824562 0.49159356725146197 0.825109649122807 0.37280701754385975 0.8168859649122807 0.3673245614035088 0.6565241228070176 0.3746345029239767 0.6551535087719298
0 0.1452850877192983 0.8004385964912282 0.25493421052631576 0.8086622807017544 0.26772660818713456 0.9484649122807017 0.1599049707602339 0.942982456140351
0 0.25858918128654973 0.815515350877193 0.3718932748538012 0.8209978070175439 0.37737573099415206 0.9594298245614035 0.26955409356725146 0.9457236842105263
0 0.37280701754385964 0.8127741228070176 0.4915935672514621 0.8223684210526317 0.49159356725146197 0.9676535087719298 0.37737573099415206 0.9594298245614035
0 0.5893640350877194 0.703125 0.5957602339181286 0.5688048245614037 0.6578947368421053 0.5742872807017544 0.6505847953216374 0.708607456140351
0 0.6524122807017544 0.7058662280701755 0.6588084795321638 0.5742872807017544 0.7236842105263158 0.5770285087719299 0.7172880116959064 0.7099780701754387
0 0.7154605263157896 0.7127192982456142 0.7245979532163743 0.5742872807017544 0.7894736842105263 0.5770285087719299 0.7812500000000001 0.7127192982456141
0 0.779422514619883 0.7140899122807017 0.7903874269005849 0.5783991228070177 0.8561769005847953 0.5783991228070176 0.847953216374269 0.7058662280701754
0 0.8497807017543859 0.7044956140350878 0.8580043859649125 0.5797697368421054 0.9219663742690059 0.5797697368421053 0.9091739766081871 0.7086074561403509
0 0.5765716374269005 0.8319627192982456 0.5811403508771931 0.7099780701754387 0.6962719298245615 0.7113486842105263 0.6917032163742691 0.8319627192982456
0 0.6926169590643275 0.8333333333333334 0.6971856725146199 0.7113486842105264 0.8132309941520469 0.7127192982456142 0.8031798245614037 0.8319627192982457
0 0.8031798245614035 0.834703947368421 0.8141447368421053 0.7099780701754387 0.9292763157894739 0.708607456140351 0.9137426900584797 0.830592105263158
0 0.5701754385964912 0.9457236842105263 0.5720029239766082 0.830592105263158 0.6332236842105264 0.8333333333333335 0.6295687134502925 0.9443530701754387
0 0.6295687134502925 0.9470942982456141 0.6332236842105263 0.8333333333333334 0.693530701754386 0.834703947368421 0.6880482456140351 0.9470942982456141
0 0.6880482456140351 0.9484649122807017 0.6953581871345029 0.8347039473684211 0.756578947368421 0.8319627192982456 0.7465277777777778 0.9443530701754386
0 0.7483552631578947 0.9484649122807017 0.7565789473684212 0.8319627192982456 0.8187134502923976 0.8360745614035088 0.8068347953216374 0.9443530701754386
0 0.8095760233918129 0.9402412280701754 0.8177997076023392 0.8347039473684211 0.8799342105263159 0.8360745614035088 0.8644005847953217 0.942982456140351