0 0.247624269005848 0.7538377192982457 0.3344298245614035 0.7510964912280703 0.3399122807017544 0.8552631578947368 0.25767543859649134 0.8621162280701754
0 0.3353435672514621 0.7483552631578949 0.4221491228070176 0.7456140350877193 0.42123538011695916 0.8525219298245615 0.3380847953216375 0.8566337719298246
0 0.4194078947368421 0.7415021929824561 0.5007309941520468 0.7401315789473686 0.5016447368421053 0.8415570175438597 0.42123538011695916 0.8484100877192983
0 0.2339181286549708 0.9635416666666667 0.32894736842105265 0.9566885964912282 0.3298611111111111 1 0.23848684210526316 0.9978070175438597
0 0.32803362573099415 0.9566885964912281 0.42214912280701755 0.9498355263157896 0.4230628654970761 1 0.33168859649122817 1
0 0.42489035087719307 0.9457236842105264 0.5135233918128655 0.9388706140350878 0.5116959064327486 1 0.4239766081871345 0.9991776315789473
2 0.26412967337870447 0.3498976234983062 0.325858855471705 0.34900729875658026 0.3335750032333301 0.44427204612125903 0.2694716218290603 0.44516237086298505
2 0.32585885547170507 0.3481169740148543 0.3881815873925229 0.34633632453140245 0.39411708567069603 0.43982042241262925 0.3335750032333301 0.44338172137953313
2 0.38877513722034024 0.34633632453140245 0.45287851862461015 0.34277502556449846 0.45584626776369663 0.4371494481874513 0.39292998601506146 0.43982042241262925
2 0.2754071201072334 0.44338172137953313 0.3650331441076478 0.4407107471543552 0.3691879929023689 0.5244012728765963 0.28074906855758924 0.5244012728765964
2 0.36562669393546504 0.43982042241262925 0.45525271793587935 0.4362591234457253 0.45822046707496594 0.5226206233931445 0.36800089324673424 0.5270722471017742
2 0.2890587661470316 0.650827386201684 0.28312326786885844 0.5680271852211689 0.34366535030622447 0.5689175099628949 0.346633099445311 0.6472660872347803
2 0.34366535030622447 0.5662465357377169 0.4030203330879558 0.5662465357377169 0.4059880822270423 0.6445951130096024 0.3472266492731284 0.6472660872347803
2 0.4042074327435904 0.5680271852211689 0.46118821621405254 0.5680271852211689 0.46237531586968716 0.6401434893009723 0.40658163205485964 0.6419241387844243
2 0.5042728794687985 0.2936329557550874 0.5421610027920355 0.29295638212431535 0.5421610027920355 0.36602633424770115 0.5042728794687985 0.36670290787847326
2 0.5430631009663983 0.2943095293858596 0.5791470279409098 0.2922798084935433 0.578244929766547 0.36264346609384074 0.5421610027920355 0.3633200397246128
2 0.5786959788537285 0.29092666123199906 0.6269582311821376 0.2875437930781386 0.6256050839205932 0.36061374520152445 0.5777938806793655 0.3619668924630686
2 0.6269582311821376 0.2875437930781386 0.6774757289464536 0.2861906458165945 0.6756715325977282 0.3565543034168919 0.6256050839205932 0.35993717157075233
2 0.5002134376841659 0.4336836973249102 0.49976238859698446 0.36602633424770115 0.5493777881869377 0.3633200397246128 0.5502798863613005 0.43300712369413813 0.5015665849457099 0.4336836973249102
2 0.5493777881869378 0.43368369732491024 0.5489267390997564 0.36264346609384074 0.5976400405153469 0.35993717157075233 0.5989931877768911 0.42962425554027767
2 0.5989931877768911 0.4282711082787335 0.5976400405153469 0.3612903188322965 0.6350771147514026 0.35790745067843605 0.6359792129257654 0.4235350928633289
2 0.635528163838584 0.42353509286332885 0.635528163838584 0.3592605979399802 0.6684547472028258 0.35723087704766404 0.6666505508541003 0.4215053719710126
2 0.5029197322072542 0.4972816186174868 0.5024686831200729 0.4330071236941382 0.5376505119202215 0.43368369732491024 0.5385526100945843 0.49389875046362636
2 0.5385526100945843 0.4966050449867147 0.5381015610074029 0.4343602709556823 0.5728323407203703 0.43368369732491024 0.5737344388947331 0.49592847135594265
2 0.5737344388947331 0.4966050449867147 0.5728323407203703 0.4309774028018219 0.622898789397505 0.4289476819095056 0.6219966912231422 0.49322217683285424 0.5741854879819144 0.4966050449867147
2 0.6224477403103236 0.49254560320208207 0.6233498384846864 0.4262413873864173 0.6711610417259142 0.4248882401248731 0.6711610417259141 0.4891627350482217
2 0.5065281249047054 0.535846315571496 0.5412589046176727 0.535846315571496 0.5399057573561286 0.5947082214486679 0.506077075817524 0.5947082214486679
2 0.5412589046176727 0.5351697419407239 0.5755386352434587 0.5344931683099517 0.5750875861562773 0.5920019269255795 0.5399057573561284 0.5920019269255795 0.5403568064433099 0.5371994628330402
2 0.57598968433064 0.5331400210484076 0.6228987893975051 0.5324634474176355 0.6224477403103235 0.5913253532948074 0.5746365370690959 0.5920019269255795
2 0.66980789446437 0.528404005633003 0.6675526490284629 0.588619058771719 0.6224477403103236 0.5899722060332632 0.6219966912231423 0.5331400210484076
2 0.5042728794687985 0.59538479507944 0.5502798863613005 0.5926785005563516 0.5493777881869378 0.6488341119104352 0.5029197322072542 0.6501872591719793
2 0.5502798863613005 0.5913253532948074 0.5967379423409841 0.5926785005563517 0.5958358441666214 0.6495106855412073 0.5489267390997563 0.6488341119104352
2 0.5971889914281656 0.5920019269255795 0.6319197711411328 0.5906487796640353 0.6305666238795887 0.648157538279663 0.5976400405153469 0.6474809646488909
2 0.6341750165770399 0.588619058771719 0.6680036981156443 0.5886190587717192 0.665297403592556 0.6461278173873467 0.6314687220539515 0.6488341119104352
2 0.5065281249047054 0.7083725914183792 0.506077075817524 0.6501872591719792 0.5390036591817657 0.6495106855412072 0.5394547082689471 0.7043131496337466 0.5056260267303425 0.7076960177876069
2 0.5399057573561286 0.7056662968952908 0.5399057573561286 0.6495106855412073 0.5723812916331888 0.6495106855412073 0.5714791934588263 0.7036365760029745
2 0.5719302425460074 0.7036365760029745 0.5728323407203703 0.6495106855412072 0.618388298525691 0.648157538279663 0.6174862003513283 0.7022834287414303
2 0.6188393476128724 0.7016068551106582 0.6188393476128724 0.648157538279663 0.6648463545053747 0.6468043910181189 0.6625911090694677 0.700253707849114
1 0.9224914520801927 0.42326078389561783 0.9282370735810382 0.3533557223019977 0.9863316909784758 0.34952530796810066 0.9793092646996647 0.4165575588112981
1 0.9793092646996647 0.4194303695617208 0.9863316909784758 0.34952530796810066 0.9990997387581326 0.3485677043846264 0.9990997387581326 0.4184727659782466
1 0.9122770138564673 0.4922082419057636 0.9186610377462958 0.42326078389561783 0.974840447976785 0.41847276597824656 0.9684564240869566 0.4874202239883924
1 0.970371631253905 0.4855050168214439 0.9767556551437336 0.41943036956172075 0.9990997387581326 0.41943036956172075 0.9990997387581324 0.4788017917371242
1 0.9052545875776562 0.5487068533307443 0.9103618066895188 0.493165845489238 0.966541216920008 0.48933543115534095 0.9576035834742486 0.5487068533307443
1 0.9595187906411969 0.5506220604976929 0.9665412169200078 0.48646262040491817 0.9990997387581326 0.48263220607102125 0.9978229339801669 0.5506220604976928
1 0.8963169541318966 0.6176543113408903 0.9033393804107076 0.5487068533307443 0.958880388252214 0.5506220604976928 0.9505811571954371 0.6195695185078388
1 0.9512195595844202 0.6166967077574159 0.9601571930301799 0.5496644569142185 0.9990997387581326 0.5477492497472701 0.9984613363691495 0.616696707757416
1 0.8886561254641027 0.7201178947726349 0.8969553565208792 0.6684073012650255 0.928875475970021 0.6597888690137572 0.9480275476395059 0.6607464725972314 0.9403667189717119 0.7229907055230576
1 0.9403667189717121 0.7191602911891605 0.9480275476395059 0.6578736618468087 0.9990997387581326 0.6588312654302829 0.9939925196462699 0.7201178947726349
1 0.8841873087412229 0.7718284882802443 0.8899329302420683 0.7201178947726348 0.9397283165827292 0.7191602911891605 0.9307906831369696 0.7747012990306669
1 0.9307906831369696 0.7756589026141413 0.9416435237496775 0.7210754983561092 0.9920773124793213 0.7191602911891607 0.9844164838115272 0.7699132811132958
1 0.8746112729064802 0.8235390817878536 0.882910503963257 0.7718284882802442 0.9301522807479867 0.7747012990306669 0.9218530496912097 0.8225814782043793
1 0.9212146473022271 0.8206662710374311 0.9301522807479867 0.7727860918637186 0.9812244718666132 0.7718284882802443 0.9722868384208536 0.8187510638704825
1 0.8650352370717376 0.8742920717119889 0.8720576633505487 0.8225814782043794 0.9218530496912098 0.820666271037431 0.9129154162454503 0.8723768645450404
1 0.9148306234123988 0.8723768645450405 0.9205762449132442 0.8216238746209052 0.971010033642888 0.8187510638704825 0.9639876073640767 0.8675888466276691
1 0.9659028145310254 0.866631243044195 0.9735636431988193 0.816835856703534 1 0.8158782531200597 0.9927157148683042 0.8656736394607206
1 0.9729252408098366 0.8187510638704826 0.9818628742555962 0.7689556775298215 1 0.7689556775298215 1 0.8158782531200597