0 0.12426900584795321 0.6126644736842105 0.10782163742690062 0.45915570175438597 0 0.45641447368421056 0 0.6112938596491229
0 0.12426900584795321 0.6167763157894737 0.10873538011695906 0.4632675438596491 0.249451754385965 0.46189692982456154 0.25950292397660824 0.6140350877192983
0 0.26224415204678364 0.6126644736842105 0.2512792397660819 0.4605263157894736 0.35087719298245623 0.4605263157894737 0.35635964912280704 0.6140350877192984
0 0.007309941520467836 0.7552083333333334 0 0.7099780701754387 0 0.6154057017543859 0.11970029239766082 0.6167763157894737 0.135233918128655 0.7524671052631579
0 0.13797514619883042 0.7524671052631579 0.12426900584795321 0.6154057017543861 0.2576754385964913 0.6167763157894737 0.266812865497076 0.7538377192982456
0 0.2713815789473684 0.7497258771929824 0.26133040935672514 0.6126644736842105 0.3536184210526316 0.6154057017543861 0.35910087719298256 0.752467105263158
0 0.02284356725146199 0.8826754385964912 0.004568713450292418 0.7510964912280703 0.133406432748538 0.7552083333333335 0.14345760233918134 0.8826754385964913
0 0.15076754385964916 0.8813048245614037 0.13614766081871352 0.7538377192982457 0.2658991228070176 0.7538377192982457 0.2741228070175439 0.8854166666666666
0 0.2768640350877193 0.884046052631579 0.2677266081871345 0.7552083333333334 0.3572733918128655 0.7579495614035089 0.3609283625730995 0.8854166666666667
0 0.04111842105263158 0.9731359649122807 0.15625000000000003 0.971765350877193 0.1599049707602339 1 0.0447733918128655 1
0 0.15899122807017543 0.9690241228070176 0.28051900584795325 0.9676535087719298 0.28051900584795325 1 0.15990497076023397 1
0 0.2805190058479532 0.9662828947368421 0.36732456140350883 0.9621710526315791 0.37006578947368424 1 0.28326023391812866 1
1 0.5317982456140352 0.5413925438596491 0.5336257309941521 0.4262609649122807 0.6112938596491229 0.4276315789473684 0.6076388888888888 0.5386513157894737
1 0.6085526315789473 0.5427631578947368 0.6131213450292399 0.4262609649122807 0.6889619883040936 0.42763157894736853 0.6843932748538012 0.5400219298245615
1 0.6853070175438597 0.5427631578947368 0.6889619883040936 0.4262609649122807 0.7648026315789473 0.4262609649122808 0.7574926900584797 0.5413925438596493
1 0.5244883040935673 0.6414473684210528 0.5272295321637427 0.5386513157894737 0.6012426900584796 0.5400219298245614 0.5985014619883042 0.6414473684210527
1 0.5994152046783626 0.6414473684210527 0.6012426900584796 0.5359100877192984 0.6752558479532164 0.5386513157894738 0.6716008771929824 0.6414473684210527
1 0.672514619883041 0.6441885964912281 0.6761695906432749 0.5372807017543859 0.7501827485380117 0.5413925438596493 0.7465277777777779 0.640076754385965
1 0.51078216374269 0.78125 0.5107821637426901 0.6880482456140351 0.5208333333333334 0.689418859649123 0.5208333333333334 0.7044956140350879 0.5838815789473685 0.7044956140350879 0.5802266081871346 0.7798793859649124
1 0.5820540935672516 0.78125 0.5857090643274855 0.7031250000000001 0.6560672514619884 0.7044956140350878 0.6505847953216374 0.7839912280701755
1 0.6533260233918129 0.7826206140350878 0.6551535087719299 0.7017543859649122 0.7264254385964912 0.7044956140350878 0.7191154970760234 0.78125 0.6551535087719298 0.7826206140350878
1 0.5126096491228072 0.8717105263157895 0.5098684210526316 0.7798793859649122 0.5811403508771931 0.7826206140350878 0.5793128654970761 0.8717105263157895
1 0.5802266081871346 0.8689692982456142 0.5811403508771931 0.7812500000000001 0.651498538011696 0.7839912280701755 0.6478435672514621 0.8689692982456142
1 0.647843567251462 0.8662280701754386 0.6505847953216376 0.7826206140350879 0.7191154970760234 0.7839912280701755 0.714546783625731 0.8675986842105264
1 0.8579467410704945 0.3194766658383125 0.8646233694056734 0.23535114881505778 0.9641051315998396 0.22934218331339676 0.9547578519305893 0.3154706888372052
1 0.8552760897364228 0.38557528635658406 0.8579467410704945 0.316472183087482 0.9200393845876587 0.3154706888372052 0.9126950934189618 0.38557528635658406
1 0.9140304190859976 0.38657678060686096 0.9193717217541408 0.3154706888372051 0.9554255147641072 0.3154706888372052 0.9467458979283744 0.3825708036057535
1 0.8559437525699408 0.4456649413731946 0.860617392404566 0.3835722978560304 0.9467458979283744 0.3825708036057535 0.936730955425606 0.4516739068748557
1 0.8532731012358692 0.5097605733909125 0.8586144039040124 0.4466664356234715 0.9140304190859976 0.44866942412402516 0.9080214535843365 0.5117635618914661
1 0.9073537907508187 0.5137665503920199 0.9133627562524798 0.4466664356234715 0.9380662810926418 0.4466664356234715 0.930054327090427 0.5127650561417431 0.9106921049184081 0.5137665503920199
1 0.8566114154034585 0.563841262905862 0.860617392404566 0.5107620676411894 0.9280513385898733 0.5137665503920199 0.9220423730882124 0.5748576996589072
1 0.8452611472336544 0.6750071246865914 0.8492671242347619 0.6269354006733031 0.9140304190859975 0.6299398834241337 0.9086891164178547 0.6770101131871451
1 0.8319078905632965 0.7401042509545862 0.8379168560649576 0.6860235614396367 0.8899945570793535 0.689028044190467 0.8819826030771387 0.7401042509545861
1 0.8312402277297788 0.7901789634684282 0.8372491932314398 0.7421072394551398 0.8973388482480503 0.7441102279556935 0.8926652084134249 0.7891774692181515
1 0.8265665878951535 0.8382506874817165 0.8332432162303323 0.7871744807175978 0.8826502659106565 0.7881759749678745 0.8759736375754776 0.8372491932314398
1 0.8272342507286713 0.8843194229944514 0.8345785418973682 0.8362476989811629 0.886656242911764 0.8372491932314398 0.8799796145765851 0.8843194229944513
1 0.9280513385898733 0.8843194229944514 0.9353956297585703 0.8332432162303324 0.9721170856020546 0.8342447104806092 0.9654404572668756 0.8823164344938976
1 0.9400692695931954 0.8352462047308861 0.949416549262446 0.7881759749678745 0.9994912617762883 0.7881759749678746 0.9968206104422166 0.8352462047308861
1 0.9414045952602313 0.7881759749678746 0.9500842120959639 0.7360982739534787 0.9954852847751808 0.7360982739534787 0.9868056679394482 0.7901789634684281
1 0.9681111086009471 0.879311951743067 0.9741200741026081 0.8332432162303323 1 0.8332432162303323 0.9994912617762883 0.8823164344938976
1 0.956093177597625 0.7350967797032019 0.9647727944333576 0.6820175844385292 1 0.678011607437422 1 0.7360982739534787
1 0.9587638289316965 0.678011607437422 0.9661081201003934 0.6269354006733029 1 0.626935400673303 0.9921469706075912 0.6850220671893599
2 0.25469397961737716 0.26405772886801604 0.24657873026682348 0.1666747366613718 0.33085247352257324 0.16480198681124406 0.33522222317287137 0.2631213539429521
2 0.33584647312291394 0.26312135394295216 0.3321009734226584 0.164801986811244 0.3857864691263213 0.1666747366613718 0.3882834689264916 0.26124860409282435
2 0.38890771887653425 0.26312135394295216 0.38453796922623606 0.16573836173630793 0.4382234649298989 0.16761111158643568 0.43947196482998413 0.25750310439256885
2 0.47942396163270995 0.2518848548421855 0.4787997116826674 0.1573109874107329 0.5599522051882042 0.15731098741073293 0.558703705288119 0.2528212297672494
2 0.5580794553380765 0.2528212297672494 0.5612007050882893 0.1591837372608607 0.610516451141654 0.1573109874107329 0.6105164511416541 0.2518848548421854
2 0.6111407010916967 0.2528212297672494 0.6111407010916967 0.15731098741073296 0.6629534469452316 0.15637461248566906 0.662329196995189 0.2500121049920577
2 0.4787997116826674 0.346458722273638 0.47817546173262476 0.25375760469231323 0.5574552053880338 0.25375760469231323 0.5549582055878635 0.3427132225733825
2 0.5568309554379912 0.3455223473485742 0.558703705288119 0.2528212297672494 0.6092679512415689 0.2528212297672494 0.607395201391441 0.3417768476483185
2 0.6105164511416541 0.3436495974984464 0.6117649510417392 0.2518848548421855 0.6617049470451465 0.2500121049920577 0.6585836972949336 0.33803134794806305 0.6105164511416541 0.3427132225733825
2 0.47942396163270995 0.42979609060432405 0.4787997116826674 0.3455223473485742 0.5568309554379912 0.3427132225733825 0.5549582055878635 0.35301334674908535 0.5243699580357766 0.3511405968989575 0.5218729582356062 0.4251142159790046