0 0.11489368144226444 0.8946500635835151 0.14192748884044432 0.699499766427904 0.272872493425378 0.7007669761496939 0.2568211702827088 0.8959172733053046
0 0.1334794240285131 0.7020341858714836 0.15882361846430673 0.5157543567684002 0.28301017119969546 0.5195559859337693 0.2686484610194124 0.7007669761496937
0 0.2678036545382193 0.6982325567061145 0.2838549776808886 0.5132199373248209 0.40888633689747045 0.5157543567684002 0.4038174980103117 0.703301395593273
0 0.4038174980103118 0.7007669761496939 0.41057594985985674 0.5170215664901899 0.5356073090764386 0.5233576150991383 0.5356073090764385 0.7058358150368523
0 0.2559763638015156 0.8997189024706738 0.2711828804629918 0.699499766427904 0.40719672393508416 0.7020341858714834 0.39874865912315294 0.9035205316360426
0 0.39790385264196 0.9035205316360427 0.40466230449150487 0.703301395593273 0.5389865350012111 0.7071030247586421 0.5398313414824042 0.9085893705232014 0.5305384701892798 0.898451692748884
0 0.6268464090452956 0.5233576150991384 0.7501881552994912 0.524624824820928 0.7653946719609674 0.7071030247586421 0.6361392803384199 0.7083702344804318
0 0.6336048608948407 0.7083702344804319 0.762860252517388 0.7071030247586421 0.7789115756600575 0.9009861121924634 0.6454321516315443 0.8971844830270944
0 0.7645498654797743 0.7058358150368524 0.748498542337105 0.5233576150991383 0.8718402885913007 0.5296936637080867 0.8921156441399356 0.7134390733675905
0 0.7620154460361952 0.7083702344804319 0.8904260311775494 0.7121718636458008 0.9149254191321499 0.9009861121924634 0.7789115756600575 0.9009861121924634
0 0.8895812246963561 0.7121718636458009 0.8718402885913007 0.5309608734298765 0.9833547441087926 0.5347625025952456 1 0.6513457969998963 1 0.7159734928111698
0 0.6141743118273988 0.28765660684625766 0.608260666459047 0.150797956892972 0.7155510895705733 0.15459958605834112 0.727378380307277 0.29145823601162674
0 0.7189303154953458 0.1457291180058133 0.825375932125679 0.14953074717118242 0.8431168682307345 0.28892381656804733 0.7273783803072769 0.28258776795909885
0 0.825375932125679 0.14699632772760302 0.9326663552372053 0.15206516661476174 0.9546313237482266 0.29145823601162674 0.8422720617495416 0.2863893971244679
0 0.6158639247897851 0.28765660684625766 0.7307576062320496 0.2914582360116266 0.7425848969687532 0.42704967624312257 0.6327600544136475 0.42198083735596376 0.6260016025641024 0.43592014429565035
0 0.7290679932696633 0.29145823601162674 0.8414272552683483 0.2977942846205751 0.86085780433579 0.433385724852071 0.7400504775251738 0.429584095686702
0 0.8405824487871554 0.2990614943423648 0.9478728718986816 0.3028631235077338 0.971527453372089 0.4384545637392297 0.860012997854597 0.43592014429565035
1 0.29061342953043356 0.5157543567684002 0.29737188137997855 0.4523938706789161 0.3691804322813938 0.4561954998442852 0.36495639987542816 0.5182887762119796
1 0.36580120635662133 0.5170215664901899 0.3691804322813938 0.4574627095660749 0.44098898318280905 0.4612643387314439 0.43929937022042287 0.520823195655559
1 0.4384545637392297 0.520823195655559 0.44014417670161593 0.46126433873144396 0.5127975340842242 0.46633317761860266 0.511107921121838 0.5271592442645074
0 0.08406432748538012 0.023300438596491276 0 0.019188596491228078 0.0018274853801169798 0.11101973684210527 0.06487573099415207 0.12198464912280704
0 0.06304824561403509 0.12198464912280703 0.04111842105263158 0.23574561403508776 0 0.23574561403508776 0 0.11239035087719298
0 0.0356359649122807 0.23711622807017543 0.015533625730994172 0.3453947368421053 0.007309941520467836 0.33305921052631576 0 0.33168859649122806 0 0.234375