2 0.23024984920689223 0.23426224604293722 0.2759294439557126 0.23426224604293724 0.2833369458068727 0.312041015480118 0.23704005923712226 0.31389289094290806
2 0.2771640275975727 0.2333363083115422 0.34444883607894333 0.2305584951173572 0.34815258700452334 0.30926320228593296 0.2814850703440827 0.312041015480118
2 0.3438315442580133 0.23148443284875223 0.40617801817194393 0.23148443284875223 0.40864718545566386 0.30926320228593296 0.3487698788254533 0.30926320228593296
2 0.23765735105805227 0.31296695321151297 0.28457152944873276 0.312966953211513 0.2895098640161728 0.3879679094545087 0.24321297744642234 0.38981978491729874
2 0.2833369458068727 0.312041015480118 0.34753529518359333 0.310189140017328 0.35185633793010335 0.38611603399171873 0.2888925721952428 0.3879679094545087
2 0.34753529518359333 0.310189140017328 0.4092644772765939 0.31111507774872305 0.411733644560314 0.38333822079753366 0.35062175428824344 0.3851900962603237
2 0.24444756108828236 0.3898197849172987 0.28950986401617274 0.3861160339917187 0.29321361494175285 0.4555613638463443 0.2512377711185124 0.45741323930913436
2 0.2888925721952428 0.3870419717231137 0.3518563379301034 0.3870419717231137 0.3543255052138234 0.45278355065215936 0.29444819858361276 0.45463542611494934
2 0.3506217542882434 0.3851900962603237 0.41235093638124387 0.38426415852892865 0.41728927094868407 0.4453760488009993 0.35556008885568346 0.4500057374579743
2 0.24876860383479238 0.5000063749533048 0.29321361494175285 0.4990804372219099 0.2969173658673328 0.5611182652253753 0.2524723547603724 0.5638960784195604
2 0.2944481985836128 0.5000063749533047 0.3537082133928934 0.5009323126846998 0.3555600888556834 0.5564885765684003 0.29630007404640285 0.5601923274939804
2 0.3537082133928934 0.5000063749533047 0.41235093638124387 0.5009323126846997 0.4135855200231039 0.5555626388370053 0.3561773806766134 0.5555626388370053
2 0.2537069384022324 0.5629701406881653 0.29568278222547284 0.5601923274939804 0.2987692413301229 0.618526404571866 0.2592625647906025 0.619452342303261
2 0.29630007404640285 0.5601923274939804 0.35556008885568335 0.5574145142997954 0.35926383978126347 0.615748591377681 0.29938653315105285 0.6185264045718658
2 0.3561773806766134 0.5564885765684003 0.412968228202174 0.5546367011056104 0.4154373954858939 0.6129707781834959 0.35802925613940345 0.6148226536462859
2 0.2592625647906025 0.620378280034656 0.30000382497198286 0.6185264045718659 0.3037075758975629 0.6796382948439365 0.26173173207432254 0.6824161080381217 0.2586452729696725 0.623156093228841
2 0.29938653315105285 0.619452342303261 0.3586465479603334 0.615748591377681 0.36173300706498346 0.6768604816497514 0.3018557004347729 0.6777864193811465
2 0.3586465479603334 0.6148226536462859 0.4154373954858939 0.612970778183496 0.41790656276961397 0.6731567307241714 0.3598811316021934 0.6759345439183564
2 0.4345734419347241 0.3379672719591782 0.49136428946028465 0.33704133422778326 0.4932161649230748 0.42130166778472905 0.43765990103937424 0.421301667784729
2 0.49074699763935464 0.3379672719591782 0.5481551369858453 0.3351894587649932 0.5493897206277053 0.42130166778472905 0.4938334567440048 0.424079480978914
2 0.5481551369858453 0.33426352103359824 0.6055632763323359 0.32963383237662314 0.6043286926904757 0.41574604139635896 0.5487724288067752 0.4185238545905441
2 0.43765990103937413 0.423153543247519 0.4938334567440048 0.42130166778472905 0.49630262402772485 0.49908043722190987 0.4407463601440243 0.5018582504160949
2 0.4944507485649347 0.4231535432475191 0.5493897206277053 0.42130166778472905 0.5500070124486353 0.4953766862963297 0.49691991584865475 0.49908043722190976
2 0.5500070124486351 0.420375730053334 0.6037114008695458 0.4148201036649639 0.6030941090486158 0.49352481083353966 0.5487724288067753 0.4963026240277248
2 0.4500057374579743 0.5481551369858452 0.5018582504160948 0.5435254483288703 0.5037101258788848 0.6046373386009408 0.45124032109983436 0.6074151517951258
2 0.5024755422370247 0.5463032615230552 0.5537107633742153 0.5435254483288702 0.5555626388370053 0.6000076499439657 0.5037101258788848 0.6046373386009408
2 0.5537107633742152 0.5453773237916603 0.6055632763323359 0.5398216974032902 0.6061805681532658 0.5972298367497807 0.5561799306579353 0.5963038990183857
2 0.5043274176998148 0.6055632763323359 0.5055620013416748 0.6685270420671965 0.4530921965626244 0.6713048552613815 0.4518576129207644 0.6074151517951258
2 0.5030928340579548 0.6055632763323359 0.5555626388370053 0.6018595254067558 0.5567972224788654 0.6629714156788263 0.5049447095207449 0.6657492288730114
2 0.5549453470160753 0.6009335876753608 0.6055632763323358 0.5972298367497807 0.6049459845114058 0.6629714156788263 0.5555626388370053 0.6629714156788263