1 0.27307409890881884 0.2573840223211483 0.37522651243705674 0.25437953957031784 0.37789716377112825 0.32648712559025045 0.27841540157696204 0.3274886198405273
1 0.3765618381040925 0.25638252807087153 0.435983830287185 0.2553810338205946 0.4386544816212567 0.3244841370896967 0.3772295009376104 0.3254856313399736
1 0.43598383028718507 0.25437953957031784 0.4947381596367599 0.2553810338205947 0.4960734853037957 0.32448413708969676 0.43731915595422094 0.32548563133997366
1 0.2790830644104799 0.32748861984052724 0.33783739376005467 0.3264871255902504 0.3411757079276441 0.3935872403587989 0.28308904141158725 0.3955902288593525
1 0.3378373937600546 0.3264871255902504 0.39859471161018306 0.3274886198405273 0.39993003727721876 0.3915842518582451 0.34117570792764407 0.3915842518582451
1 0.3972593859431472 0.3254856313399736 0.4987441366378672 0.3234826428394199 0.4994117994713852 0.3885797691074146 0.39993003727721893 0.3915842518582451
1 0.2931039839143558 0.4606873551273472 0.2877626812462125 0.3945887346090757 0.38724444344037884 0.3905827576079683 0.3899150947744504 0.45467838962568613
1 0.3892474319409325 0.45968586087707036 0.38657678060686096 0.3915842518582451 0.4446634471229178 0.3905827576079683 0.4480017612905072 0.4536768953754093
1 0.4480017612905072 0.45567988387596303 0.44399578428939995 0.3875782748571378 0.5020824508054568 0.39058275760796834 0.5040854393060104 0.45367689537540934
1 0.2991129494160168 0.5207770101439576 0.29510697241490935 0.45868436662679357 0.3505229875968946 0.455679883875963 0.3538613017644841 0.518774021643404
1 0.3538613017644841 0.519775515893681 0.3505229875968947 0.4566813781262399 0.40727432844591566 0.45768287237651667 0.40927731694646935 0.5167710331428503
1 0.41128030544702304 0.518774021643404 0.40927731694646935 0.45668137812623993 0.5054207649730461 0.45267540112513255 0.5067560906400819 0.5177725273931272
1 0.30645724058471363 0.5828696536611219 0.3024512635836063 0.5177725273931272 0.3999300372772188 0.5177725273931272 0.40193302577777257 0.5808666651605683
1 0.4026006886112904 0.5818681594108452 0.40059770011073675 0.5157695388925735 0.45534605245920406 0.5157695388925735 0.45734904095975776 0.5768606881594608
1 0.4566813781262399 0.5768606881594608 0.4566813781262399 0.5147680446422966 0.5120973933082251 0.5167710331428504 0.5120973933082251 0.5738562054086304
1 0.3138015317534104 0.6810160901882524 0.31113088041933884 0.6319428719246871 0.40326835144480827 0.6309413776744104 0.4066066656123978 0.6840205729390829
1 0.4059390027788798 0.6840205729390829 0.40393601427832626 0.6299398834241335 0.45868436662679357 0.6289383891738566 0.46001969229382933 0.6840205729390829
1 0.46335800646141884 0.6830190786888061 0.4613550179608651 0.6289383891738566 0.5154357074758146 0.6289383891738566 0.5154357074758146 0.6810160901882524
1 0.30111593791657043 0.7461132164562473 0.297777623748981 0.6930340211915744 0.35252597609744835 0.6940355154418513 0.35452896459800204 0.7451117222059703
1 0.36120559293318094 0.747114710706524 0.35786727876559155 0.6930340211915743 0.4139509567810946 0.6930340211915744 0.4146186196146125 0.7451117222059703
1 0.4273042134514525 0.7411057452048628 0.4259688877844167 0.6820175844385293 0.5181063588098862 0.6810160901882524 0.5194416844769218 0.7370997682037556
1 0.31246620608637465 0.8001939059711966 0.3091278919187852 0.7481162049568009 0.39993003727721893 0.7451117222059703 0.4019330257777725 0.7921819519689819
1 0.4152862824481304 0.7951864347198124 0.41595394528164825 0.7401042509545861 0.46736398346252617 0.7401042509545861 0.4666963206290083 0.7901789634684281
1 0.46803164629604405 0.7931834462192587 0.46803164629604405 0.7381012624540325 0.519441684476922 0.7370997682037556 0.519441684476922 0.7921819519689819
1 0.31113088041933884 0.797189423220366 0.36387624426725257 0.7951864347198124 0.367214558434842 0.8412551702325471 0.31780750875451785 0.8432581587331008
1 0.36587923276780626 0.7951864347198124 0.4172892709486841 0.7911804577187049 0.4206275851162736 0.8382506874817165 0.36921754693539566 0.8412551702325471
1 0.4319778532860778 0.8362476989811629 0.43064252761904204 0.7911804577187049 0.519441684476922 0.7931834462192587 0.5174386959763684 0.8362476989811629
1 0.32515179992321463 0.8903283884961123 0.32314881142266094 0.842256664482824 0.41261563111405886 0.8372491932314398 0.41261563111405886 0.8893268942458356
1 0.41595394528164825 0.8893268942458356 0.4152862824481304 0.8362476989811629 0.4653609949619725 0.8362476989811629 0.4653609949619725 0.8833179287441745
1 0.4666963206290083 0.8863224114950049 0.46736398346252617 0.836247698981163 0.5174386959763683 0.8352462047308861 0.5174386959763683 0.8813149402436208
1 0.13753854370468624 0.550821837652263 0.12552061270136416 0.44165896437208724 0.16825103404650943 0.43665149312070295 0.1796013022163136 0.5478173549014325
1 0.14488283487338313 0.6509712626799472 0.13620321803765048 0.5478173549014326 0.18093662788334947 0.5488188491517093 0.19161923321963573 0.645963791428563
1 0.06943693468586104 0.5528248261528167 0.05541601518198524 0.4406574701218104 0.12685593836839995 0.4396559758715335 0.13687088087116836 0.5498203434019862
1 0.07077226035289684 0.550821837652263 0.1368708808711684 0.5478173549014325 0.14488283487338313 0.6519727569302239 0.13219724103654312 0.6519727569302239 0.08145486568918313 0.6289383891738567
1 0.0373891186770021 0.6519727569302239 0 0.6569802281816082 0 0.5518233319025397 0.022032873506090532 0.5518233319025398
1 0.011350268169804207 0.7931834462192587 0 0.7140654004473881 0.047404061179770515 0.7110609176965578 0.06075731785012839 0.7881759749678745
1 0.01602390800442947 0.7951864347198124 0.03004482750830526 0.8712999977408524 0.07344291168696841 0.8692970092402987 0.05942199218309262 0.7851714922170439 0.0133532566703579 0.7921819519689819
1 0.09547578519305894 0.7100594234462808 0.14020919503875787 0.7090579291960039 0.1488888118744905 0.7891774692181514 0.10615839052934524 0.7901789634684281
1 0.10682605336286312 0.791180457718705 0.1495564747080084 0.7891774692181515 0.15957141721077678 0.8712999977408524 0.120179310033221 0.8712999977408523 0.10482306486230944 0.7941849404695355
1 0.1422121835393116 0.709057929196004 0.19295455888667154 0.7070549406954503 0.20230183855592201 0.7851714922170439 0.1508918003750442 0.7861729864673208
1 0.1488888118744905 0.7841699979667671 0.20163417572240414 0.7851714922170439 0.2116491182251726 0.8692970092402986 0.16023908004429466 0.872301491991129
2 0.02670651334071578 0.16825103404650943 0.11016436753045261 0.16724953979623258 0.12084697286673891 0.2613899993222557 0.04139509567810947 0.26239149357253255
2 0.0373891186770021 0.2653959763233631 0.12017931003322103 0.26239149357253255 0.12885892686895364 0.3495214933466178 0.04740406117977051 0.3555304588482788
2 0.120179310033221 0.26239149357253255 0.1495564747080084 0.26138999932225576 0.15823609154374102 0.34551551634551037 0.12952658970247155 0.34851999909634096
2 0.12017931003322103 0.26239149357253255 0.10882904186341683 0.16724953979623255 0.14020919503875787 0.1682510340465094 0.15022413754152628 0.25838551657142517
0 0.627552523841818 0.5159536584570368 0.632903154373965 0.31186532244514215 0.8171177198378847 0.2992531219050813 0.802594579822057 0.4999017668605956
0 0.8079452103542042 0.4987552031751355 0.8232327261603386 0.2946668671632409 0.9355959673354265 0.2912271761068607 0.9134290694165316 0.48843613000599473
0 0.9134290694165316 0.4861430026350746 0.9363603431257331 0.2889340487359406 1 0.28664092136502045 0.9998035337211911 0.479263620522314
0 0.6306100270030449 0.689084774961509 0.632903154373965 0.5125139674006565 0.8056520829832841 0.49760863948967543 0.7911289429674563 0.674179447050528
0 0.7964795734996033 0.6741794470505279 0.8102383377251242 0.49760863948967543 0.9157221967874518 0.4872895663205346 0.8966128020297838 0.661567246510467
0 0.8989059294007039 0.6638603738813872 0.9218372031099056 0.48843613000599473 1 0.4815567478932342 1 0.6134115717211436 0.9952172789793508 0.6489550459704061
0 0.6237306448902844 0.8415777451276999 0.6283168996321247 0.689084774961509 0.7896001913868428 0.6718863196796078 0.7766058029516286 0.8232327261603385
0 0.7819564334837755 0.8243792898457987 0.794186446128683 0.6718863196796079 0.8935552988685569 0.6592741191395469 0.8752102799011956 0.8129136529911978
0 0.8805609104333427 0.8174999077330382 0.9004346809813174 0.6627138101959271 0.9944529031890441 0.6523947370267862 0.9715216294798424 0.8060342708784375
0 0.6145581354066038 0.9986569700357312 0.6160868869872171 0.8989059294007039 0.6214375175193643 0.9069318751989246 0.7643757903067212 0.8954662383443236 0.7544389050327337 0.999803533721191
0 0.7567320324036537 1 0.7697264208388681 0.8954662383443236 0.8622158914659813 0.8885868562315632 0.8507502546113805 1
0 0.852279006191994 0.9963638426648108 0.8629802672562882 0.8851471651751829 0.9554697378834014 0.8782677830624224 0.9340672157548132 0.9963638426648108