0 0.17635233918128654 0.47149122807017546 0.2823464912280702 0.4714912280701755 0.29148391812865504 0.6318530701754386 0.18731725146198835 0.6318530701754386
0 0.28326023391812866 0.47286184210526316 0.42763157894736853 0.4728618421052632 0.4294590643274855 0.6291118421052632 0.28874269005847963 0.6332236842105264
0 0.4294590643274854 0.625 0.4285453216374269 0.4701206140350877 0.5692616959064328 0.46600877192982465 0.5637792397660819 0.6181469298245614
0 0.20010964912280702 0.7771381578947368 0.18914473684210525 0.6332236842105264 0.2905701754385965 0.630482456140351 0.2969663742690059 0.7702850877192984
0 0.29605263157894735 0.7702850877192983 0.28965643274853803 0.6304824561403509 0.4294590643274855 0.620888157894737 0.432200292397661 0.7648026315789473
0 0.43128654970760233 0.7648026315789473 0.4285453216374269 0.6222587719298246 0.5656067251461989 0.6167763157894738 0.5582967836257311 0.756578947368421
0 0.21107456140350878 0.9073464912280702 0.20102339181286555 0.7730263157894738 0.2997076023391813 0.7689144736842106 0.3042763157894737 0.899122807017544
0 0.3051900584795322 0.9004934210526315 0.2987938596491228 0.7702850877192983 0.43220029239766083 0.7606907894736843 0.43494152046783635 0.8854166666666667
0 0.43494152046783624 0.8854166666666666 0.43128654970760233 0.7579495614035088 0.561951754385965 0.752467105263158 0.5582967836257311 0.8799342105263158
0 0.6944444444444444 0.6551535087719298 0.6990131578947368 0.5537280701754387 0.7922149122807017 0.5496162280701755 0.7830774853801171 0.6483004385964913 0.6926169590643275 0.6551535087719299
0 0.6843932748538012 0.7497258771929826 0.691703216374269 0.6551535087719299 0.7803362573099415 0.649671052631579 0.7721125730994154 0.7442434210526317
0 0.6779970760233918 0.8415570175438597 0.6834795321637427 0.7510964912280703 0.7702850877192983 0.742872807017544 0.7611476608187134 0.830592105263158
0 0.672514619883041 0.9224232456140351 0.6752558479532164 0.8360745614035089 0.7611476608187134 0.8305921052631579 0.7529239766081871 0.9141995614035088
0 0.783077485380117 0.6510416666666666 0.7940423976608187 0.5496162280701754 0.8817616959064329 0.5455043859649124 0.8707967836257312 0.6428179824561403
0 0.7730263157894737 0.7442434210526317 0.7803362573099415 0.6483004385964912 0.870796783625731 0.6441885964912281 0.8598318713450293 0.7401315789473685
0 0.7611476608187134 0.8278508771929824 0.7693713450292398 0.7442434210526317 0.8580043859649122 0.7346491228070177 0.8470394736842107 0.8223684210526315
0 0.7529239766081871 0.912828947368421 0.7611476608187137 0.8278508771929826 0.8442982456140351 0.8209978070175439 0.8369883040935674 0.9059758771929824
0 0.8717105263157895 0.6483004385964912 0.8808479532163743 0.5482456140350878 0.9703947368421054 0.5400219298245614 0.9585160818713452 0.6387061403508774
0 0.8598318713450293 0.7387609649122807 0.870796783625731 0.6441885964912281 0.9585160818713451 0.6373355263157896 0.9448099415204678 0.7332785087719299
0 0.8470394736842105 0.825109649122807 0.8580043859649125 0.737390350877193 0.9429824561403509 0.7291666666666667 0.9301900584795322 0.8168859649122808
0 0.8369883040935673 0.9046052631578947 0.8433845029239766 0.8223684210526315 0.9329312865497078 0.8100328947368423 0.9173976608187137 0.899122807017544
0 0.9603435672514622 0.640076754385965 0.9713084795321637 0.5386513157894737 1 0.5331688596491229 0.9978070175438598 0.6359649122807017
0 0.9457236842105263 0.7319078947368421 0.9585160818713451 0.6387061403508774 1 0.6318530701754387 0.9987207602339183 0.7250548245614035
0 0.9292763157894737 0.815515350877193 0.9429824561403509 0.7319078947368423 1 0.7250548245614037 0.9996345029239766 0.8127741228070177
0 0.9192251461988304 0.8977521929824561 0.9320175438596493 0.8114035087719299 1 0.8059210526315791 0.9959795321637429 0.8895285087719299
0 0.0758406432748538 0.8895285087719298 0.05847953216374271 0.7538377192982456 0 0.756578947368421 0 0.8950109649122808
0 0.05391081871345029 0.7552083333333334 0.031980994152046804 0.6140350877192984 0 0.6140350877192984 2.077610338479825e-17 0.7606907894736842 0.05482456140350877 0.7579495614035088
2 0.549092969932289 0.26478309645383497 0.5506551120942585 0.20971758524440912 0.588927595062512 0.20737437200145484 0.588927595062512 0.26126827658940355 0.5498740410132738 0.2624398832108807
2 0.5873654529005425 0.26009666996792635 0.5897086661434968 0.2050311587585005 0.6537564947842474 0.20503115875850056 0.6529754237032627 0.26009666996792635
2 0.6529754237032628 0.2589250633464493 0.6537564947842474 0.20385955213702342 0.7193664655869676 0.20151633889406914 0.717804323424998 0.25775345672497213
0 0.03472222222222223 0.6154057017543859 0.007309941520467841 0.4591557017543861 0 0.459155701754386 5.1940258461995625e-18 0.6181469298245614