0 0.3225511695906433 0.9553179824561403 0.41575292397660835 0.9320175438596493 0.4175804093567253 1 0.3252923976608187 1
0 0.6186038011695907 0.7086074561403509 0.6240862573099415 0.5359100877192984 0.7437865497076025 0.527686403508772 0.7319078947368421 0.6949013157894738
0 0.733735380116959 0.6949013157894737 0.744700292397661 0.5290570175438598 0.8570906432748538 0.5194627192982457 0.8379020467836257 0.6839364035087719
0 0.8388157894736842 0.6839364035087719 0.857090643274854 0.5194627192982457 0.9658260233918129 0.5098684210526317 0.9448099415204678 0.668859649122807
0 0.6122076023391814 0.8675986842105264 0.6176900584795323 0.7140899122807018 0.7282529239766082 0.703125 0.7182017543859651 0.8538925438596493
0 0.7200292397660819 0.8525219298245614 0.7291666666666666 0.7031250000000001 0.8388157894736842 0.6866776315789475 0.8205409356725146 0.8360745614035089
0 0.82328216374269 0.8374451754385966 0.8379020467836259 0.683936403508772 0.942982456140351 0.6757127192982456 0.9228801169590645 0.8196271929824562
0 0.6085526315789473 0.9443530701754386 0.6176900584795323 0.9635416666666667 0.7108918128654971 0.9512061403508774 0.7054093567251462 1 0.6030701754385966 1
0 0.7099780701754386 0.9484649122807017 0.8150584795321637 0.9306469298245615 0.8077485380116959 1 0.7054093567251462 1
0 0.8132309941520468 0.9347587719298246 0.9100877192982456 0.9196820175438598 0.9000365497076025 1 0.809576023391813 0.9978070175438597
2 0.044648461475482626 0.47641937869861567 0.12329063793798047 0.4718530587749868 0.13394538442644788 0.5639405105681697 0.05733268348556292 0.5685068304917986
2 0.05022951915991796 0.4779414853398254 0.03754529714983767 0.38128771362301356 0.11720221137314188 0.37596034037877973 0.12887169562241574 0.471092005454382
2 0.045155830355885815 0.37824350034059434 0.029934763943789484 0.279306568661968 0.10908430928669054 0.2739791954177343 0.12075379353596438 0.3736771804169654
2 0.04160424819306335 0.3805266603024087 0.007610533206048172 0.37976560698180395 0 0.33486346106611964 0 0.279306568661968 0.028412657302579854 0.2808286753031776
2 0.008625270966854604 0.3873761401878521 0.03145687058499912 0.3866150868672473 0.04464846147548262 0.48174675194284944 0.022324230737741303 0.48250780526345427 0.007610533206048177 0.3904203534702713
2 0.27180052460972043 0.1290305787158233 0.32795272090271754 0.1290305787158233 0.3321342674351747 0.18548145690399598 0.2741899797711246 0.1872735482750491
2 0.3285500846930686 0.12813453303029676 0.3876890999378209 0.12634244165924363 0.3912732826799272 0.18548145690399603 0.3333289950158769 0.1872735482750491
2 0.3894811913088741 0.12634244165924363 0.44623075139222224 0.12455035028819056 0.4486202065536264 0.18279331984741634 0.3924680102606292 0.1872735482750491
2 0.27538470735182663 0.18727354827504913 0.3321342674351747 0.18548145690399603 0.33571845017728097 0.2437244264632218 0.28016361767463477 0.24372442646322176
2 0.3333289950158769 0.18816959396057567 0.3912732826799272 0.1872735482750491 0.3936627378413312 0.24014024372111556 0.33631581396763205 0.24462047214874838
2 0.3930653740509802 0.18637750258952254 0.4486202065536264 0.18189727416188978 0.4510096617150305 0.2410362894066421 0.3930653740509802 0.239244198035589
2 0.2801636176746349 0.2446204721487484 0.3357184501772809 0.24282838077769525 0.3398999967097383 0.29659112190928827 0.283747800416741 0.2974871675948148
2 0.33691317775798313 0.24372442646322182 0.39366273784133127 0.2410362894066421 0.39605219300273553 0.2930069391671821 0.3404973605000893 0.2974871675948148
2 0.3942601016316824 0.24103628940664218 0.4498149341343285 0.23924419803558905 0.45160702550538157 0.29390298485270866 0.3966495567930864 0.29569507622376173
2 0.2849425279974432 0.2983832132803414 0.34228945187114235 0.29838321328034145 0.3440815432421954 0.3485617716698282 0.2873319831588471 0.34945781735535475
2 0.34109472429044035 0.29748716759481486 0.3972469205834376 0.29390298485270866 0.4002337395351926 0.3476657259843016 0.3446789070325465 0.3485617716698282
2 0.39664955679308644 0.2947990305382352 0.4516070255053815 0.29121484779612894 0.45399648066678566 0.344977588927722 0.39963637574484157 0.3467696802987751
2 0.2885267107395494 0.35035386304088123 0.3452762708228975 0.34945781735535475 0.3476657259843016 0.39605219300273536 0.2909161659009535 0.39694823868826196
2 0.34408154324219553 0.34856177166982827 0.40023373953519265 0.3467696802987751 0.4020258309062457 0.3942601016316824 0.3470683621939507 0.396948238688262
2 0.3996363757448416 0.34587363461324866 0.45459384445713663 0.344977588927722 0.4557885720378388 0.3960521930027354 0.40322055848694777 0.39426010163168235
2 0.2962924400141128 0.44264656865011603 0.35005518114570583 0.4417505229645896 0.35244463630711004 0.4874488529264435 0.29987662275621896 0.48744885292644347
2 0.35065254493605685 0.44264656865011615 0.4026231946965968 0.44175052296458955 0.40501264985800095 0.48207257881328436 0.35184727251675885 0.4856567615553904
2 0.4038179222772989 0.4399584315935365 0.45399648066678566 0.4372702945369567 0.45578857203783885 0.4784883960711781 0.40501264985800095 0.4820725788132842
2 0.2992792589658679 0.48655280724091704 0.3524446363071099 0.48655280724091704 0.35363936388781203 0.5331471828882977 0.3010713503369211 0.5340432285738241
2 0.3518472725167589 0.4856567615553904 0.40381792227729885 0.4829686244988108 0.40799946880975607 0.5313550915172446 0.35363936388781203 0.5331471828882977
2 0.40501264985800095 0.48207257881328436 0.45519120824748777 0.48117653312775777 0.4575806634088919 0.5277709087751383 0.4074021050194051 0.530459045831718
2 0.30166871412727214 0.5340432285738242 0.35423672767816305 0.5313550915172446 0.35662618283956715 0.5752613301080456 0.3046555330790272 0.5788455128501518
2 0.3548340914685141 0.5313550915172447 0.4068047412290539 0.5313550915172446 0.4103889239711602 0.5734692387369924 0.3554314552588651 0.5761573757935721
2 0.40859683260010715 0.5295630001461915 0.458775390989594 0.5268748630896118 0.459372754779945 0.5689890103093596 0.40859683260010715 0.5734692387369924
2 0.3566261828395672 0.5788455128501518 0.3584182742106203 0.6137912945856873 0.30943444340183546 0.61827152301332 0.3052528968693783 0.5797415585356783
2 0.35722354662991823 0.5770534214790987 0.4091941963904581 0.5743652844225191 0.4103889239711602 0.6128952489001608 0.35961300179132233 0.61827152301332
2 0.4097915601808092 0.5734692387369924 0.45877539098959397 0.5698850559948861 0.459970118570296 0.6093110661580545 0.41098628776151125 0.6119992032146341
2 0.3100318071921865 0.61827152301332 0.3584182742106202 0.6164794316422668 0.36080772937202443 0.6612817159185945 0.31242126235359063 0.6648658986607006
2 0.35901563800097136 0.6155833859567403 0.41098628776151125 0.6128952489001606 0.4109862877615113 0.6559054418054351 0.3602103655816734 0.6612817159185945
2 0.41158365155186233 0.6119992032146341 0.45877539098959397 0.6111031575291076 0.45817802719924294 0.6514252133778025 0.4115836515518623 0.6550093961199084
2 0.5018654410857926 0.2663747341147668 0.4992917721571475 0.1868483642196335 0.5378968060868238 0.18375996150525942 0.5378968060868238 0.26251423072179914
2 0.5389262736582818 0.2609700293646121 0.5378968060868238 0.1806715587908853 0.574442904873584 0.18067155879088528 0.5754723724450421 0.2601979286860186
2 0.574442904873584 0.2586537273288316 0.574442904873584 0.1814436594694788 0.6094448023031572 0.17681105539791764 0.6109890036603443 0.25788162665023795
2 0.6115037374460732 0.257881626650238 0.6109890036603441 0.17603895471932415 0.658859245733143 0.17449475336213707 0.656800310590227 0.2555653246144574