0 0.12518274853801173 0.43722587719298245 0.2211257309941521 0.43996710526315796 0.23300438596491227 0.590734649122807 0.13888888888888892 0.5879934210526315
0 0.22112573099415206 0.43996710526315796 0.35635964912280704 0.4372258771929825 0.3654970760233919 0.5934758771929824 0.23117690058479537 0.586622807017544
0 0.3572733918128655 0.43722587719298245 0.4906798245614036 0.4358552631578948 0.4915935672514621 0.5852521929824561 0.36184210526315796 0.5879934210526315
0 0.14528508771929827 0.5879934210526315 0.23665935672514624 0.5852521929824562 0.24762426900584794 0.7250548245614035 0.15716374269005853 0.7236842105263159
0 0.23391812865497075 0.5866228070175439 0.36366959064327486 0.5866228070175439 0.3709795321637428 0.7182017543859649 0.24396929824561409 0.7168311403508774
0 0.3654970760233918 0.5852521929824561 0.4943347953216375 0.5825109649122807 0.49707602339181295 0.7209429824561405 0.3691520467836258 0.7209429824561405
0 0.15899122807017546 0.7250548245614035 0.24671052631578952 0.7209429824561403 0.2567616959064328 0.8525219298245615 0.17269736842105268 0.8525219298245615
0 0.24579678362573099 0.7154605263157895 0.37097953216374274 0.718201754385965 0.37646198830409355 0.8511513157894737 0.25493421052631576 0.8511513157894738
0 0.37006578947368424 0.7195723684210527 0.4961622807017544 0.7195723684210528 0.49798976608187145 0.8484100877192984 0.3746345029239767 0.8470394736842105
0 0.1909722222222222 0.9361293859649122 0.3042763157894737 0.942982456140351 0.3079312865497076 1 0.19828216374269006 1
0 0.30610380116959063 0.9443530701754386 0.41666666666666685 0.9429824561403509 0.42032163742690076 0.9991776315789473 0.3088450292397661 1
0 0.4157529239766082 0.9375 0.5016447368421053 0.9375000000000001 0.5025584795321638 1 0.4194078947368422 0.9991776315789473 0.4157529239766083 0.9361293859649122
1 0.5573830409356725 0.39747807017543857 0.5592105263157895 0.2974232456140351 0.6195175438596492 0.29742324561403516 0.6176900584795323 0.3961074561403509
1 0.6158625730994152 0.39747807017543857 0.6195175438596491 0.29605263157894746 0.7044956140350878 0.2987938596491228 0.6999269005847955 0.3974780701754387
1 0.6999269005847953 0.39610745614035087 0.7035818713450293 0.29605263157894746 0.7894736842105263 0.293311403508772 0.7830774853801171 0.39610745614035087
1 0.5573830409356725 0.4961622807017544 0.558296783625731 0.3961074561403509 0.6158625730994153 0.3961074561403509 0.6140350877192984 0.4920504385964913
1 0.6122076023391813 0.4947916666666667 0.6149488304093568 0.3988486842105263 0.6990131578947371 0.39610745614035087 0.6926169590643275 0.4920504385964912
1 0.6935307017543859 0.49479166666666674 0.6980994152046783 0.3947368421052632 0.7821637426900586 0.39610745614035087 0.7739400584795322 0.48930921052631576
1 0.5573830409356725 0.4961622807017544 0.6140350877192983 0.49616228070175444 0.6103801169590644 0.5729166666666666 0.5564692982456141 0.5729166666666666
1 0.6122076023391813 0.4934210526315789 0.6926169590643275 0.4920504385964913 0.6907894736842105 0.5729166666666666 0.6094663742690059 0.5701754385964913
1 0.6926169590643275 0.4906798245614035 0.7739400584795323 0.4851973684210527 0.7684576023391813 0.571546052631579 0.6898757309941521 0.5729166666666667
1 0.5537280701754386 0.6387061403508771 0.607638888888889 0.6400767543859649 0.6076388888888888 0.7140899122807017 0.5528143274853802 0.7113486842105264
1 0.6048976608187134 0.7086074561403509 0.6067251461988304 0.6387061403508774 0.6862207602339182 0.6400767543859649 0.6834795321637427 0.7058662280701754
1 0.6807383040935673 0.7086074561403509 0.6843932748538013 0.6387061403508774 0.762061403508772 0.6428179824561403 0.7593201754385965 0.7127192982456141
1 0.5546418128654971 0.7867324561403509 0.5537280701754387 0.7099780701754387 0.6067251461988304 0.7113486842105264 0.6048976608187135 0.7826206140350879
1 0.6030701754385965 0.7839912280701755 0.6039839181286549 0.7072368421052632 0.6816520467836257 0.7072368421052633 0.6798245614035088 0.7867324561403509
1 0.6789108187134505 0.7881030701754386 0.6816520467836258 0.7058662280701755 0.758406432748538 0.7086074561403509 0.7556652046783626 0.7867324561403509
1 0.5519005847953217 0.8607456140350878 0.5528143274853802 0.7826206140350878 0.6030701754385965 0.7839912280701754 0.6012426900584796 0.859375
1 0.602156432748538 0.8621162280701754 0.6030701754385965 0.78125 0.6761695906432749 0.7881030701754386 0.6752558479532165 0.864857456140351
1 0.6752558479532164 0.8648574561403509 0.676169590643275 0.786732456140351 0.7529239766081871 0.7908442982456141 0.7492690058479532 0.8703399122807018