2 0.3718932748538012 0.2480811403508772 0.3737207602339182 0.20559210526315796 0.40021929824561414 0.20559210526315788 0.39930555555555564 0.25219298245614036
2 0.3993055555555556 0.25219298245614036 0.40021929824561403 0.2069627192982456 0.4513888888888889 0.20559210526315788 0.4513888888888889 0.25356359649122806
2 0.4513888888888889 0.25493421052631576 0.4532163742690059 0.20833333333333334 0.5052997076023392 0.20833333333333337 0.5034722222222223 0.25493421052631576
2 0.36366959064327486 0.29194078947368424 0.36915204678362584 0.24945175438596492 0.4230628654970761 0.24945175438596492 0.42123538011695905 0.29194078947368424
2 0.42123538011695905 0.29468201754385964 0.42214912280701755 0.25082236842105265 0.4769736842105264 0.2521929824561404 0.4769736842105264 0.28919956140350883
2 0.4760599415204678 0.29194078947368424 0.4769736842105264 0.2535635964912281 0.5034722222222223 0.25356359649122817 0.5034722222222223 0.29468201754385964
1 0.26498538011695905 0.8730811403508771 0.3453947368421053 0.8730811403508771 0.34173976608187145 0.9566885964912282 0.2576754385964912 0.952576754385965
1 0.3389985380116959 0.9580592105263158 0.3444809941520468 0.8730811403508774 0.42671783625731 0.8758223684210528 0.42397660818713456 0.9566885964912282
1 0.423062865497076 0.9566885964912281 0.42489035087719307 0.8799342105263158 0.5043859649122808 0.8813048245614037 0.4998172514619883 0.9539473684210528
1 0.26589912280701755 0.8758223684210527 0.272295321637427 0.8072916666666667 0.34996345029239767 0.8114035087719299 0.3444809941520468 0.8758223684210528
1 0.3435672514619883 0.8771929824561403 0.34904970760233917 0.8114035087719299 0.4303728070175439 0.8127741228070177 0.42763157894736853 0.8771929824561405
1 0.42671783625730997 0.8826754385964912 0.42763157894736853 0.8114035087719299 0.5080409356725147 0.8114035087719298 0.5052997076023392 0.8813048245614037
1 0.2722953216374269 0.8127741228070176 0.2805190058479533 0.7415021929824561 0.3572733918128655 0.742872807017544 0.3517909356725146 0.8141447368421053
1 0.3508771929824561 0.815515350877193 0.35544590643274854 0.7442434210526317 0.4331140350877194 0.7469846491228072 0.42671783625731 0.8141447368421054
1 0.4285453216374269 0.8182565789473685 0.43037280701754393 0.7428728070175439 0.5071271929824562 0.7456140350877194 0.5062134502923977 0.8141447368421054
1 0.27960526315789475 0.7456140350877193 0.2850877192982457 0.6770833333333335 0.3572733918128656 0.678453947368421 0.35361842105263164 0.7456140350877193
1 0.35544590643274854 0.7442434210526317 0.35910087719298256 0.6770833333333335 0.4331140350877194 0.6811951754385965 0.43128654970760244 0.7456140350877194
1 0.43128654970760233 0.746984649122807 0.4331140350877194 0.6798245614035089 0.5071271929824562 0.6798245614035088 0.5062134502923977 0.7469846491228072
1 0.2850877192982456 0.678453947368421 0.29057017543859653 0.6167763157894738 0.36275584795321636 0.6181469298245614 0.36001461988304095 0.678453947368421
1 0.358187134502924 0.6798245614035088 0.36275584795321636 0.6140350877192983 0.4367690058479533 0.6181469298245615 0.43494152046783635 0.6811951754385966
1 0.43402777777777785 0.6811951754385966 0.4358552631578948 0.6181469298245615 0.5052997076023392 0.6222587719298247 0.5052997076023392 0.6811951754385966
1 0.3024488304093567 0.5701754385964912 0.3070175438596492 0.5112390350877194 0.3755482456140351 0.5112390350877194 0.3718932748538012 0.5729166666666666
1 0.3709795321637427 0.5756578947368421 0.37554824561403516 0.508497807017544 0.4459064327485381 0.512609649122807 0.4440789473684211 0.571546052631579
1 0.4422514619883041 0.5729166666666666 0.4449926900584795 0.5112390350877194 0.5135233918128655 0.5112390350877193 0.512609649122807 0.5688048245614035
1 0.30701754385964913 0.512609649122807 0.3106725146198831 0.4550438596491228 0.379203216374269 0.45915570175438597 0.3755482456140351 0.5139802631578949
1 0.3746345029239767 0.5112390350877193 0.3773757309941521 0.45778508771929827 0.44773391812865504 0.46189692982456154 0.44590643274853803 0.5139802631578947
1 0.44590643274853803 0.5126096491228072 0.4468201754385965 0.45778508771929827 0.5135233918128655 0.4577850877192983 0.512609649122807 0.5153508771929826
1 0.31067251461988304 0.45915570175438597 0.3152412280701755 0.40296052631578955 0.3819444444444444 0.40296052631578955 0.3782894736842106 0.46052631578947373
1 0.37737573099415206 0.459155701754386 0.3819444444444444 0.40296052631578955 0.44864766081871343 0.4043311403508772 0.4468201754385965 0.4618969298245615
1 0.447733918128655 0.46189692982456143 0.449561403508772 0.40158991228070184 0.5153508771929826 0.40433114035087725 0.514437134502924 0.459155701754386
1 0.3161549707602339 0.4057017543859649 0.3216374269005849 0.3549890350877193 0.38651315789473695 0.35361842105263164 0.3819444444444444 0.4057017543859649
1 0.38103070175438597 0.40707236842105265 0.38468567251462 0.35224780701754393 0.45138888888888895 0.35224780701754393 0.44956140350877194 0.4070723684210527
1 0.44864766081871343 0.4057017543859649 0.449561403508772 0.3508771929824561 0.514437134502924 0.35224780701754393 0.5135233918128655 0.40433114035087725
1 0.3225511695906433 0.3522478070175439 0.32620614035087725 0.3015350877192983 0.39016812865497075 0.3015350877192983 0.38559941520467844 0.3549890350877193
1 0.3846856725146199 0.3536184210526316 0.38925438596491235 0.302905701754386 0.45230263157894735 0.302905701754386 0.4513888888888889 0.3549890350877193 0.38103070175438597 0.3536184210526316
1 0.4513888888888889 0.3549890350877193 0.45230263157894746 0.3015350877192983 0.5153508771929826 0.30427631578947373 0.5153508771929826 0.35635964912280704
0 0.5838815789473685 0.7579495614035088 0.6871345029239766 0.7538377192982456 0.6962719298245614 0.8771929824561403 0.5866228070175439 0.8785635964912282
0 0.5683479532163743 0.7634320175438598 0.5656067251461989 0.6469298245614037 0.6807383040935673 0.6428179824561405 0.689875730994152 0.756578947368421
0 0.5674342105263158 0.6455592105263159 0.5656067251461989 0.5359100877192984 0.6633771929824561 0.5331688596491229 0.6679459064327486 0.6414473684210527
0 0.5637792397660819 0.5359100877192984 0.5628654970760235 0.4331140350877193 0.6734283625730995 0.4303728070175439 0.6789108187134504 0.5345394736842106
0 0.5847953216374269 0.43585526315789475 0.5820540935672516 0.35498903508771934 0.6752558479532164 0.3481359649122807 0.6798245614035088 0.4399671052631579 0.672514619883041 0.44133771929824567 0.6716008771929824 0.4276315789473684
0 0.6798245614035088 0.4331140350877193 0.6752558479532165 0.3385416666666667 0.7675438596491229 0.3358004385964913 0.7757675438596491 0.4290021929824561 0.6789108187134505 0.4344846491228071
0 0.6980994152046783 0.5331688596491229 0.691703216374269 0.4317434210526316 0.804093567251462 0.4276315789473685 0.8159722222222222 0.5276864035087719
0 0.6679459064327488 0.5317982456140351 0.7666301169590644 0.5276864035087719 0.7757675438596491 0.6387061403508771 0.6743421052631579 0.6400767543859649
0 0.73921783625731 0.756578947368421 0.7300804093567252 0.6428179824561403 0.8470394736842105 0.6345942982456141 0.8625730994152049 0.7510964912280702
0 0.6880482456140351 0.7538377192982456 0.7922149122807017 0.7524671052631579 0.8068347953216374 0.8730811403508774 0.6962719298245614 0.8758223684210528
0 0.7931286549707602 0.7510964912280702 0.9027777777777779 0.7497258771929824 0.9183114035087719 0.8758223684210528 0.8068347953216376 0.8758223684210528
0 0.7940423976608187 0.6387061403508771 0.7775950292397661 0.5263157894736842 0.878106725146199 0.5180921052631579 0.8954678362573101 0.6291118421052633
0 0.7757675438596491 0.4317434210526316 0.765716374269006 0.337171052631579 0.8570906432748538 0.33168859649122806 0.8717105263157895 0.4290021929824562
0 0.8589181286549707 0.3385416666666667 0.9457236842105263 0.33305921052631576 0.9603435672514622 0.42626096491228077 0.8735380116959066 0.43174342105263164
0 0.8634868421052632 0.4290021929824561 0.9777046783625731 0.4221491228070176 0.9950657894736842 0.5249451754385965 0.8771929824561403 0.5290570175438597
0 0.8863304093567251 0.5276864035087719 0.9868421052631579 0.5263157894736842 1 0.6373355263157895 0.9000365497076025 0.6359649122807017
0 0.8744517543859649 0.6345942982456141 0.990497076023392 0.6345942982456142 1 0.7195723684210528 1 0.7483552631578949 0.8881578947368421 0.7497258771929824
0 0.9027777777777778 0.7483552631578949 1 0.7442434210526315 0.9996345029239766 0.8730811403508771 0.9173976608187134 0.874451754385965
0 0.5893640350877193 0.20010964912280707 0.672514619883041 0.19599780701754385 0.6779970760233918 0.2700109649122807 0.5921052631578947 0.2727521929824562
0 0.6734283625730996 0.19736842105263158 0.758406432748538 0.19462719298245615 0.7657163742690059 0.26726973684210525 0.6789108187134502 0.2700109649122807
0 0.758406432748538 0.19325657894736842 0.8433845029239766 0.18914473684210528 0.8543494152046783 0.2631578947368421 0.7648026315789473 0.2658991228070176
0 0.8433845029239768 0.18640350877192985 0.9292763157894737 0.18777412280701755 0.9411549707602339 0.2617872807017544 0.8543494152046786 0.26589912280701755
0 0.5948464912280702 0.13432017543859648 0.6880482456140352 0.12883771929824567 0.6926169590643275 0.20010964912280704 0.5957602339181286 0.20148026315789477
0 0.7063230994152047 0.13020833333333334 0.8004385964912281 0.12335526315789475 0.8086622807017545 0.19051535087719298 0.7108918128654973 0.1973684210526316
0 0.8187134502923976 0.12609649122807018 0.912828947368421 0.12609649122807018 0.921966374269006 0.18914473684210525 0.8260233918128655 0.18914473684210528
0 0.5948464912280702 0.06716008771929824 0.6716008771929824 0.0630482456140351 0.6752558479532164 0.13157894736842105 0.5985014619883041 0.1356907894736842
0 0.672514619883041 0.05345394736842105 0.7520102339181286 0.05208333333333336 0.7574926900584795 0.12335526315789473 0.6752558479532164 0.12746710526315794
0 0.7529239766081871 0.049342105263157895 0.8269371345029242 0.04523026315789474 0.8379020467836257 0.11924342105263158 0.758406432748538 0.12198464912280702
0 0.828764619883041 0.052083333333333336 0.9055190058479534 0.05071271929824561 0.9173976608187137 0.1206140350877193 0.8379020467836259 0.12335526315789473
0 0.6779970760233918 0.004111842105263158 0.7666301169590645 0.0013706140350877192 0.7730263157894739 0.05482456140350879 0.6825657894736843 0.0548245614035088