2 0.2964957111086266 0.23955742466622054 0.29302386437433353 0.1676901972663544 0.32635359302354683 0.1687317512866423 0.33051980910469847 0.23955742466622054
2 0.33051980910469847 0.23851587064593263 0.32635359302354683 0.16456553520549067 0.39717926640312506 0.16560708922577858 0.39995674379055957 0.2364327626053568
2 0.3999567437905595 0.23955742466622054 0.39717926640312506 0.16352398118520273 0.4680049397827033 0.160399319124339 0.4686993091295619 0.23018343848362932
2 0.3034394045772127 0.307258435984935 0.3013562965366369 0.23955742466622051 0.3700988618756393 0.23955742466622051 0.3721819699162151 0.3062168819646471
2 0.3721819699162151 0.3051753279443592 0.37009886187563923 0.23643276260535684 0.438147057867783 0.23226654652420514 0.4395357965615004 0.30205066588349544
2 0.4395357965615003 0.30413377392407126 0.438147057867783 0.23539120858506887 0.4700880478232792 0.23122499250391723 0.4728655252107137 0.29892600382263174
2 0.30829999000522296 0.3739178932833616 0.3076056206583644 0.308299990005223 0.34024097996071906 0.3072584359849351 0.3430184573481535 0.3770425553442253
2 0.3430184573481535 0.3770425553442253 0.3416297186544363 0.30517532794435925 0.4075948066060042 0.30309221990378343 0.40967791464658004 0.3728763392630737
2 0.40967791464658004 0.3749594473036495 0.40551169856542846 0.3020506658834955 0.47217115586385505 0.29580134176176803 0.4728655252107136 0.36454390710077045
2 0.3131605754332332 0.42912025635862117 0.31177183673951603 0.3739178932833618 0.377736924691084 0.3718347852427859 0.3805144020785185 0.4301618103789091
2 0.37982003273165976 0.43016181037890905 0.37773692469108405 0.37287633926307373 0.4437020126426521 0.3687101231819221 0.4450907513363692 0.42912025635862117 0.3812087714253771 0.432244918419485
2 0.4457851206832278 0.4270371483180453 0.4437020126426521 0.36766856916163415 0.47355989455757214 0.36766856916163415 0.47425426390443076 0.4239124862571816
2 0.32357611563611244 0.5301509963265489 0.32079863824867794 0.4728655252107136 0.349267781469881 0.47182397119042574 0.35135088951045684 0.530150996326549
2 0.35273962820417404 0.5301509963265489 0.3499621508167396 0.4697408631498499 0.4138441307277318 0.468699309129562 0.41662160811516613 0.5280678882859732
2 0.4159272387683076 0.5311925503468369 0.4159272387683076 0.46765775510927404 0.47842047998558257 0.468699309129562 0.4791148493324412 0.5280678882859732
2 0.3256592236766882 0.591602683523536 0.32357611563611244 0.5280678882859732 0.3846806181596701 0.5291094423062611 0.38676372620024596 0.5863949134220964
2 0.3867637262002459 0.5874364674423843 0.3846806181596701 0.5259847802453973 0.44925696741752086 0.5280678882859732 0.44925696741752086 0.5843118053815206
2 0.4499513367643795 0.5843118053815206 0.44925696741752086 0.5280678882859732 0.47772611063872383 0.5280678882859732 0.4791148493324412 0.580145589300369
2 0.3284367010641227 0.6478466006190835 0.32357611563611244 0.5905611295032481 0.35343399755103266 0.5874364674423843 0.3576002136321843 0.6457634925785076
2 0.3631551684070532 0.6447219385582197 0.3596833216727602 0.5853533594018085 0.42078782419631783 0.5853533594018084 0.4242596709306109 0.63951416845678
2 0.42773151766490386 0.6436803845379319 0.4256484096243281 0.5832702513612328 0.48675291214788574 0.5863949134220964 0.48675291214788574 0.641597276497356
2 0.33607476387956736 0.6988827476131912 0.333297286492133 0.6457634925785076 0.39440178901569056 0.641597276497356 0.39717926640312506 0.690550315450888
2 0.39648489705626644 0.6936749775117517 0.3937074196688321 0.6405557224770679 0.4548119221923898 0.6395141684567802 0.4555062915392483 0.6874256533900243
2 0.45758939957982414 0.6895087614306 0.4575893995798242 0.6395141684567802 0.48466980410731003 0.6405557224770679 0.4860585428010273 0.6874256533900243
2 0.4978628216976235 0.6957580855523275 0.49786282169762364 0.6582621408219628 0.5374418744685644 0.6551374787610988 0.5374418744685644 0.6915918694711759
2 0.5374418744685644 0.6926334234914638 0.5367475051217058 0.6520128167002351 0.5784096659332224 0.6520128167002351 0.5770209272395052 0.690550315450888
2 0.5770209272395052 0.6926334234914638 0.5763265578926465 0.6509712626799472 0.6152112413167288 0.6499297086596593 0.6138225026230114 0.6884672074103122
2 0.6138225026230114 0.690550315450888 0.6159056106635874 0.6457634925785076 0.6534015553939523 0.6478466006190835 0.6554846634345282 0.6853425453494484
2 0.49577971365704776 0.6613868028828264 0.49577971365704776 0.6207661960915976 0.5402193518559989 0.6176415340307339 0.5409137212028575 0.6561790327813867
2 0.5575785855274641 0.6561790327813868 0.5575785855274642 0.6176415340307339 0.6013238543795566 0.6155584259901579 0.6013238543795565 0.652012816700235
2 0.6124337639292943 0.6520128167002351 0.613128133276153 0.6124337639292943 0.6554846634345282 0.6113922099090063 0.6554846634345282 0.6488881546393714
2 0.4971684523507649 0.6228493041321734 0.497168452350765 0.580145589300369 0.5395249825091403 0.577020927239505 0.5388306131622816 0.617641534030734
2 0.5374418744685644 0.6186830880510218 0.5388306131622816 0.5738962651786413 0.5804927739737983 0.5718131571380656 0.5804927739737983 0.6165999800104459
2 0.5797984046269395 0.6165999800104459 0.5811871433206568 0.5686884950772019 0.6200718267447389 0.566605387036626 0.6186830880510218 0.6134753179495822
2 0.6193774573978804 0.6124337639292943 0.6200718267447389 0.5676469410569139 0.661039618209397 0.5655638330163381 0.657567771475104 0.6113922099090063
2 0.4971684523507649 0.5770209272395052 0.497168452350765 0.5280678882859732 0.545079937284009 0.5270263342656851 0.5443855679371505 0.5738962651786413
2 0.5568842161806055 0.5707716031177777 0.5582729548743227 0.5249432262251095 0.6041013317669909 0.5239016722048213 0.6027125930732737 0.5707716031177777
2 0.6200718267447389 0.5686884950772019 0.6228493041321735 0.5197354561236698 0.6652058342905487 0.5176523480830939 0.6624283569031142 0.5645222789960501
2 0.4978628216976235 0.5270263342656851 0.4985571910444822 0.4770317412918653 0.538136243815423 0.4770317412918653 0.5374418744685644 0.5270263342656852
2 0.5367475051217058 0.5270263342656851 0.538136243815423 0.47390707923100156 0.5811871433206568 0.47390707923100156 0.5804927739737983 0.5270263342656852
2 0.5804927739737982 0.5249432262251094 0.5804927739737982 0.47078241717013775 0.6221549347853148 0.468699309129562 0.6214605654384563 0.5207770101439578
2 0.6214605654384563 0.5218185641642455 0.6228493041321735 0.46453309304841034 0.6631227262499728 0.46453309304841034 0.6603452488625383 0.517652348083094
2 0.5027234071256338 0.44161890460207615 0.5034177764724925 0.38954120358768035 0.545079937284009 0.3895412035876804 0.545079937284009 0.4364111345006366
2 0.545079937284009 0.43849424254121233 0.5457743066308677 0.3884996495673925 0.5874364674423842 0.3895412035876804 0.5867420980955258 0.4364111345006366
2 0.5867420980955257 0.4364111345006365 0.5874364674423843 0.3874580955471046 0.6304873669476182 0.3874580955471046 0.629098628253901 0.4364111345006366 0.5874364674423843 0.43745268852092456
2 0.6297929976007595 0.4364111345006366 0.6311817362944768 0.3864165415268167 0.673538266452852 0.38641654152681665 0.6721495277591347 0.4332864724397728
2 0.5034177764724924 0.3926658656485441 0.5034177764724924 0.3426712726747242 0.5513292614057367 0.3395466106138605 0.5513292614057366 0.39058275760796834
2 0.5513292614057366 0.3926658656485441 0.5513292614057367 0.34058816463414837 0.5992407463389806 0.3395466106138605 0.5978520076452635 0.39058275760796834
2 0.6297929976007596 0.38954120358768035 0.6304873669476182 0.3332972864921329 0.6783988518808624 0.3343388405124209 0.6763157438402865 0.3864165415268167
2 0.5061952538599268 0.34267127267472414 0.5055008845130684 0.28851046361975263 0.5492461533651607 0.2853858015588888 0.5492461533651607 0.3395466106138605
2 0.5492461533651607 0.3405881646341483 0.5492461533651608 0.2864273555791768 0.5936857915641118 0.2864273555791767 0.5929914222172532 0.33954661061386043
2 0.5929914222172532 0.33954661061386043 0.5943801609109703 0.2853858015588888 0.641597276497356 0.28434424753860094 0.6388197991099215 0.33642194855299673
2 0.6402085378036386 0.3364219485529967 0.6409029071504974 0.283302693518313 0.6804819599214381 0.283302693518313 0.6783988518808624 0.33538039453270874
2 0.5096671005942199 0.2874689095994647 0.5089727312473613 0.2364327626053568 0.5617448016086157 0.2353912085850689 0.5617448016086156 0.2874689095994647
2 0.5617448016086157 0.2874689095994647 0.5617448016086157 0.234349654564781 0.6082675478481426 0.234349654564781 0.607573178501284 0.2853858015588889
2 0.6249324121727492 0.283302693518313 0.6249324121727493 0.2301834384836293 0.6742326357997106 0.22914188446334144 0.6721495277591348 0.28226113949802506
2 0.5055008845130683 0.2364327626053568 0.5055008845130683 0.17393952138808189 0.5520236307525951 0.17393952138808189 0.5513292614057366 0.23747431662564475
2 0.5513292614057366 0.2364327626053568 0.5513292614057367 0.17393952138808189 0.5971576382984047 0.1749810754083698 0.5964632689515463 0.23330810054449305
2 0.5966739766081871 0.23163377192982457 0.5966739766081872 0.17132675438596492 0.6387061403508772 0.17132675438596492 0.6387061403508771 0.23574561403508773
2 0.6377923976608187 0.23300438596491227 0.6368786549707603 0.17132675438596492 0.6752558479532165 0.1699561403508772 0.6734283625730995 0.234375