0 0.1873172514619883 0.4673793859649123 0.2850877192982456 0.46875 0.28965643274853803 0.6222587719298246 0.19462719298245618 0.6181469298245614
0 0.291483918128655 0.6222587719298246 0.28234649122807015 0.47149122807017557 0.42489035087719307 0.47012061403508787 0.4285453216374269 0.6208881578947368 0.291483918128655 0.6236293859649122
0 0.4285453216374269 0.6167763157894737 0.42489035087719307 0.46600877192982465 0.561951754385965 0.46463815789473695 0.5592105263157896 0.6140350877192983
0 0.20010964912280702 0.7702850877192984 0.1854897660818714 0.6304824561403509 0.2850877192982456 0.6345942982456142 0.2905701754385965 0.7716557017543859
0 0.29696637426900585 0.7634320175438597 0.2878289473684211 0.6236293859649124 0.42214912280701755 0.6222587719298247 0.42489035087719296 0.7552083333333335 0.2987938596491229 0.7648026315789473
0 0.4276315789473684 0.7524671052631579 0.42489035087719307 0.6154057017543861 0.5564692982456141 0.6154057017543859 0.5537280701754387 0.7524671052631579
0 0.20285087719298245 0.903234649122807 0.19188596491228074 0.7716557017543861 0.28508771929824567 0.7743969298245615 0.29331140350877194 0.9018640350877194
0 0.30153508771929827 0.8867872807017544 0.2951388888888889 0.7620614035087719 0.4248903508771931 0.7579495614035088 0.42671783625731013 0.8826754385964912 0.30062134502923976 0.8895285087719299
0 0.4276315789473684 0.8813048245614035 0.42489035087719296 0.752467105263158 0.5509868421052633 0.7510964912280703 0.5491593567251462 0.8730811403508774
0 0.4404239766081872 0.971765350877193 0.5528143274853801 0.9621710526315791 0.5537280701754386 1 0.4413377192982456 1
0 0.3207236842105263 0.9786184210526317 0.4358552631578948 0.9690241228070176 0.4367690058479533 1 0.3216374269005849 1
0 0.22569444444444448 0.9841008771929826 0.3115862573099416 0.9758771929824561 0.3134137426900585 1 0.2275219298245615 1
0 0.6606359649122807 0.6743421052631579 0.6661184210526315 0.5400219298245614 0.7447002923976609 0.5400219298245615 0.737390350877193 0.664747807017544
0 0.7364766081871345 0.668859649122807 0.7456140350877193 0.5427631578947368 0.8223684210526317 0.5386513157894737 0.8104897660818714 0.6647478070175439
0 0.8104897660818714 0.6647478070175439 0.8214546783625731 0.5359100877192984 0.8963815789473686 0.5317982456140352 0.8845029239766083 0.659265350877193
0 0.8854166666666666 0.6647478070175439 0.8982090643274854 0.5304276315789473 0.9685672514619885 0.522203947368421 0.9512061403508774 0.6524122807017544
0 0.6304824561403509 0.7908442982456141 0.6359649122807017 0.6702302631578949 0.7428728070175439 0.6702302631578949 0.737390350877193 0.786732456140351
0 0.737390350877193 0.7839912280701754 0.742872807017544 0.6702302631578949 0.8534356725146199 0.6620065789473685 0.8424707602339181 0.78125
0 0.8424707602339181 0.7716557017543859 0.8525219298245615 0.6620065789473686 0.9585160818713451 0.6469298245614035 0.9429824561403509 0.7702850877192983
0 0.6359649122807017 0.9018640350877193 0.6423611111111113 0.7908442982456141 0.7136330409356726 0.7908442982456141 0.7081505847953217 0.9046052631578949
0 0.7182017543859649 0.9018640350877193 0.7264254385964912 0.786732456140351 0.7995248538011696 0.7853618421052632 0.7913011695906432 0.8977521929824562
0 0.7958698830409356 0.8977521929824561 0.805921052631579 0.7826206140350879 0.8799342105263159 0.7826206140350879 0.8662280701754388 0.8908991228070177
0 0.8689692982456142 0.8854166666666667 0.8790204678362573 0.7785087719298247 0.9484649122807017 0.7716557017543861 0.9320175438596493 0.8826754385964913
0 0.6460160818713451 1 0.6496710526315791 0.971765350877193 0.716374269005848 0.9676535087719298 0.714546783625731 1
0 0.7182017543859649 0.9676535087719298 0.7876461988304093 0.9635416666666666 0.7849049707602339 1 0.716374269005848 0.9991776315789473
0 0.7885599415204678 0.962171052631579 0.851608187134503 0.9539473684210527 0.8488669590643276 1 0.7821637426900585 0.9991776315789473
0 0.8525219298245614 0.9512061403508771 0.9155701754385966 0.9443530701754386 0.9082602339181288 1 0.8497807017543861 1
2 0.7748538011695907 0.2563048245614035 0.78125 0.16173245614035087 0.8379020467836259 0.16173245614035087 0.8287646198830411 0.25493421052631576
2 0.8972953216374269 0.25082236842105265 0.9073464912280702 0.16036184210526316 0.9566885964912283 0.1589912280701755 0.9457236842105264 0.2467105263157895