0 0.031980994152046804 0.32209429824561403 0.008223684210526336 0.4413377192982456 0 0.43996710526315796 0 0.3207236842105264
0 0.009137426900584816 0.4454495614035088 0.029239766081871364 0.32483552631578955 0.09411549707602339 0.3289473684210527 0.07492690058479533 0.44544956140350883
0 0.07401315789473686 0.4468201754385965 0.09228801169590645 0.3289473684210527 0.15716374269005848 0.3316885964912281 0.14345760233918128 0.4481907894736843 0.07492690058479533 0.44682017543859653
0 0.01827485380116961 0.4454495614035088 0.14345760233918128 0.44682017543859653 0.12335526315789473 0.5879934210526315 0 0.5811403508771931 0 0.552357456140351
0 0.04477339181286552 0.5783991228070177 0.01918859649122807 0.7291666666666666 0 0.7250548245614037 0.0009137426900585107 0.5797697368421054
0 0.043859649122807036 0.5797697368421053 0.11787280701754387 0.5838815789473685 0.09411549707602339 0.7319078947368421 0.019188596491228123 0.7250548245614037
0 0.402046783625731 0.18229166666666666 0.40752923976608196 0.08497807017543861 0.4943347953216375 0.08634868421052631 0.49250730994152053 0.18229166666666669
0 0.39016812865497075 0.5468750000000001 0.5491593567251463 0.5509868421052633 0.5491593567251462 0.7332785087719298 0.379203216374269 0.7250548245614037
0 0.5473318713450293 0.5509868421052632 0.7035818713450293 0.5564692982456141 0.716374269005848 0.7305372807017545 0.5491593567251462 0.7305372807017544
0 0.7054093567251462 0.5578399122807017 0.8168859649122807 0.5578399122807018 0.8360745614035088 0.7264254385964912 0.7154605263157895 0.7305372807017545
0 0.3929093567251462 0.5482456140350878 0.39747807017543857 0.3919956140350877 0.5445906432748538 0.3851425438596492 0.5464181286549709 0.5564692982456142
0 0.5436769005847953 0.38377192982456143 0.6944444444444444 0.38788377192982454 0.7044956140350878 0.5564692982456141 0.5473318713450293 0.5509868421052632
0 0.6953581871345029 0.3919956140350877 0.7958698830409356 0.3961074561403509 0.8168859649122808 0.5605811403508772 0.7035818713450294 0.5605811403508771
0 0.3983918128654971 0.39336622807017546 0.4047880116959065 0.2521929824561404 0.5455043859649122 0.25219298245614036 0.5455043859649124 0.38651315789473684
0 0.5445906432748538 0.38514254385964913 0.5418494152046784 0.2521929824561404 0.6834795321637428 0.2563048245614036 0.6935307017543859 0.3892543859649123
0 0.6935307017543859 0.3919956140350877 0.6816520467836257 0.25356359649122806 0.7785087719298246 0.25356359649122806 0.7949561403508771 0.3947368421052632 0.691703216374269 0.38788377192982465
0 0.4925073099415205 0.18229166666666666 0.49342105263157904 0.09731359649122807 0.6195175438596492 0.09868421052631582 0.6213450292397662 0.17955043859649125
0 0.6213450292397661 0.18092105263157895 0.6176900584795323 0.10005482456140354 0.7410453216374269 0.10005482456140351 0.7510964912280703 0.17406798245614036
0 0.40752923976608185 0.08771929824561404 0.4130116959064328 3.1164155077197375e-17 0.4952485380116959 0 0.4925073099415205 0.08908991228070176
0 0.4925073099415205 0.0986842105263158 0.4952485380116959 0 0.6131213450292399 0 0.6176900584795323 0.10005482456140354
0 0.6158625730994152 0.10142543859649124 0.6112938596491229 0 0.7300804093567251 0 0.73921783625731 0.10005482456140351
0 0.8086622807017544 0.10964912280701757 0.7913011695906432 0.0013706140350877348 0.9036915204678363 1.5582077538598687e-17 0.9219663742690059 0.10690789473684212
0 0.9237938596491229 0.112390350877193 0.9036915204678364 0.0027412280701754384 1 0 1 0.10827850877192985
0 0.8241959064327485 0.22752192982456146 0.8077485380116959 0.10964912280701754 0.9265350877192984 0.1041666666666667 0.9420687134502924 0.18777412280701755 0.8388157894736844 0.19599780701754385
0 0.9429824561403509 0.19462719298245615 0.92562134502924 0.11239035087719298 1 0.1041666666666667 0.9996345029239768 0.18777412280701758
0 0.8689692982456141 0.4290021929824561 0.8497807017543859 0.3015350877192983 0.9722222222222224 0.2987938596491228 0.9950657894736844 0.42077850877192985
0 0.8927266081871345 0.5866228070175439 0.8689692982456142 0.4276315789473684 0.9987207602339181 0.42077850877192996 1 0.5783991228070176
0 0.9192251461988304 0.7401315789473686 0.8927266081871347 0.5825109649122808 1 0.581140350877193 0.9987207602339183 0.7236842105263159