0 0.33534356725146197 0.5427631578947368 0.32620614035087725 0.36047149122807015 0.44042397660818716 0.36321271929824567 0.44316520467836257 0.537280701754386
0 0.4422514619883041 0.5304276315789473 0.4404239766081872 0.35910087719298245 0.5957602339181287 0.35498903508771934 0.5911915204678363 0.5235745614035089
0 0.5921052631578947 0.522203947368421 0.5957602339181287 0.3508771929824562 0.7492690058479532 0.34539473684210525 0.73921783625731 0.5180921052631579
0 0.34448099415204686 0.7003837719298247 0.3362573099415206 0.5372807017543861 0.4449926900584795 0.5317982456140352 0.44864766081871343 0.6990131578947368
0 0.44864766081871355 0.6935307017543861 0.44499269005847963 0.5290570175438598 0.5921052631578947 0.5235745614035089 0.5902777777777779 0.683936403508772
0 0.5893640350877193 0.6839364035087719 0.5930190058479533 0.5208333333333334 0.7383040935672515 0.5167214912280703 0.7282529239766082 0.6757127192982456
0 0.3481359649122807 0.699013157894737 0.4504751461988305 0.6962719298245614 0.45321637426900585 0.8429276315789475 0.35453216374269014 0.8442982456140351
0 0.449561403508772 0.6921600877192984 0.5921052631578948 0.6825657894736842 0.5911915204678363 0.8292214912280703 0.45138888888888895 0.8319627192982456
0 0.5911915204678363 0.8223684210526317 0.5939327485380117 0.6784539473684211 0.733735380116959 0.6716008771929824 0.7264254385964914 0.8196271929824561
0 0.3746345029239767 0.9429824561403509 0.4714912280701755 0.942982456140351 0.4714912280701755 1 0.3782894736842106 0.9991776315789473
0 0.47149122807017546 0.9416118421052633 0.6039839181286549 0.9375000000000001 0.6030701754385965 1 0.47057748538011707 1
0 0.6030701754385965 0.9375 0.7364766081871346 0.9320175438596493 0.7319078947368421 1 0.600328947368421 1 0.6030701754385965 0.9388706140350878
0 0.8634868421052632 0.40707236842105265 0.8881578947368421 0.16173245614035087 1 0.15762061403508779 1 0.40296052631578955
0 0.8689692982456142 0.40707236842105277 1 0.40021929824561403 0.9996345029239766 0.6085526315789473 0.8506944444444444 0.6167763157894737
0 0.8351608187134503 0.7990679824561403 0.8506944444444446 0.6181469298245614 1 0.6099232456140351 0.9987207602339181 0.7839912280701754
0 0.8241959064327485 0.8730811403508771 0.9923245614035089 0.8662280701754386 0.9694809941520469 1 0.8123172514619885 1
1 0.031980994152046804 0.3522478070175439 0.018274853801169597 0.23848684210526316 0.08223684210526318 0.23848684210526316 0.09502923976608191 0.3508771929824561
1 0.09411549707602342 0.3508771929824561 0.07858187134502922 0.23848684210526316 0.14711257309941525 0.23848684210526322 0.15533625730994155 0.34539473684210525
1 0.20741959064327486 0.34676535087719296 0.1973684210526316 0.23985745614035095 0.2649853801169591 0.23574561403508773 0.27320906432748543 0.34265350877192985
1 0.10964912280701757 0.45093201754385964 0.09594298245614036 0.3508771929824562 0.031980994152046784 0.35498903508771934 0.045687134502924026 0.45230263157894735
1 0.10782163742690065 0.44682017543859653 0.09411549707602339 0.35224780701754393 0.15533625730994155 0.3508771929824562 0.16447368421052633 0.44133771929824567
1 0.2165570175438597 0.4440789473684211 0.20559210526315788 0.34676535087719296 0.2722953216374269 0.33991228070175444 0.2796052631578948 0.44133771929824567
1 0.05847953216374271 0.5537280701754386 0.04385964912280705 0.4550438596491229 0.10964912280701754 0.4523026315789473 0.1206140350877193 0.552357456140351
1 0.11970029239766088 0.5523574561403509 0.10782163742690058 0.4481907894736843 0.16630116959064328 0.44819078947368424 0.17726608187134507 0.5482456140350878
1 0.2275219298245614 0.5523574561403509 0.21655701754385964 0.4468201754385965 0.2814327485380117 0.4413377192982456 0.29057017543859653 0.5413925438596491
1 0.13614766081871346 0.7017543859649122 0.12244152046783625 0.6099232456140351 0.06578947368421052 0.6099232456140352 0.08132309941520471 0.7072368421052632
1 0.1480263157894737 0.7839912280701755 0.13432017543859648 0.7017543859649122 0.08132309941520471 0.7003837719298247 0.09320175438596491 0.7826206140350879
1 0.15533625730994158 0.8675986842105264 0.14437134502923982 0.7853618421052632 0.09320175438596495 0.7839912280701754 0.10416666666666667 0.8662280701754386
1 0.1343201754385965 0.6962719298245614 0.12335526315789473 0.6099232456140352 0.18183479532163743 0.605811403508772 0.1909722222222222 0.6921600877192983
1 0.14528508771929827 0.7812500000000001 0.1361476608187135 0.6976425438596491 0.19188596491228072 0.6962719298245615 0.2001096491228071 0.7798793859649124
1 0.15625000000000006 0.8675986842105264 0.14528508771929824 0.7826206140350878 0.20193713450292397 0.7812500000000001 0.21016081871345038 0.8662280701754387
1 0.24031432748538012 0.6907894736842105 0.23300438596491227 0.6099232456140351 0.28508771929824556 0.605811403508772 0.29239766081871343 0.6894188596491229
1 0.2503654970760234 0.7839912280701754 0.24031432748538012 0.6921600877192984 0.29148391812865493 0.6880482456140352 0.30062134502923976 0.7785087719298247
1 0.2567616959064328 0.8648574561403509 0.249451754385965 0.7785087719298246 0.2997076023391813 0.777138157894737 0.30701754385964913 0.8566337719298247