0 0.9311038011695907 0.4701206140350877 0.9996345029239768 0.4701206140350877 0.9987207602339183 0.5345394736842106 0.9493786549707603 0.531798245614035 0.942982456140351 0.5400219298245614
0 0.9649122807017544 0.6154057017543859 0.9521198830409359 0.5290570175438597 1 0.5304276315789473 1 0.6167763157894737
0 0.9521198830409356 0.6222587719298246 1 0.6195175438596493 1 0.7099780701754386 0.96765350877193 0.7113486842105263
0 0.9703947368421053 0.7168311403508771 1 0.7168311403508774 1 0.8072916666666667 0.9850146198830411 0.8045504385964913
0 0.9210526315789473 0.39610745614035087 0.9091739766081873 0.33031798245614036 0.9950657894736844 0.3316885964912281 1 0.35498903508771934 1 0.3865131578947369 0.9347587719298246 0.3796600877192983
0 0.9036915204678364 0.33031798245614036 0.8936403508771932 0.2713815789473684 0.962171052631579 0.2727521929824562 0.9703947368421053 0.3344298245614036
0 0.981359649122807 0.33168859649122806 0.9667397660818714 0.26589912280701755 1 0.26726973684210525 0.9996345029239768 0.3344298245614036
0 0.8927266081871345 0.26864035087719296 0.8826754385964914 0.2069627192982456 0.9639985380116961 0.20696271929824567 0.9758771929824561 0.27001096491228077
0 0.9639985380116959 0.21107456140350878 1 0.2110745614035088 1 0.26864035087719296 0.9767909356725146 0.26864035087719296
0 0.8863304093567251 0.20422149122807018 0.8771929824561403 0.14117324561403513 0.9402412280701756 0.1425438596491228 0.948464912280702 0.2069627192982456
0 0.9566885964912281 0.19736842105263164 0.9475511695906434 0.13706140350877194 1 0.13980263157894737 1 0.20010964912280702
0 0.939327485380117 0.08634868421052633 1 0.08771929824561403 1 0.1425438596491228 0.948464912280702 0.14117324561403513
0 0.8607456140350878 0.08771929824561409 0.9356725146198832 0.08634868421052631 0.9438961988304095 0.14254385964912286 0.8662280701754388 0.1425438596491228
2 0.2101608187134503 0.9882127192982456 0.21929824561403513 0.9059758771929824 0.2796052631578948 0.9100877192982457 0.2722953216374269 0.9895833333333334
2 0.2732090643274854 0.9882127192982456 0.2796052631578948 0.9128289473684211 0.3371710526315789 0.9141995614035089 0.333516081871345 0.9923245614035088
2 0.3298611111111112 0.9923245614035088 0.3344298245614035 0.9114583333333335 0.3947368421052632 0.9141995614035088 0.3929093567251464 0.990953947368421
2 0.23026315789473684 0.9087171052631579 0.2366593567251462 0.8374451754385965 0.266812865497076 0.8374451754385965 0.2604166666666667 0.9100877192982456
2 0.26224415204678364 0.9087171052631579 0.26772660818713456 0.8360745614035088 0.2997076023391813 0.8388157894736843 0.29513888888888895 0.9141995614035089
2 0.2951388888888889 0.9114583333333334 0.2987938596491229 0.8360745614035089 0.3307748538011696 0.8388157894736842 0.32620614035087725 0.9141995614035089
2 0.3271198830409357 0.9114583333333335 0.3307748538011696 0.8388157894736843 0.36275584795321636 0.840186403508772 0.35910087719298256 0.9141995614035089
2 0.3618421052631579 0.912828947368421 0.3645833333333334 0.8388157894736842 0.3965643274853801 0.840186403508772 0.39290935672514626 0.9141995614035089
2 0.22203947368421054 0.8401864035087719 0.2275219298245614 0.7689144736842105 0.28417397660818716 0.7689144736842105 0.27960526315789475 0.8360745614035088
2 0.2814327485380117 0.8374451754385966 0.28417397660818716 0.7689144736842106 0.3389985380116959 0.7689144736842105 0.3344298245614035 0.8401864035087719
2 0.3344298245614035 0.8374451754385965 0.33808479532163743 0.7661732456140352 0.39473684210526316 0.7675438596491229 0.3929093567251462 0.840186403508772
2 0.23848684210526316 0.7332785087719298 0.24579678362573104 0.6592653508771931 0.2997076023391813 0.6606359649122808 0.29605263157894735 0.7305372807017545
2 0.2942251461988304 0.7332785087719298 0.2987938596491228 0.6633771929824561 0.35453216374269003 0.664747807017544 0.35087719298245623 0.7332785087719299
2 0.3508771929824561 0.7332785087719298 0.35544590643274865 0.6606359649122808 0.40752923976608185 0.6661184210526317 0.405701754385965 0.7346491228070176
2 0.25858918128654973 0.6620065789473685 0.26407163742690065 0.6016995614035088 0.29331140350877194 0.6030701754385966 0.2878289473684211 0.664747807017544
2 0.2878289473684211 0.6633771929824561 0.29331140350877194 0.6016995614035089 0.3225511695906433 0.6016995614035088 0.31798245614035087 0.664747807017544
2 0.3170687134502924 0.6633771929824561 0.3207236842105264 0.6016995614035088 0.3499634502923977 0.6030701754385965 0.3472222222222223 0.6633771929824561
2 0.3481359649122807 0.6633771929824561 0.3499634502923977 0.605811403508772 0.38011695906432746 0.605811403508772 0.3782894736842106 0.6661184210526317
2 0.37737573099415206 0.6633771929824561 0.38011695906432746 0.605811403508772 0.40752923976608196 0.6085526315789475 0.405701754385965 0.6674890350877194
2 0.2531067251461988 0.6016995614035088 0.2595029239766083 0.5400219298245614 0.31250000000000006 0.5413925438596491 0.30793128654970764 0.6044407894736843
2 0.30701754385964913 0.6016995614035088 0.3115862573099416 0.5400219298245615 0.3618421052631579 0.5427631578947368 0.35910087719298256 0.6030701754385965 0.3070175438596492 0.6016995614035088
2 0.36275584795321636 0.5441337719298247 0.4139254385964912 0.546875 0.4111842105263159 0.6085526315789473 0.3572733918128656 0.6058114035087719
2 0.4376827485380117 0.8826754385964912 0.5254020467836258 0.8881578947368423 0.5254020467836258 0.9923245614035089 0.4367690058479533 0.9895833333333336
2 0.43951023391812866 0.8908991228070176 0.4413377192982457 0.7894736842105264 0.5244883040935673 0.7922149122807018 0.5244883040935673 0.8908991228070177
2 0.4431652046783627 0.7935855263157895 0.4468201754385965 0.7058662280701755 0.5254020467836257 0.7072368421052632 0.5254020467836257 0.7976973684210528
2 0.5244883040935673 0.9923245614035088 0.5226608187134504 0.8908991228070177 0.5774853801169592 0.8922697368421053 0.5802266081871345 0.990953947368421
2 0.5235745614035088 0.8922697368421053 0.5244883040935673 0.7949561403508774 0.5774853801169592 0.7949561403508774 0.5802266081871346 0.8936403508771931
2 0.5254020467836257 0.7963267543859649 0.5244883040935673 0.7072368421052633 0.5756578947368421 0.7072368421052633 0.5783991228070177 0.7990679824561403
2 0.5783991228070176 0.7990679824561403 0.5765716374269007 0.7113486842105264 0.6240862573099416 0.7127192982456142 0.6295687134502925 0.8018092105263158
2 0.5793128654970761 0.8908991228070176 0.577485380116959 0.796326754385965 0.6277412280701755 0.796326754385965 0.6323099415204679 0.8963815789473686
2 0.5802266081871345 0.9895833333333334 0.5774853801169592 0.8895285087719299 0.6323099415204678 0.8922697368421054 0.6341374269005848 0.9882127192982457
2 0.4541301169590643 0.6716008771929824 0.4541301169590643 0.5838815789473686 0.5317982456140352 0.5893640350877194 0.5327119883040936 0.674342105263158
2 0.45778508771929827 0.5879934210526315 0.4568713450292399 0.5098684210526317 0.5327119883040936 0.512609649122807 0.5336257309941521 0.5921052631578947
2 0.45687134502923976 0.5139802631578947 0.4577850877192983 0.43174342105263164 0.5299707602339182 0.4399671052631579 0.5317982456140351 0.5139802631578947 0.4596125730994152 0.512609649122807
2 0.5308845029239766 0.5180921052631579 0.5281432748538013 0.4399671052631579 0.5747441520467838 0.4440789473684212 0.5774853801169592 0.5167214912280703
2 0.5317982456140351 0.590734649122807 0.5308845029239767 0.5139802631578949 0.5774853801169592 0.5139802631578947 0.5802266081871346 0.5934758771929824
2 0.5317982456140351 0.6743421052631579 0.5308845029239767 0.5879934210526317 0.5811403508771931 0.5907346491228072 0.5829678362573101 0.6770833333333334
2 0.5756578947368421 0.5194627192982456 0.5738304093567252 0.4427083333333335 0.6186038011695907 0.4481907894736843 0.6222587719298246 0.5208333333333334
2 0.5838815789473685 0.5921052631578947 0.5811403508771931 0.5153508771929826 0.6277412280701754 0.5167214912280702 0.6323099415204678 0.5948464912280702
2 0.5875365497076024 0.6770833333333334 0.584795321637427 0.590734649122807 0.6323099415204678 0.5921052631578947 0.6368786549707602 0.6770833333333334
2 0.4596601815373196 0.3264486065806243 0.45901819804355243 0.2917814979171952 0.5155127454950665 0.2946704236391477 0.5161547289888337 0.328374557061926
2 0.517438695976368 0.3283745570619259 0.517438695976368 0.2956333988797984 0.545043986208358 0.2965963741204492 0.5456859697021252 0.3274115818212751
2 0.545043986208358 0.3274115818212751 0.5444020027145909 0.2985223246017509 0.5732912599341151 0.2994852998424017 0.5732912599341152 0.3283745570619259
2 0.5752172104154166 0.32933753230257673 0.5739332434278823 0.2975593493611 0.6002545666723378 0.29948529984240174 0.6015385336598722 0.33030050754322754
2 0.45773423105601796 0.2917814979171952 0.4583762145497853 0.24748463684725794 0.48662348827554225 0.2484476120879088 0.48662348827554225 0.2956333988797984
2 0.4866234882755422 0.2946704236391476 0.48662348827554225 0.2494105873285596 0.5155127454950665 0.25133653780986126 0.5155127454950665 0.2965963741204492
2 0.5155127454950665 0.25229951305051207 0.5431180357270564 0.25229951305051207 0.5437600192208237 0.2956333988797984 0.5155127454950665 0.2946704236391476
2 0.5444020027145908 0.2985223246017508 0.5444020027145908 0.25518843877246444 0.5989705996848034 0.25422546353181363 0.5996125831785706 0.29948529984240174
2 0.4603021650310868 0.24941058732855956 0.46094414852485405 0.21570645390578128 0.5155127454950665 0.21666942914643206 0.5155127454950665 0.2513365378098612
2 0.5161547289888337 0.2513365378098612 0.5161547289888337 0.21570645390578133 0.5437600192208237 0.21666942914643206 0.5431180357270564 0.2513365378098612
2 0.5437600192208236 0.25422546353181363 0.5437600192208237 0.21763240438708287 0.5700813424652791 0.21763240438708287 0.5707233259590463 0.2561514140131152
2 0.5713653094528134 0.25518843877246444 0.5700813424652791 0.21859537962773368 0.5957606822159673 0.21859537962773368 0.5957606822159673 0.25422546353181363 0.5726492764403479 0.2561514140131152
2 0.461423216186566 0.17658571763151573 0.4623253143609287 0.1474930515083158 0.5160001557355147 0.14952277240063208 0.5160001557355146 0.17861543852383194
2 0.5164512048226961 0.1792920121546041 0.5160001557355146 0.14816962513908793 0.5435141500535796 0.1495227724006321 0.5430631009663982 0.17996858578537617
2 0.5430631009663982 0.18064515941614828 0.542612051879217 0.1495227724006321 0.5696749971101006 0.15087591966217628 0.5701260461972819 0.18132173304692037
2 0.5710281443716447 0.18199830667769246 0.570126046197282 0.15155249329294837 0.5962868932538028 0.15358221418526463 0.5971889914281655 0.18267488030846454
2 0.46864000158146835 0.10689863366199036 0.46999314884301246 0.06901051033875329 0.5196085484329658 0.07171680486184163 0.5205106466073286 0.10892835455430662
2 0.5196085484329658 0.1096049281850787 0.5196085484329658 0.07239337849261372 0.5457693954894866 0.07442309938492998 0.5453183464023051 0.10892835455430662
2 0.5453183464023054 0.11028150181585081 0.5453183464023053 0.07306995212338582 0.5710281443716447 0.07442309938492998 0.5719302425460074 0.11298779633893917
2 0.5719302425460074 0.11298779633893917 0.571479193458826 0.07442309938492998 0.5962868932538028 0.07848254116956255 0.5971889914281655 0.11298779633893918
2 0.29363295575508747 0.03585840243092082 0.29633925027817576 0.008118883569265087 0.3364826190373199 0.007442309938493002 0.3346784226885944 0.03653497606169291
2 0.3346784226885943 0.037211549692465 0.33603156995013844 0.006765736307720903 0.37888123323237083 0.008118883569265087 0.3770770368836453 0.03585840243092081
2 0.37662598779646395 0.037211549692465 0.3779791350580081 0.008118883569265087 0.4185735529043336 0.010825178092353447 0.41767145472997075 0.037888123323237086
2 0.2922798084935433 0.06359792129257653 0.29498610301663164 0.035181828800148716 0.3351294717757757 0.0365349760616929 0.3333252754270501 0.06292134766180445
2 0.33332527542705015 0.06495106855412072 0.3351294717757756 0.035181828800148716 0.37617493870928254 0.0365349760616929 0.3752728405349197 0.06292134766180445
2 0.3748217914477383 0.06427449492334864 0.37662598779646395 0.03585840243092081 0.41767145472997075 0.03721154969246499 0.41676935655560804 0.06427449492334864
2 0.28957351397045494 0.09404373467732062 0.2918287594063618 0.06224477403103234 0.33332527542705015 0.06292134766180446 0.3310700299911432 0.09201401378500436
2 0.331972128165506 0.09201401378500434 0.33287422633986874 0.06224477403103234 0.3748217914477383 0.06359792129257655 0.3734686441861942 0.09269058741577642
2 0.3730175950990128 0.09269058741577645 0.3748217914477383 0.06224477403103235 0.41722040564278934 0.06292134766180445 0.4167693565556079 0.09269058741577645
2 0.2882203667089107 0.10892835455430662 0.29002456305763624 0.09066086652346018 0.33197212816550586 0.09133744015423226 0.3310700299911431 0.10825178092353453
2 0.33152107907832457 0.09133744015423226 0.3743707423605569 0.09133744015423226 0.3739196932733756 0.11028150181585081 0.3306189809039618 0.1089283545543066
2 0.3739196932733756 0.09133744015423226 0.4163183074684266 0.09269058741577645 0.4154162092940638 0.1109580754466229 0.37346864418619413 0.10892835455430663
2 0.28010148313964567 0.2374773444010039 0.282807777662734 0.20770810464703193 0.3270105882065106 0.20973782553934817 0.32520639185778505 0.23883049166254813
2 0.3256574409449664 0.23950706529332016 0.327461637293692 0.20973782553934817 0.3716644478374686 0.21041439917012028 0.3703113005759244 0.238153918031776
2 0.37031130057592443 0.23883049166254808 0.37211549692464996 0.21176754643166443 0.40639522755043594 0.21244412006243651 0.40910152207352424 0.24153678618563645
2 0.2778462377037387 0.27130602593960845 0.280552532226827 0.23612419713945973 0.3256574409449664 0.23883049166254805 0.32340219550905946 0.2713060259396084
2 0.3238532445962409 0.27130602593960845 0.325206391857785 0.238153918031776 0.37076234966310584 0.23883049166254808 0.3689581533143802 0.27130602593960845
2 0.36895815331438025 0.2719825995703805 0.37076234966310584 0.23883049166254805 0.4086504729863429 0.2408602125548643 0.410003620247887 0.2699528786780643
2 0.2832588267499154 0.3031049865858967 0.2769441395293759 0.2794249095088735 0.2778462377037387 0.26995287867806433 0.32340219550905946 0.2713060259396085 0.32069590098597106 0.3037815602166688
2 0.3211469500731524 0.3024284129551247 0.32340219550905946 0.26927630504729216 0.3694092024015616 0.2706294523088364 0.3662518587912919 0.3037815602166688
2 0.3662518587912919 0.30581128110898503 0.3685071042271988 0.26995287867806433 0.4104546693350684 0.2713060259396084 0.4118078165966127 0.30581128110898503