2 0.2997076023391813 0.7113486842105263 0.29239766081871343 0.6400767543859649 0.36732456140350883 0.6318530701754387 0.37097953216374274 0.7017543859649122
2 0.29239766081871343 0.6387061403508771 0.28691520467836257 0.5605811403508771 0.36366959064327486 0.5537280701754386 0.3673245614035088 0.6332236842105263
2 0.2887426900584795 0.5619517543859649 0.28234649122807015 0.4810855263157895 0.3618421052631579 0.47560307017543874 0.3664108187134504 0.5578399122807018
2 0.36641081871345027 0.5592105263157895 0.36275584795321636 0.478344298245614 0.41209795321637427 0.47560307017543874 0.41666666666666674 0.5537280701754387
2 0.3718932748538012 0.6318530701754386 0.36732456140350883 0.5550986842105263 0.41758040935672514 0.5523574561403509 0.42123538011695905 0.6263706140350879
2 0.38011695906432746 0.703125 0.37372076023391815 0.6304824561403509 0.42123538011695916 0.6236293859649122 0.4239766081871345 0.6962719298245614
2 0.4239766081871345 0.7003837719298246 0.42123538011695916 0.6277412280701754 0.46600877192982454 0.6236293859649124 0.4678362573099415 0.6935307017543861
2 0.42123538011695905 0.6263706140350878 0.4166666666666667 0.5537280701754386 0.46509502923976614 0.5496162280701754 0.46692251461988304 0.6222587719298246
2 0.41027046783625737 0.47560307017543857 0.46326754385964913 0.4728618421052633 0.4650950292397661 0.5509868421052632 0.4166666666666667 0.5537280701754386
2 0.2768640350877193 0.4427083333333333 0.27138157894736853 0.35361842105263164 0.3536184210526316 0.34813596491228077 0.358187134502924 0.4372258771929825
2 0.2732090643274854 0.3536184210526316 0.266812865497076 0.2631578947368421 0.3508771929824561 0.2590460526315789 0.35361842105263164 0.35224780701754393
2 0.27046783625730997 0.2631578947368421 0.26407163742690065 0.16721491228070176 0.3499634502923976 0.1631030701754386 0.3517909356725147 0.2617872807017544
2 0.3536184210526316 0.2631578947368421 0.3499634502923978 0.16173245614035087 0.40387426900584794 0.1631030701754386 0.4057017543859649 0.2604166666666667
2 0.40478801169590645 0.2617872807017544 0.40296052631578955 0.16036184210526316 0.4586988304093567 0.16036184210526322 0.4586988304093567 0.2576754385964913
2 0.35361842105263164 0.3536184210526316 0.35087719298245623 0.259046052631579 0.40478801169590645 0.2576754385964912 0.40661549707602346 0.3495065789473684
2 0.4066154970760234 0.3508771929824561 0.40661549707602346 0.2590460526315789 0.4596125730994153 0.2576754385964913 0.45778508771929827 0.34676535087719307
2 0.35910087719298245 0.43722587719298245 0.35453216374269003 0.3495065789473685 0.4066154970760234 0.3508771929824562 0.4093567251461988 0.4344846491228071
2 0.40844298245614036 0.43585526315789475 0.4057017543859649 0.3481359649122807 0.4568713450292399 0.34813596491228077 0.45778508771929827 0.43174342105263164
2 0.49798976608187134 0.2631578947368421 0.49798976608187145 0.19325657894736842 0.5500730994152048 0.19188596491228074 0.5500730994152047 0.26315789473684215
2 0.5482456140350878 0.2631578947368421 0.5482456140350878 0.19325657894736847 0.6012426900584795 0.19188596491228077 0.6003289473684211 0.259046052631579
2 0.5994152046783626 0.2590460526315789 0.6003289473684211 0.18914473684210534 0.6341374269005848 0.18914473684210525 0.6332236842105264 0.2549342105263159
2 0.6332236842105263 0.25493421052631576 0.6341374269005848 0.18914473684210525 0.6652046783625731 0.18640350877192988 0.6642909356725146 0.25082236842105265
2 0.49798976608187134 0.32894736842105265 0.49798976608187145 0.26178728070175444 0.5317982456140351 0.26041666666666674 0.5317982456140351 0.3248355263157895
2 0.5308845029239767 0.2604166666666667 0.5665204678362574 0.2590460526315789 0.5656067251461989 0.32620614035087725 0.5308845029239767 0.32620614035087725
2 0.5656067251461988 0.3275767543859649 0.5665204678362574 0.2576754385964913 0.6158625730994153 0.2563048245614035 0.6158625730994153 0.32209429824561403
2 0.6158625730994152 0.32209429824561403 0.6158625730994153 0.25356359649122806 0.6624634502923976 0.2508223684210527 0.6615497076023392 0.3179824561403509
2 0.4952485380116959 0.3892543859649123 0.49433479532163743 0.3262061403508772 0.5464181286549707 0.32346491228070184 0.5464181286549709 0.38788377192982465
2 0.5473318713450293 0.38788377192982454 0.5455043859649124 0.3220942982456141 0.5948464912280702 0.3207236842105264 0.5948464912280702 0.3837719298245615
2 0.5948464912280702 0.38377192982456143 0.5966739766081872 0.3220942982456141 0.6259137426900585 0.3220942982456141 0.6259137426900585 0.381030701754386
2 0.625 0.37966008771929827 0.6259137426900585 0.3179824561403509 0.6569809941520468 0.31524122807017546 0.6578947368421053 0.37691885964912286
2 0.5034722222222222 0.4454495614035088 0.5043859649122807 0.3892543859649123 0.5345394736842106 0.38925438596491235 0.5345394736842105 0.44270833333333337
2 0.5345394736842106 0.44270833333333337 0.533625730994152 0.38788377192982465 0.5665204678362574 0.38788377192982454 0.5674342105263158 0.43996710526315796
2 0.5656067251461988 0.4413377192982456 0.5665204678362574 0.38651315789473684 0.6176900584795323 0.3796600877192983 0.6158625730994153 0.4372258771929825
2 0.6158625730994153 0.43859649122807026 0.6158625730994152 0.37691885964912286 0.6642909356725146 0.3728070175438597 0.6633771929824561 0.4372258771929825
2 0.49707602339181284 0.48382675438596506 0.5290570175438597 0.4824561403508772 0.5299707602339182 0.5345394736842105 0.49798976608187145 0.5372807017543861
2 0.5295632247075698 0.5342277712464447 0.5290144545265256 0.4807226785946436 0.559745584664996 0.4815458338662098 0.559196814483952 0.5325814607033124
2 0.559745584664996 0.5309351501601801 0.5591968144839519 0.48072267859464357 0.6052935096916574 0.47743005750837897 0.6041959693295691 0.525996218530783
2 0.6036471991485252 0.5276425290739154 0.6047447395106134 0.47578374696524656 0.6524877452614511 0.47331428115054813 0.6497438943562306 0.5243499079876507
2 0.49334439275865827 0.5910254849845105 0.49334439275865827 0.5358740817895771 0.539989858147408 0.5342277712464446 0.5399898581474079 0.5877328638982459
2 0.539989858147408 0.5869097086266797 0.5394410879663637 0.5334046159748785 0.5860865533551134 0.5301119948886138 0.5855377831740693 0.5827939322688487
2 0.5899279446224223 0.5819707769972826 0.5904767148034663 0.5284656843454816 0.6195615343988043 0.5251730632592168 0.617915223855672 0.5819707769972826
2 0.6179152238556721 0.5803244664541503 0.6195615343988045 0.5259962185307829 0.6491951241751867 0.5227035974445183 0.64700004345101 0.5770318453678854
2 0.49444193312074647 0.641237956550047 0.4938931629397023 0.5902023297129443 0.5235267527160845 0.5877328638982459 0.5240755228971286 0.6395916460069144
2 0.5262706036213051 0.6395916460069145 0.5251730632592169 0.5869097086266797 0.554806653035599 0.584440242811981 0.5542578828545549 0.6346527143775175
2 0.5559041933976872 0.6346527143775176 0.5559041933976872 0.5836170875404149 0.6003545780622603 0.5811476217257164 0.5998058078812162 0.6297137827481205
2 0.6003545780622604 0.6305369380196867 0.6009033482433046 0.5803244664541503 0.6453537329078777 0.5770318453678854 0.6437074223647453 0.6255980063902896
2 0.49608824366387877 0.6922735833871495 0.49608824366387877 0.6404148012784806 0.539989858147408 0.637122180192216 0.540538628328452 0.684865185943054
2 0.5394410879663637 0.684865185943054 0.5394410879663637 0.6362990249206499 0.5849890129930253 0.6313600932912528 0.5849890129930252 0.680749409585223
2 0.5849890129930253 0.6799262543136568 0.5855377831740692 0.6313600932912528 0.6151713729504515 0.6280674722049883 0.6146226027694074 0.6766336332273921
2 0.6146226027694074 0.6774567884989584 0.6157201431314956 0.627244316933422 0.6437074223647453 0.6247748511187234 0.6426098820026571 0.6749873226842598
2 0.881081727860066 0.5966181985795302 0.9219191666751673 0.5941008222142159 0.9112902442438395 0.6629091095328115 0.8710122223988078 0.6654264858981258
2 0.8822005618002056 0.5966181985795302 0.8928294842315334 0.5261316603507251 0.933107506076565 0.5244534094405153 0.9224785836452373 0.5957790731244256
2 0.8922700672614634 0.5278099112609347 0.9023395727227215 0.4514494948463956 0.9448552624480324 0.44809299302597627 0.9342263400167048 0.5236142839854105
2 0.8587050490572705 0.5311664130813539 0.8676557205783886 0.4539668712117101 0.9012207387825817 0.45144949484639574 0.8911512333213237 0.5278099112609348
2 0.8503137945062222 0.6050094531305785 0.8575862151171307 0.5320055385364588 0.8905918163512538 0.5294881621711444 0.8805223108899959 0.5999747003999495
2 0.8436007908653835 0.66962211317365 0.850873211476292 0.6058485785856833 0.8777252260396465 0.6008138258550545 0.8704528054287383 0.6671047368083355
2 0.8710122223988078 0.416206225731993 0.8799628939199261 0.3331328056766154 0.9112902442438395 0.32977630385619605 0.9006613218125117 0.4136888493666785
2 0.9023395727227213 0.4136888493666785 0.9124090781839792 0.3306154293113009 0.9566030188195 0.32725892749088153 0.9465335133582421 0.40949322209115446
2 0.8799628939199261 0.33229368022151057 0.8877947315009046 0.2458637583457136 0.9208003327350275 0.2433463819803991 0.9112902442438395 0.33061542931130083
2 0.9124090781839792 0.3306154293113009 0.9219191666751673 0.2450246328906088 0.9666725242807579 0.2425072565252943 0.9560436018494302 0.3272589274908816
2 0.8883541484709742 0.24754200925592323 0.8989830709023021 0.15439908373928773 0.933107506076565 0.15355995828418292 0.9213597497050973 0.24418550743550396
2 0.921919166675167 0.24418550743550396 0.9336669230466348 0.15272083282907806 0.9778608636821556 0.15104258191886843 0.9666725242807579 0.2425072565252943