0 0.07584064327485382 0.3412828947368421 0.05665204678362575 0.17817982456140358 0 0.17955043859649134 0 0.34402412280701755
0 0.07492690058479534 0.3399122807017544 0.05756578947368423 0.18092105263157895 0.14985380116959066 0.18092105263157895 0.16173245614035092 0.3385416666666667
0 0.14985380116959066 0.18092105263157895 0.29788011695906436 0.17955043859649128 0.30427631578947373 0.33580043859649134 0.16264619883040934 0.3371710526315789
0 0.05939327485380119 0.4975328947368421 0.04020467836257312 0.34539473684210525 0 0.3495065789473684 3.1164155077197375e-17 0.5002741228070176
0 0.04020467836257312 0.3481359649122807 0.12883771929824567 0.3440241228070176 0.14619883040935672 0.4920504385964912 0.05756578947368422 0.4989035087719299 0.037463450292397706 0.3508771929824562
0 0.1306652046783626 0.34402412280701755 0.21747076023391818 0.33991228070175444 0.22843567251461988 0.48382675438596495 0.14619883040935677 0.4920504385964913
0 0.2183845029239766 0.3412828947368421 0.30153508771929827 0.337171052631579 0.3106725146198831 0.47971491228070184 0.22843567251461988 0.48382675438596495
0 0.02192982456140353 0.640076754385965 0.0009137426900584899 0.503015350877193 0.0858918128654971 0.5002741228070176 0.10416666666666669 0.6359649122807018
0 0.10782163742690061 0.6345942982456141 0.09046052631578952 0.4975328947368421 0.17543859649122814 0.4934210526315789 0.18823099415204678 0.6263706140350878
0 0.1909722222222222 0.6277412280701754 0.17543859649122812 0.4906798245614036 0.3125 0.4824561403508772 0.3216374269005849 0.6112938596491229
0 0.07584064327485382 0.6359649122807018 0 0.6373355263157896 0 0.767543859649123 0.09228801169590645 0.7552083333333334
0 0.07492690058479534 0.6387061403508771 0.15807748538011696 0.6291118421052632 0.1699561403508772 0.7538377192982457 0.09320175438596491 0.7620614035087719
0 0.15807748538011698 0.6318530701754386 0.2384868421052632 0.6277412280701755 0.24945175438596492 0.7510964912280703 0.16904239766081872 0.7565789473684211 0.15533625730994155 0.6345942982456142
0 0.24031432748538012 0.6236293859649122 0.3170687134502924 0.6181469298245615 0.3252923976608187 0.7401315789473685 0.24853801169590642 0.7469846491228072
0 0.07766812865497078 0.9375 0.005482456140350908 0.9443530701754386 0 0.9210526315789475 0 0.8758223684210527 0.06487573099415207 0.8730811403508774
0 0.07766812865497078 0.9361293859649122 0.06578947368421055 0.874451754385965 0.13614766081871346 0.8703399122807018 0.1443713450292398 0.9251644736842106
0 0.14711257309941522 0.9388706140350878 0.135233918128655 0.8703399122807018 0.2101608187134503 0.864857456140351 0.2183845029239766 0.9320175438596493
0 0.2238669590643275 0.9183114035087719 0.21564327485380116 0.8621162280701755 0.3362573099415205 0.8442982456140352 0.338998538011696 0.9059758771929826 0.2302631578947369 0.9169407894736843
0 0.0009137426900585003 0.9566885964912281 0.12335526315789473 0.9347587719298246 0.13706140350877194 1 0.008223684210526367 1
0 0.13157894736842107 0.9402412280701754 0.20102339181286555 0.933388157894737 0.20924707602339182 1 0.13888888888888892 1
0 0.2101608187134503 0.9361293859649122 0.2814327485380117 0.9279057017543861 0.28965643274853803 1 0.21929824561403508 0.9978070175438595
0 0.28234649122807015 0.9251644736842105 0.3554459064327486 0.9196820175438598 0.3591008771929825 1 0.2896564327485381 0.9991776315789473
0 0.3965643274853801 0.5400219298245614 0.3892543859649123 0.3686951754385965 0.5418494152046784 0.36047149122807026 0.542763157894737 0.5276864035087719
0 0.40752923976608185 0.7058662280701754 0.40021929824561403 0.5455043859649124 0.5455043859649124 0.533168859649123 0.5464181286549709 0.6853070175438598
0 0.4166666666666667 0.8484100877192983 0.4093567251461988 0.7072368421052632 0.5482456140350878 0.6880482456140352 0.5509868421052633 0.8264802631578949
0 0.5509868421052632 0.8278508771929824 0.5509868421052633 0.6866776315789473 0.6816520467836258 0.6716008771929826 0.6779970760233919 0.8086622807017545
0 0.5482456140350878 0.6839364035087719 0.5473318713450294 0.5276864035087719 0.6880482456140352 0.5194627192982456 0.6825657894736842 0.668859649122807
0 0.5418494152046783 0.5263157894736842 0.5418494152046784 0.35498903508771934 0.6871345029239766 0.3508771929824562 0.6843932748538013 0.5153508771929824
0 0.6880482456140352 0.5276864035087719 0.6953581871345029 0.36184210526315796 0.7949561403508771 0.3549890350877193 0.7867324561403509 0.5167214912280702
0 0.6862207602339181 0.674342105263158 0.6907894736842105 0.5249451754385965 0.7839912280701756 0.5153508771929826 0.7757675438596491 0.6633771929824562 0.6880482456140352 0.6729714912280703
0 0.6807383040935674 0.8086622807017545 0.6843932748538013 0.6716008771929824 0.7757675438596491 0.6633771929824562 0.7666301169590644 0.7963267543859649
0 0.4340277777777778 1 0.4276315789473684 0.9237938596491229 0.5564692982456141 0.9141995614035088 0.5573830409356725 1
0 0.5592105263157895 1 0.5564692982456141 0.9128289473684209 0.6798245614035089 0.8963815789473685 0.6789108187134503 0.9882127192982456 0.6058114035087719 1
0 0.6816520467836257 0.8991228070175439 0.762061403508772 0.8867872807017545 0.756578947368421 0.9676535087719299 0.6779970760233918 0.9745065789473685
0 0.918311403508772 0.986842105263158 0.9292763157894737 0.9073464912280703 1 0.899122807017544 1 0.9470942982456141 0.9941520467836257 0.9758771929824561
0 0.9274488304093568 0.884046052631579 0.9384137426900585 0.8251096491228072 1 0.8127741228070176 0.9978070175438597 0.8758223684210528
0 0.9320175438596491 0.7332785087719299 0.942982456140351 0.6483004385964913 1 0.6441885964912281 1 0.7291666666666666
1 0.7838511456673135 0.23923643584101134 0.7885420561740003 0.16746550508870794 0.8781384468517124 0.16535459536069905 0.8715711721423511 0.23642188953699947
1 0.9363057371346247 0.23782916268900536 0.9442802849959919 0.1681691416647109 1 0.16535459536069905 0.9963493916202122 0.2329037066569846
1 0.786196600920657 0.306785547137297 0.7918256935286807 0.23853279926500842 0.8485857106595874 0.23853279926500842 0.8420184359502261 0.305378273985291
1 0.9180111861585474 0.30467463740928796 0.9241093698172399 0.23782916268900542 1 0.2357182529609965 0.9907202990121883 0.30045281795327017 0.9156657309052043 0.30256372768127904
1 0.8429566180515634 0.30467463740928796 0.8485857106595874 0.23782916268900542 0.8711020810916824 0.23712552611300244 0.8645348063823215 0.303267364257282
1 0.7861966009206567 0.3468928319694664 0.789011147224669 0.30748918371329986 0.8640657153316528 0.305378273985291 0.8589057137742977 0.3701128389775647 0.7951093308833612 0.37503829500958547 0.7979238771873731 0.35392919772949627
1 0.9100366382971803 0.3694092024015616 0.917542095107879 0.303267364257282 0.9391202834386367 0.3025637276812791 0.9316148266279383 0.36589101952154673
1 0.9330220997799441 0.36729829267355274 0.9395893744893054 0.301860091105276 0.9930657542655315 0.30115645452927314 0.9850912064041645 0.36448374636954084
1 0.789949329326006 0.43977286000185906 0.7951093308833612 0.37503829500958547 0.8420184359502263 0.3750382950095854 0.8368584343928711 0.43977286000185906
1 0.9818075690494839 0.4292183113618145 0.9897821169108508 0.36870556582555875 0.9090984561958432 0.3687055658255587 0.9025311814864821 0.4313292210898234