0 0.09685672514619885 0.37280701754385964 0.12152777777777782 0.2220394736842106 0 0.20559210526315796 0 0.36595394736842113
0 0.09777046783625733 0.37280701754385964 0.12152777777777778 0.22066885964912286 0.3033625730994152 0.24122807017543865 0.28965643274853803 0.3947368421052632
0 0.07309941520467839 0.5509868421052632 0.10142543859649122 0.37417763157894746 0 0.3618421052631579 0.0009137426900585003 0.5413925438596491
0 0.07035818713450294 0.5523574561403509 0.10051169590643275 0.37006578947368435 0.2960526315789474 0.39336622807017535 0.2823464912280702 0.5660635964912281 0.0730994152046784 0.550986842105263
0 0.045687134502924 0.7360197368421053 0.0749269005847953 0.5509868421052633 0 0.542763157894737 0 0.7236842105263158
0 0.045687134502924 0.7415021929824561 0.07492690058479533 0.5496162280701755 0.28508771929824567 0.5646929824561405 0.26589912280701755 0.7606907894736842
0 0.9046052631578947 0.07812500000000001 0.8890716374269008 7.791038769299344e-18 0.9713084795321637 0 0.988669590643275 0.0863486842105263
0 0.9895833333333334 0.08771929824561404 0.9694809941520469 0 1 0 0.9987207602339181 0.08908991228070179
0 0.9055190058479532 0.18503289473684212 0.8899853801169593 0.08634868421052637 0.9932383040935674 0.09731359649122807 1 0.15213815789473684 1 0.17543859649122806 0.914656432748538 0.17269736842105263
0 0.9347587719298246 0.2727521929824561 0.9155701754385965 0.1699561403508772 1 0.17543859649122814 0.9987207602339183 0.2754934210526316
0 0.9411549707602339 0.34813596491228077 1 0.3508771929824562 1 0.4769736842105264 0.9658260233918129 0.4769736842105264
0 0.9658260233918129 0.47423245614035087 0.988669590643275 0.6181469298245614 1 0.6167763157894738 1 0.47697368421052644
1 0.3993055555555556 0.8758223684210527 0.40021929824561414 0.8004385964912282 0.4861111111111112 0.8004385964912282 0.4861111111111112 0.8758223684210527
1 0.48519736842105265 0.7990679824561405 0.5381944444444445 0.7990679824561405 0.5381944444444445 0.8799342105263159 0.4861111111111112 0.8758223684210527
1 0.5372807017543859 0.7990679824561403 0.5893640350877193 0.7976973684210528 0.5921052631578948 0.8785635964912282 0.5381944444444445 0.8799342105263159 0.539108187134503 0.8059210526315791
1 0.5884502923976608 0.8031798245614035 0.6387061403508772 0.805921052631579 0.6405336257309943 0.8799342105263159 0.5902777777777779 0.8771929824561405
1 0.40021929824561403 0.8018092105263158 0.4011330409356726 0.708607456140351 0.45230263157894735 0.708607456140351 0.45230263157894735 0.8018092105263159
1 0.45321637426900585 0.8004385964912281 0.4532163742690059 0.708607456140351 0.5034722222222222 0.7127192982456142 0.5034722222222222 0.8031798245614037
1 0.5025584795321637 0.8018092105263158 0.5034722222222222 0.708607456140351 0.5537280701754387 0.7099780701754387 0.5555555555555556 0.8004385964912282
1 0.5564692982456141 0.8031798245614035 0.5546418128654972 0.708607456140351 0.6350511695906432 0.7154605263157896 0.6377923976608187 0.8018092105263159
1 0.40113304093567254 0.7113486842105263 0.4020467836257311 0.620888157894737 0.48245614035087725 0.6222587719298247 0.4851973684210527 0.7099780701754387
1 0.48519736842105265 0.708607456140351 0.48519736842105265 0.620888157894737 0.5336257309941521 0.6277412280701754 0.5327119883040936 0.7113486842105263
1 0.5381944444444444 0.7099780701754386 0.5372807017543859 0.6277412280701755 0.5838815789473685 0.6263706140350879 0.5857090643274855 0.7113486842105263
1 0.5866228070175439 0.7127192982456141 0.584795321637427 0.6250000000000001 0.6332236842105264 0.6277412280701755 0.6359649122807017 0.7154605263157896
1 0.4093567251461988 0.6208881578947368 0.4093567251461988 0.5441337719298246 0.4577850877192983 0.5441337719298246 0.45869883040935683 0.6250000000000001
1 0.45778508771929827 0.625 0.4568713450292399 0.5413925438596493 0.5043859649122808 0.5441337719298246 0.5052997076023392 0.6263706140350878
1 0.5043859649122807 0.6263706140350878 0.5043859649122807 0.5455043859649122 0.5519005847953217 0.546875 0.5537280701754386 0.6291118421052632
1 0.5528143274853801 0.6291118421052632 0.5509868421052633 0.5455043859649122 0.6286549707602339 0.5509868421052633 0.6295687134502924 0.6318530701754387
1 0.41483918128654973 0.4838267543859649 0.4157529239766083 0.4276315789473684 0.4906798245614036 0.42763157894736853 0.4915935672514621 0.48519736842105265
1 0.49159356725146197 0.48519736842105265 0.4906798245614036 0.4276315789473685 0.537280701754386 0.4303728070175439 0.5363669590643275 0.48656798245614047
1 0.535453216374269 0.48930921052631576 0.535453216374269 0.4290021929824562 0.5802266081871346 0.43037280701754405 0.5820540935672516 0.48793859649122806
1 0.581140350877193 0.48793859649122806 0.5793128654970761 0.42763157894736853 0.623172514619883 0.43174342105263164 0.6250000000000001 0.4879385964912281
1 0.42123538011695905 0.4276315789473684 0.4230628654970761 0.35910087719298245 0.46692251461988304 0.361842105263158 0.46509502923976614 0.4290021929824561
1 0.46600877192982454 0.4290021929824561 0.46509502923976614 0.35910087719298245 0.5107821637426901 0.36047149122807015 0.51078216374269 0.4290021929824561
1 0.5098684210526315 0.4276315789473684 0.5089546783625731 0.35773026315789486 0.5537280701754387 0.3591008771929824 0.5546418128654972 0.4290021929824562
1 0.5546418128654972 0.4303728070175439 0.5546418128654972 0.3577302631578948 0.625 0.35773026315789486 0.6295687134502924 0.4331140350877194
1 0.42671783625730997 0.36047149122807015 0.42763157894736853 0.29057017543859653 0.49890350877192985 0.29605263157894735 0.49707602339181284 0.361842105263158
1 0.49707602339181284 0.3618421052631579 0.49707602339181284 0.29468201754385964 0.5409356725146199 0.29605263157894735 0.5400219298245615 0.36047149122807015
1 0.5391081871345029 0.36047149122807015 0.5400219298245614 0.29605263157894735 0.5811403508771931 0.2974232456140351 0.5829678362573101 0.35910087719298245
1 0.5793128654970761 0.3618421052631579 0.5793128654970761 0.29605263157894746 0.6222587719298246 0.29605263157894735 0.6250000000000001 0.36047149122807015
1 0.43220029239766083 0.29194078947368424 0.43402777777777785 0.23026315789473684 0.47331871345029247 0.23300438596491235 0.472404970760234 0.29605263157894735
1 0.47149122807017546 0.29605263157894735 0.47331871345029247 0.2302631578947369 0.5153508771929826 0.23300438596491238 0.5162646198830411 0.2960526315789475
1 0.516264619883041 0.29605263157894735 0.5144371345029239 0.23437500000000006 0.5537280701754387 0.23300438596491227 0.5537280701754387 0.29879385964912286
1 0.5528143274853801 0.2974232456140351 0.5519005847953217 0.23437500000000008 0.6186038011695907 0.23985745614035095 0.6204312865497076 0.2987938596491228 0.5537280701754387 0.29468201754385964
1 0.12975146198830412 0.22203947368421054 0.13523391812865498 0.1768092105263158 0.24671052631578952 0.19051535087719307 0.24214181286549707 0.23848684210526325
1 0.2412280701754386 0.23711622807017543 0.247624269005848 0.19462719298245615 0.3517909356725147 0.20559210526315796 0.34813596491228077 0.28919956140350883 0.30884502923976614 0.2850877192982456 0.30153508771929827 0.24259868421052636
1 0.4166666666666667 0.046600877192982455 0.41758040935672514 0 0.472404970760234 3.1164155077197375e-17 0.5034722222222223 0.004111842105263189 0.5025584795321637 0.05345394736842105
1 0.5016447368421053 0.05482456140350877 0.5034722222222223 2.337311630789803e-17 0.5592105263157896 0.008223684210526327 0.5592105263157896 0.06030701754385965
1 0.5573830409356725 0.05756578947368421 0.5564692982456141 0.0041118421052631655 0.6103801169590644 0.010964912280701759 0.6140350877192983 0.0616776315789474
1 0.7099780701754386 0.07401315789473684 0.7035818713450293 0.021929824561403525 0.7766812865497076 0.03289473684210527 0.783077485380117 0.07812500000000003
1 0.7063230994152047 0.024671052631578948 0.7026681286549707 0 0.7711988304093568 2.337311630789803e-17 0.7766812865497076 0.0356359649122807
1 0.8333333333333334 0.03974780701754386 0.8269371345029239 0 0.8077485380116959 0 0.8159722222222222 0.03974780701754389
1 0.8205409356725146 0.0849780701754386 0.8406432748538012 0.08360745614035091 0.832419590643275 0.03700657894736842 0.8150584795321639 0.03563596491228074
1 0.8360745614035088 0.0424890350877193 0.828764619883041 0 0.8790204678362574 3.895519384649672e-18 0.8799342105263159 0.015076754385964912 0.8671418128654973 0.04385964912280705
1 0.8433845029239766 0.08634868421052631 0.8342470760233918 0.03700657894736842 0.8689692982456142 0.04111842105263158
2 0.3517909356725146 0.2700109649122807 0.3517909356725147 0.21792763157894743 0.3819444444444446 0.22066885964912283 0.3819444444444444 0.2727521929824562
2 0.24396929824561409 0.18914473684210525 0.247624269005848 0.1493969298245615 0.3134137426900585 0.15625 0.3079312865497077 0.20422149122807018
2 0.3079312865497076 0.20010964912280702 0.3115862573099416 0.15625 0.3508771929824562 0.16173245614035087 0.3481359649122807 0.205592105263158
2 0.3499634502923977 0.16173245614035087 0.3782894736842105 0.1644736842105264 0.3819444444444444 0.22203947368421054 0.3508771929824562 0.21929824561403516 0.35270467836257313 0.20559210526315796 0.34630847953216376 0.20559210526315796 0.3499634502923977 0.16447368421052638