0 0.13888888888888892 0.8991228070175439 0.1663011695906433 0.6592653508771931 0 0.6578947368421054 0 0.903234649122807
0 0.1398026315789474 0.9004934210526315 0.16630116959064328 0.6620065789473686 0.3006213450292399 0.6661184210526315 0.28417397660818716 0.9004934210526317
0 0.28691520467836257 0.9004934210526315 0.30244883040935683 0.6661184210526315 0.4358552631578948 0.6702302631578949 0.42671783625730997 0.9018640350877193
0 0.16630116959064328 0.6606359649122807 0.18823099415204678 0.45504385964912286 0 0.44819078947368435 0 0.6606359649122807
0 0.3033625730994152 0.6674890350877193 0.314327485380117 0.45778508771929827 0.18823099415204678 0.45230263157894746 0.16538742690058483 0.6620065789473686
0 0.3033625730994152 0.6661184210526315 0.4340277777777778 0.6716008771929826 0.4376827485380117 0.46326754385964924 0.31432748538011696 0.4564144736842107
0 0.18823099415204678 0.4564144736842105 0.20467836257309946 0.2782346491228071 0.02375730994152053 0.27001096491228077 0 0.41803728070175444 0 0.4509320175438597
0 0.3115862573099415 0.4605263157894737 0.3216374269005848 0.28508771929824567 0.20559210526315796 0.2754934210526316 0.18731725146198827 0.45504385964912286
0 0.30884502923976614 0.46326754385964913 0.43494152046783624 0.4632675438596492 0.43768274853801176 0.29194078947368424 0.3225511695906433 0.28234649122807026
0 0.22843567251461988 0.21655701754385964 0.24579678362573099 0.06990131578947369 0.07858187134502924 0.049342105263157895 0.050255847953216415 0.19599780701754385
0 0.22934941520467836 0.21518640350877194 0.3417397660818714 0.22478070175438597 0.3499634502923977 0.07675438596491231 0.24579678362573099 0.06441885964912283
0 0.34082602339181284 0.22615131578947367 0.45138888888888895 0.23300438596491227 0.45321637426900585 0.09320175438596494 0.3499634502923977 0.07949561403508774
0 0.34996345029239767 0.07812500000000001 0.45321637426900585 0.08771929824561407 0.4532163742690059 0 0.35361842105263164 0
0 0.24396929824561403 0.06578947368421054 0.34996345029239767 0.08086622807017543 0.35453216374269014 0 0.25036549707602346 0
0 0.24305555555555555 0.0699013157894737 0.25127923976608185 0 0.08589181286549714 0 0.07675438596491228 0.05208333333333334
0 0.9548611111111112 0.3399122807017544 1 0.33991228070175444 0.9996345029239766 0.5084978070175439 0.9841008771929824 0.5084978070175439
1 0.7428728070175439 0.3536184210526316 0.7309941520467836 0.259046052631579 0.8269371345029242 0.2645285087719299 0.8406432748538013 0.35224780701754393
1 0.7538377192982456 0.4481907894736843 0.7437865497076025 0.3522478070175439 0.8406432748538012 0.35498903508771934 0.8506944444444444 0.45230263157894746
1 0.758406432748538 0.44819078947368424 0.7730263157894737 0.5523574561403509 0.8022660818713452 0.5509868421052632 0.8543494152046786 0.47560307017543857 0.8506944444444446 0.45093201754385964
1 0.9402412280701756 0.36595394736842113 0.8845029239766083 0.3577302631578948 0.8726242690058481 0.2713815789473685 0.9256213450292398 0.27686403508771934