2 0.20679276001155195 0.2879666344638478 0.1969160908766719 0.18426160854760676 0.2901271558371028 0.17685410669644672 0.2969173658673328 0.2777813194185027
2 0.2963000740464028 0.28055913261268767 0.2895098640161728 0.17870598215923672 0.34876987882545335 0.1768541066964467 0.3537082133928933 0.27500350622431763
2 0.35309092157196337 0.27685538168710766 0.3487698788254534 0.1759281689650517 0.4049434345300838 0.17500223123365669 0.40679530999287383 0.27407756849292264
2 0.211113802758062 0.38241228306613867 0.20370630090690198 0.28704069673245275 0.29321361494175285 0.27870725714989764 0.29938653315105285 0.3740788434835836
2 0.2981519495091928 0.37500478121497854 0.29259632312082284 0.27963319488129273 0.3500044624673134 0.27500350622431763 0.35370821339289343 0.3694491548266085
2 0.35432550521382333 0.37037509255800355 0.3506217542882434 0.27500350622431763 0.40679530999287383 0.2731516307615276 0.40802989363473385 0.36667134163242354
2 0.21913859643015207 0.47315418074284954 0.21049651093713206 0.3814863453347437 0.2981519495091929 0.37222696802079364 0.30432486771849293 0.46204292796610946
2 0.3043248677184929 0.4648207411602944 0.2981519495091929 0.3740788434835836 0.3537082133928934 0.36944915482660856 0.3574119643184734 0.4583391770405294
2 0.3586465479603334 0.4583391770405294 0.3543255052138234 0.37037509255800355 0.40802989363473385 0.3657454039010285 0.4098817690975239 0.45370948838355435
2 0.23148443284875223 0.6000076499439657 0.2228423473557321 0.5148213786556249 0.30802861864407294 0.5055620013416748 0.31358424503244303 0.5861185839730405
2 0.31234966139058296 0.5888963971672256 0.30802861864407294 0.5055620013416748 0.3617330070649834 0.49722856175911984 0.3654367579905635 0.5814888953160656 0.31296695321151297 0.5888963971672256
2 0.3660540498114935 0.5824148330474607 0.3635848825277735 0.49908043722190976 0.4148201036649639 0.4944507485649347 0.41543739548589403 0.5750073311963005
2 0.23704005923712226 0.6777864193811466 0.22963255738596222 0.5990817122125709 0.309880494106863 0.5851926462416455 0.31543612049523306 0.6629714156788263
2 0.317287995958023 0.6638973534102214 0.31296695321151297 0.5888963971672256 0.36420217434870356 0.5824148330474607 0.3685232170952135 0.6574157892904564
2 0.36914050891614353 0.6583417270218513 0.3672886334533535 0.5805629575846707 0.41605468730682393 0.5740813934649055 0.4185238545905441 0.6500082874392963
2 0.2444475610882823 0.7472317492357722 0.23642276741619225 0.6787123571125415 0.31543612049523306 0.6666751666044063 0.3197571632417431 0.736120496459032
2 0.317287995958023 0.6638973534102214 0.3666713416324236 0.6574157892904562 0.36975780073707354 0.7277870568764768 0.3222263305254631 0.7351945587276371
2 0.37099238437893356 0.729638932339267 0.3679059252742835 0.6555639138276662 0.4154373954858939 0.6500082874392963 0.41790656276961397 0.724083305950897
0 0.9591193978800628 0.284108897271195 1 0.2825976797325186 1 0.42465212836811606 0.9379623523385905 0.4261633459067926
0 0.9339324389021201 0.4231409108294395 1 0.42465212836811594 1 0.5561280542329775 0.9168053067971187 0.5591504893103307
0 0.9077380015650593 0.6815591099431328 0.9248651336700605 0.5591504893103305 0.9923661837309473 0.554616836694301 0.9742315732668284 0.6770254573271032
0 0.8906108694600582 0.7903667727278458 0.9077380015650593 0.6815591099431328 1 0.6770254573271032 0.9963960971674182 0.7767658148797567
0 0.8724762589959393 0.950555831827562 0.8795286075097635 0.8583715619682915 0.9087454799241771 0.897663217973882 0.9399773090568261 0.8946407828965289 0.9339324389021199 0.9384660915181495 0.8724762589959395 0.9475333967502089
0 0.9339324389021201 0.9399773090568264 0.9399773090568263 0.8931295653578524 1 0.8855734776644696 0.9903512270127116 0.9293987862860902
0 0.8765061724324105 1 0.8825510425871166 0.9656680072143281 0.9782614867032995 0.93846609151815 0.9702016598303577 1
0 0.9702016598303578 1 0.9822914001397701 0.9399773090568262 1 0.9369548739794734 1 1