0 0.0630482456140351 0.8950109649122807 0.07858187134502927 0.7935855263157896 0.1873172514619883 0.7935855263157896 0.17726608187134502 0.8922697368421054
0 0.08040935672514622 0.7949561403508771 0.09502923976608187 0.7003837719298247 0.17543859649122812 0.7031250000000001 0.16355994152046785 0.796326754385965
0 0.08680555555555558 0.703125 0.10142543859649127 0.6058114035087719 0.2010233918128655 0.6099232456140351 0.19188596491228074 0.7017543859649122
0 0.10051169590643277 0.6016995614035088 0.11330409356725148 0.5153508771929826 0.19279970760233922 0.5139802631578948 0.1827485380116959 0.6016995614035088
0 0.17635233918128657 0.8922697368421053 0.18823099415204678 0.7935855263157896 0.2942251461988304 0.7949561403508771 0.2869152046783626 0.8922697368421053
0 0.16812865497076027 0.7963267543859649 0.179093567251462 0.699013157894737 0.2613304093567252 0.7017543859649124 0.2521929824561404 0.796326754385965
0 0.20010964912280702 0.7003837719298246 0.21016081871345033 0.6099232456140352 0.3070175438596492 0.6154057017543861 0.3006213450292398 0.7031250000000001
0 0.18914473684210525 0.605811403508772 0.20102339181286555 0.5194627192982456 0.27960526315789475 0.5235745614035088 0.27046783625730997 0.6085526315789473
0 0.13157894736842107 0.5167214912280702 0.13980263157894737 0.45093201754385975 0.23300438596491227 0.45230263157894735 0.22660818713450293 0.5235745614035089
0 0.22660818713450293 0.5235745614035088 0.2339181286549708 0.449561403508772 0.32986111111111116 0.45230263157894735 0.3216374269005848 0.5263157894736843
0 0.32346491228070173 0.5263157894736842 0.32803362573099415 0.4536732456140351 0.40478801169590645 0.45230263157894746 0.4038742690058481 0.5194627192982457 0.38194444444444453 0.518092105263158 0.38194444444444453 0.5249451754385966
0 0.40387426900584794 0.5208333333333334 0.4057017543859649 0.4536732456140352 0.4806286549707603 0.45504385964912286 0.47971491228070173 0.5167214912280702
0 0.2741228070175439 0.6099232456140351 0.28143274853801176 0.5235745614035089 0.38377192982456143 0.5249451754385966 0.379203216374269 0.6071820175438598
0 0.379203216374269 0.6058114035087719 0.382858187134503 0.5153508771929826 0.48428362573099426 0.5180921052631579 0.48245614035087725 0.6044407894736842
0 0.30062134502923976 0.6962719298245614 0.30701754385964913 0.6016995614035089 0.3883406432748538 0.6044407894736843 0.38377192982456143 0.699013157894737 0.30153508771929827 0.6976425438596491
0 0.38651315789473684 0.6976425438596491 0.38925438596491235 0.6016995614035089 0.4714912280701755 0.6030701754385965 0.46875000000000006 0.6962719298245614
0 0.2576754385964912 0.7990679824561403 0.26589912280701755 0.7031250000000001 0.37006578947368424 0.7017543859649122 0.3654970760233919 0.7949561403508771
0 0.3673245614035088 0.7990679824561403 0.37280701754385975 0.7003837719298246 0.47331871345029247 0.7017543859649124 0.4714912280701755 0.7976973684210528
0 0.28691520467836257 0.8922697368421053 0.29513888888888895 0.7922149122807017 0.379203216374269 0.7935855263157895 0.3746345029239766 0.8963815789473686
0 0.37737573099415206 0.9004934210526315 0.38194444444444453 0.7908442982456141 0.47057748538011707 0.7935855263157895 0.46875 0.8963815789473685
0 0.15990497076023388 0.36373987854251005 0.16693376068376065 0.3123418522267205 0.2547936347278452 0.31365975033738186 0.24776484480431843 0.36505777665317135
0 0.24952204228520014 0.36637567476383265 0.2556722334682861 0.3083881578947367 0.34528930499325233 0.3110239541160592 0.33913911381016637 0.3650577766531713
0 0.3400177125506072 0.3676935728744938 0.34704650247413393 0.3083881578947367 0.4164558029689608 0.3083881578947367 0.4129414080071974 0.3663756747638325 0.3391391138101663 0.3650577766531713
0 0.41294140800719736 0.3690114709851551 0.4164558029689608 0.3083881578947368 0.4876223009446693 0.309706056005398 0.4876223009446693 0.3676935728744938
0 0.16956955690508316 0.31234185222672056 0.17747694556905083 0.25040064102564097 0.24161465362123252 0.2530364372469635 0.23458586369770582 0.3162955465587044
0 0.23634306117858744 0.3083881578947367 0.24337185110211426 0.24381115047233462 0.3119025528565002 0.24381115047233462 0.30750955915429595 0.3123418522267205
0 0.3083881578947367 0.3110239541160593 0.3136597503373819 0.24776484480431846 0.4023982231219072 0.25171853913630227 0.39800522941970307 0.3110239541160593
0 0.39800522941970307 0.31234185222672056 0.4015196243814663 0.25040064102564097 0.4885008996851102 0.25040064102564097 0.4876223009446693 0.3097060560053981
0 0.1739625506072874 0.25171853913630227 0.1853843342330184 0.18582363360323884 0.26445822087269444 0.18582363360323884 0.2600652271704902 0.2464469466936572
0 0.2583080296896086 0.24644694669365716 0.2653368196131354 0.18186993927125503 0.34704650247413404 0.18318783738191632 0.34353210751237057 0.25040064102564097
0 0.3444107062528114 0.24644694669365716 0.3479251012145748 0.17923414304993252 0.4155772042285199 0.18055204116059373 0.4138200067476383 0.2464469466936572
0 0.4138200067476382 0.25040064102564097 0.41733440170940156 0.18186993927125503 0.48322930724246504 0.18977732793522262 0.48322930724246504 0.2530364372469635
0 0.18626293297345922 0.181869939271255 0.19504892037786767 0.12256452429149792 0.25742943094916776 0.12915401484480427 0.25040064102564097 0.1897773279352226
0 0.2521578385065226 0.1779162449392712 0.25918662843004947 0.11465713562753035 0.3233243364822312 0.12256452429149792 0.3162955465587044 0.1831878373819163
0 0.31893134278002694 0.1686909581646423 0.32508153396311273 0.10543184885290147 0.4103056117858748 0.11597503373819162 0.4050340193432297 0.17659834682860995
0 0.4050340193432298 0.1792341430499325 0.40942701304543405 0.11597503373819161 0.49201529464687355 0.12915401484480424 0.4902580971659917 0.19373102226720643
0 0.18714153171390008 0.12388242240215921 0.19680611785874938 0.06589490553306342 0.273244208277103 0.06853070175438593 0.2688512145748987 0.11729293184885287 0.2583080296896086 0.11202133940620777 0.2565508322087269 0.12388242240215921
0 0.2679726158344579 0.11465713562753031 0.2741228070175439 0.0606233130904183 0.3523180949167791 0.05930541497975709 0.34880369995501564 0.11070344129554655 0.3259601327035537 0.10411395074224021 0.32508153396311285 0.11861082995951412
0 0.34880369995501564 0.11070344129554652 0.35319669365721995 0.06325910931174081 0.4190915991902833 0.06589490553306343 0.41557720422851985 0.11861082995951412
0 0.4155772042285199 0.11729293184885287 0.4173344017094017 0.06721280364372466 0.4797149122807017 0.06457700742240212 0.4788363135402609 0.12256452429149792
2 0.5444452702774668 0.5630231381351241 0.5444452702774667 0.5107017960053954 0.6058659762558439 0.5141140574486386 0.6081408172180061 0.5652979790972862
2 0.6081408172180061 0.5687102405405293 0.6051076959351233 0.5152514779297196 0.6513627954990863 0.5163888984108006 0.6528793561405277 0.5652979790972862
2 0.6536376364612484 0.5687102405405293 0.6506045151783656 0.5152514779297196 0.6938264934594458 0.5175263188918817 0.6976178950630494 0.5652979790972862
2 0.5467201112396289 0.6142070597837717 0.5452035505981875 0.561885717654043 0.5922169304828713 0.5630231381351241 0.5937334911243126 0.6107947983405284
2 0.5922169304828713 0.6142070597837717 0.5914586501621505 0.5630231381351241 0.6521210758198069 0.5652979790972862 0.6536376364612484 0.6153444802648527
2 0.6528793561405277 0.6164819007459337 0.6528793561405277 0.5630231381351241 0.6991344557044907 0.5641605586162052 0.7029258573080942 0.6153444802648527
2 0.5421704293153047 0.6676658223945813 0.5414121489945839 0.6107947983405285 0.6088990975387267 0.6153444802648527 0.6081408172180061 0.6653909814324194
2 0.6096573778594475 0.6642535609513383 0.6088990975387267 0.6119322188216095 0.6543959167819691 0.6142070597837718 0.6566707577441312 0.6631161404702572
2 0.6581873183855727 0.6597038790270141 0.6551541971026897 0.6142070597837718 0.6983761753837701 0.6164819007459337 0.7029258573080943 0.6517419356594465 0.6581873183855728 0.659703879027014
2 0.543686989956746 0.7165749030810669 0.543686989956746 0.6665284019135005 0.5899420895207091 0.6642535609513383 0.5914586501621505 0.715437482599986
2 0.5922169304828713 0.7165749030810669 0.5914586501621505 0.6608412995080952 0.6384720300468342 0.6642535609513383 0.6399885906882757 0.6881393910540405 0.6255812645945823 0.7120252211567428
2 0.5429287096360254 0.8109808030107948 0.5429287096360254 0.756384619918904 0.6058659762558439 0.7563846199189039 0.5997997336900782 0.7677588247297146 0.5997997336900782 0.8109808030107948
2 0.5406538686738632 0.873538929470253 0.5406538686738632 0.8098433825297138 0.5899420895207091 0.8109808030107949 0.5922169304828713 0.872401508989172
2 0.5459618309189082 0.9326847944864679 0.5452035505981875 0.872401508989172 0.6013162943315197 0.872401508989172 0.6028328549729611 0.9292725330432249
0 0.6642909356725146 0.8950109649122807 0.6542397660818714 0.8566337719298247 0.6487573099415206 0.6757127192982457 0.6569809941520468 0.6606359649122808 0.6843932748538013 0.6496710526315791 0.7328216374269007 0.6483004385964913 0.742872807017544 0.6674890350877194 0.7474415204678363 0.689418859649123 0.7648026315789473 0.8799342105263159 0.7611476608187134 0.8977521929824562
0 0.7730263157894737 0.8950109649122807 0.7648026315789476 0.8703399122807018 0.7465277777777779 0.6962719298245615 0.7501827485380117 0.6757127192982457 0.7611476608187134 0.6469298245614037 0.8415570175438597 0.6414473684210528 0.851608187134503 0.6592653508771931 0.857090643274854 0.6962719298245615 0.8808479532163743 0.874451754385965 0.8717105263157895 0.8963815789473685
0 0.8927266081871345 0.8950109649122807 0.8790204678362574 0.874451754385965 0.8525219298245614 0.6633771929824562 0.8653143274853803 0.6414473684210528 0.9420687134502925 0.6441885964912282 0.9539473684210527 0.6606359649122808 0.962171052631579 0.6962719298245615 0.9895833333333335 0.8442982456140352 0.9877558479532164 0.8689692982456142 0.9777046783625731 0.8922697368421054