2 0.2130843881864155 0.9757959169316632 0.22317473525930986 0.8876537675007921 0.2712522713125123 0.8921053912094219 0.26412967337870447 0.9757959169316632
2 0.26412967337870447 0.9757959169316632 0.2706587214846949 0.8894344169842441 0.3412911509949552 0.8947763654345999 0.3365427523724167 0.9766862416733891
2 0.33594920254459937 0.9766862416733891 0.3412911509949552 0.8921053912094219 0.40836228153831167 0.8938860406928739 0.4059880822270423 0.9766862416733891
2 0.22317473525930984 0.8903247417259701 0.23089088302093488 0.805743891262003 0.2789684190741373 0.8075245407454548 0.27243937096814685 0.893886040692874
2 0.2712522713125122 0.8903247417259701 0.2795619689019546 0.8084148654871809 0.3484137489287629 0.8101955149706329 0.34129115099495516 0.8956666901763258
2 0.34129115099495516 0.8938860406928739 0.3472266492731283 0.8119761644540848 0.4119235805052155 0.8173181129044405 0.4077687317104943 0.896557014918052
2 0.23207798267656954 0.8075245407454548 0.2409812300938292 0.7229436902814877 0.2884652163192143 0.7247243397649397 0.2789684190741373 0.8093051902289069
2 0.27837486924632 0.8093051902289068 0.28609101700794504 0.7247243397649396 0.35375569737911877 0.7273953139901175 0.3472266492731283 0.8128664891958106
2 0.3472266492731283 0.8137568139375366 0.3543492472069361 0.7273953139901175 0.41667197912775394 0.7345179119239252 0.4107364808495808 0.8190987623878925
2 0.24572962871636775 0.688221025354175 0.25285222665017554 0.6178853707578233 0.2979620135642913 0.6205563449830012 0.2920265152861182 0.6900016748376269
2 0.2528522266501755 0.6178853707578232 0.25997482458398324 0.5511110151283755 0.3033039620146471 0.5564529635787313 0.2967749139086567 0.6232273192081791
2 0.26294257372306984 0.5528916646118274 0.2700651716568776 0.4896786079492836 0.30983301012063763 0.4941302316579134 0.3033039620146471 0.5582336130621832
2 0.3027104121868298 0.5591239378039092 0.3092394602928203 0.49234958217446145 0.3697815427301862 0.4976915306248173 0.36562669393546504 0.5635755615125392
2 0.29618136408083934 0.6232273192081791 0.3027104121868298 0.5564529635787313 0.3662202437632824 0.5626852367708132 0.36087829531292653 0.6321305666254389
2 0.2914329654583009 0.6908919995793528 0.29677491390865673 0.6205563449830012 0.36087829531292653 0.6312402418837127 0.3573169963460227 0.6953436232879826
2 0.35791054617384005 0.6953436232879826 0.36087829531292653 0.629459592400261 0.42201392757810974 0.6374725150757946 0.4208268279224753 0.6962339480297086
2 0.36087829531292653 0.6312402418837127 0.3662202437632823 0.561794912029087 0.4243881268893791 0.5698078347046208 0.42201392757810974 0.6392531645592466
2 0.36562669393546504 0.5635755615125391 0.3697815427301862 0.4968012058830913 0.42616877637283107 0.5057044533003511 0.4226074774059272 0.5698078347046208
2 0.4463494705186197 0.9775765664151151 0.4475365701742543 0.8947763654345999 0.51698190002888 0.8965570149180518 0.5175754498566972 0.9811378653820191
2 0.51698190002888 0.981137865382019 0.5163883502010627 0.8956666901763258 0.5810852814331499 0.8965570149180517 0.5840530305722365 0.9775765664151149
2 0.5834594807444191 0.978466891156841 0.5804917316053325 0.897447339659778 0.6279757178307175 0.8992279891432299 0.6315370167976215 0.9749055921899373
2 0.44991076948552355 0.8956666901763258 0.44991076948552355 0.8155374634209887 0.5163883502010627 0.8182084376461664 0.5163883502010627 0.8983376644015038
2 0.5157948003732453 0.8974473396597777 0.5152012505454281 0.8182084376461666 0.5798981817775152 0.8199890871296185 0.5822723810887844 0.9001183138849557
2 0.5816788312609672 0.8983376644015038 0.5787110821218807 0.8182084376461666 0.6244144188638135 0.8182084376461666 0.6273821680029001 0.8992279891432299
2 0.4516914189689756 0.8155374634209887 0.45169141896897547 0.7407501851160072 0.5163883502010627 0.7380792108908292 0.5163883502010627 0.8199890871296184
2 0.5157948003732453 0.8182084376461665 0.5152012505454281 0.7398598603742811 0.5769304326384286 0.743421159341185 0.5787110821218805 0.8208794118713444
2 0.5798981817775152 0.8190987623878925 0.5769304326384286 0.746092133566363 0.6214466697247272 0.7487631077915408 0.6232273192081791 0.8190987623878924
2 0.4546591681080621 0.7006855717383385 0.45703336741933137 0.6374725150757946 0.49976895502217794 0.6383628398175205 0.49976895502217783 0.6997952469966123
2 0.4991754051943606 0.6989049222548865 0.49858185536654326 0.6392531645592465 0.5591239378039092 0.6445951130096024 0.5609045872873611 0.7006855717383383
2 0.5591239378039092 0.7006855717383385 0.5585303879760919 0.6410338140426987 0.617291820930006 0.6437047882678765 0.6196660202412752 0.7033565459635164
2 0.45703336741933126 0.6356918655923426 0.4582204670749659 0.5662465357377169 0.5003625048499952 0.5706981594463467 0.49976895502217794 0.6374725150757946 0.45822046707496594 0.6339112161088907
2 0.5003625048499951 0.6365821903340686 0.5003625048499952 0.5698078347046209 0.5591239378039092 0.5751497831549767 0.5585303879760919 0.6392531645592466
2 0.5591239378039092 0.6410338140426984 0.5579368381482745 0.5724788089297987 0.6155111714465541 0.5760401078967026 0.6172918209300059 0.6419241387844243
2 0.4588140169027833 0.5671368604794429 0.46000111655841786 0.5021431543334471 0.49976895502217783 0.507485102783803 0.49976895502217783 0.5698078347046209
2 0.49976895502217794 0.5698078347046208 0.49976895502217783 0.5065947780420771 0.55674973849264 0.5110464017507068 0.5585303879760919 0.5751497831549767
2 0.5579368381482747 0.5724788089297987 0.5579368381482745 0.5110464017507068 0.6119498724796502 0.5154980254593367 0.6143240717909194 0.5760401078967026
1 0.8644371252673412 0.9546051700798075 0.8552896424602793 0.8820786992523889 0.9310830714330773 0.8840388741396165 0.9395771626110632 0.9546051700798075
1 0.9304296798040014 0.8850189615832302 0.9611390863705661 0.8840388741396165 0.9729001356939311 0.956565344967035 0.9382703793529114 0.9555852575234213
1 0.8565964257184311 0.8830587866960026 0.8467955512822932 0.8124924907558115 0.9212821969969394 0.8164128405302666 0.9304296798040013 0.885999049026844
1 0.9304296798040014 0.8850189615832302 0.9199754137387879 0.8173929279738804 0.95264499519258 0.8183730154174942 0.9630992612577934 0.8850189615832301
1 0.8513692926858242 0.814452665643039 0.8428752015078381 0.7468266320336893 0.9140948890771052 0.7517270692517581 0.9245491551423188 0.8203331903047216
1 0.9238957635132429 0.8173929279738803 0.9147482807061812 0.7536872441389856 0.9428441207564424 0.7536872441389856 0.953298386821656 0.8193531028611079
1 0.8428752015078383 0.7468266320336893 0.835687893588004 0.6841010356424083 0.9042940146409676 0.6899815603040909 0.9127881058189536 0.751727069251758
1 0.9154016723352569 0.7527071566953719 0.9062541895281951 0.6890014728604771 0.9330432463203048 0.6909616477477047 0.9421907291273663 0.7536872441389855
1 0.8343811103298523 0.6850811230860221 0.8285005856681698 0.6243157015819685 0.8964533150920574 0.6272559639128099 0.9042940146409676 0.6890014728604772
1 0.9049474062700436 0.6899815603040909 0.8964533150920575 0.6292161388000376 0.9245491551423188 0.6301962262436512 0.9323898546912289 0.6909616477477046
1 0.8271938024100179 0.5792316791757354 0.8206598861192594 0.5263069572205921 0.8859990490268441 0.5272870446642057 0.8931863569466781 0.5792316791757354
1 0.819353102861108 0.5263069572205921 0.8128191865703496 0.46652162316015233 0.8768515662197822 0.472402147821835 0.8833854825105405 0.5292472195514333
1 0.8141259698285012 0.46848179804737994 0.8069386619086669 0.4165371635358503 0.8696642582999479 0.4214376007539192 0.8768515662197822 0.4733822352654487
1 0.8062852702795911 0.4145769886486228 0.8010581372469844 0.36459252902432077 0.8618235587510379 0.37047305368600336 0.8683574750417962 0.42339777564114667
1 0.8030183121342119 0.36459252902432077 0.7964843958434534 0.31558815684363245 0.8539828592021278 0.3224487689489288 0.8631303420091895 0.37047305368600336
1 0.8644371252673412 0.37145314112961714 0.8533294675730517 0.32342885639254254 0.8775049578488581 0.32636911872338387 0.8846922657686923 0.37243322857323086
1 0.8696642582999479 0.4204575133103054 0.8618235587510379 0.3694929662423896 0.8846922657686923 0.3714531411296171 0.8918795736885266 0.4233977756411466
1 0.8775049578488581 0.4753424101526762 0.8683574750417962 0.4224176881975329 0.8931863569466781 0.4243778630847604 0.9003736648665124 0.4763224975962899
1 0.8833854825105405 0.5263069572205921 0.877504957848858 0.472402147821835 0.9003736648665126 0.4743623227090625 0.906254189528195 0.5292472195514333
1 0.8931863569466781 0.5792316791757354 0.8853456573977683 0.5253268697769783 0.9069075811572709 0.5272870446642057 0.9140948890771051 0.5792316791757354
1 0.9304296798040014 0.37733366579129973 0.9225889802550913 0.3322496433850666 0.973553527323007 0.33518990571590784 0.9813942268719169 0.3812540155657548
1 0.9382703793529115 0.42633803797198805 0.9291228965458498 0.37831375323491345 0.9813942268719171 0.3832141904529822 0.9911951013080548 0.4322185626336705
1 0.9376169877238354 0.42633803797198805 0.9911951013080548 0.43025838774644304 1 0.4831831097015864 0.9480712537890491 0.4773025850399038
1 0.9480712537890491 0.4782826724835176 1 0.4822030222579727 1 0.5351277442131159 0.9572187365961109 0.5331675693258884
1 0.9578721282251867 0.5321874818822747 1 0.5341476567695022 0.9996891924860408 0.5880524661682592 0.965712827774097 0.5860922912810317