0 0.0804190784981913 0.8687697419577333 0.06742205571060479 0.7810398381415244 0.23475872410078064 0.7676366583918258 0.242069549418798 0.857803503980707
0 0.24206954941879805 0.8590219748670435 0.23394641017655646 0.7664181875054897 0.32898713931078255 0.7591073621874724 0.3322363950076792 0.8492742077763534
0 0.3346733367803515 0.8444003242310086 0.3281748253865584 0.7578888913011361 0.42159092667233616 0.7481411242104463 0.42159092667233605 0.8334340862539825
0 0.11859783293672656 0.9577181166602782 0.2672512810697468 0.9382225824788983 0.2729374785393159 0.9991461267957099 0.12184708863362317 0.9991461267957099
0 0.2672512810697468 0.9370041115925622 0.35498118488595554 0.9211639900701911 0.35985506843130044 1 0.27212516461509173 1
0 0.35660581273440384 0.9236009318428637 0.44433571655061244 0.9101977520931651 0.4451480304748366 0.9845244761596752 0.35985506843130044 0.9967091850230374
0 0.5580596659419942 0.9491888204559246 0.6823436963482897 0.9406595242515708 0.6815313824240655 0.9930537723640287 0.5572473520177699 0.9967091850230374
0 0.6847806381209622 0.9418779951379072 0.8106892963757061 0.9272563445018723 0.8058154128303611 0.9857429470460114 0.6815313824240655 0.9893983597050202
0 0.8106892963757062 0.9321302280472172 0.8797359799347593 0.9211639900701912 0.8740497824651902 0.9759951799553215 0.8058154128303611 0.9845244761596753
0 0.5718690026538047 0.8833913925937681 0.573493630502253 0.7956614887775592 0.652288081151996 0.794443017891223 0.6490388254550994 0.8760805672757506
0 0.7809421807166232 0.8405681715416088 0.7867464807084361 0.7701250761864268 0.8379298533635119 0.7685420852795688 0.8395128442703701 0.7558781580247047 0.9170793987064131 0.7519206807575595 0.9049431350871682 0.8326532170073185
0 0.650081599083027 0.8524406033430438 0.6537752445323622 0.7819975079878619 0.701264971738103 0.7827890034412911 0.701264971738103 0.7717080670932849 0.7846358261659586 0.7693335807329977 0.7777761989029073 0.8445256488087538 0.6500815990830269 0.8516491078896149
0 0.5624894355702165 0.781206012534433 0.5646000901126939 0.6909755308435258 0.706013944458677 0.6886010444832388 0.7007373081024837 0.7835804988947199
0 0.7007373081024837 0.7740825534535718 0.7081245990011543 0.6870180535763808 0.8474277988046602 0.6814775854023777 0.8368745260922734 0.7701250761864268
0 0.8384575169991314 0.7542951671178465 0.8479554624402794 0.6814775854023777 0.8447894806265634 0.6735626308680877 0.8447894806265634 0.6672306672406555 0.9202453805201292 0.6640646854269395 0.9081091169008841 0.7527121762109886
0 0.5767363537319387 0.6957245035640999 0.5793746719100354 0.5999535536991896 0.6638008536091299 0.5975790673389025 0.6585242172529364 0.6909755308435258
0 0.7957167625139648 0.6711881445078006 0.8025763897770162 0.5841236446306094 0.8537597624320922 0.5872896264443255 0.8553427533389502 0.5738342037360323 0.940296598673664 0.5682937355620293 0.9286879986900385 0.6624816945200815
0 0.5656554173839327 0.5896641128046125 0.5682937355620292 0.49151867657941517 0.7160395535354445 0.4883526947656992 0.7112905808148705 0.5928300946183286
0 0.6590518808885557 0.6767286126818036 0.6648561808803686 0.5999535536991898 0.6616901990666525 0.5920385991648996 0.712345908086109 0.5952045809786156 0.7128735717217284 0.5833321491771805 0.7983550806920615 0.5841236446306094 0.7920231170646295 0.6711881445078006
0 0.7134012353573477 0.5888726173511836 0.7207885262560185 0.4867697038588412 0.8643130351444789 0.4788547493245511 0.8532320987964728 0.5888726173511836
0 0.8553427533389502 0.5738342037360323 0.8643130351444789 0.48043774023140906 0.946628562301096 0.4733142811505481 0.9334369714106127 0.5698767264688872
0 0.5899279446224222 0.4907271811259863 0.5930939264361381 0.3830837994596409 0.681213753584568 0.3759603403787798 0.674881789957136 0.4875611993122702
0 0.6759371172283746 0.46856530842997396 0.6817414172201874 0.37754333128563783 0.6738264626858972 0.36725389039106066 0.8210446170236931 0.36329641312391564 0.8115466715825449 0.46777381297654497 0.6754094535927552 0.47410577660397696
0 0.8110190079469256 0.466982317523116 0.8220999442949318 0.3625049176704866 0.963513798640915 0.3585474404033416 0.9508498713860509 0.4622333448025419
1 0.21702558663372545 0.31243408075766194 0.21242758691690924 0.23863618530276168 0.32048058026209036 0.2365670854301944 0.3236991800638617 0.3062267811399601
1 0.32415898003554333 0.30415768126739284 0.32002078029040876 0.2365670854301944 0.3811741765240644 0.2365670854301944 0.3839329763541542 0.30484738122491517
1 0.3839329763541542 0.30622678113996005 0.3811741765240644 0.23725678538771683 0.4432471727010834 0.23518768551514954 0.44416677264444654 0.30553708118243766
1 0.22668138603903953 0.3827834764249501 0.22208338632222333 0.312434080757662 0.283236782555879 0.312434080757662 0.286915182329332 0.3800246765948604
1 0.28829458224437676 0.379334976637338 0.28323678255587903 0.31105468084261706 0.3457695787045795 0.30967528092757224 0.34990777844971416 0.3751967768922034
1 0.3489881785063509 0.3779555767222931 0.34760877859130607 0.30967528092757224 0.4515235721913526 0.30691648109748254 0.4524431721347158 0.37381737697715844
1 0.23173918572753735 0.451063772219671 0.22714118601072117 0.3827834764249501 0.33197557955413093 0.37864527667981557 0.33519417935590223 0.4462358725170139 0.22989998584081087 0.45037407226214854
1 0.3347343793842206 0.4448564726019691 0.33197557955413093 0.37864527667981557 0.3917495758727417 0.3765761768072482 0.39496817567451314 0.44347707268692416
1 0.3940485757311498 0.4407182728568344 0.39220937584442334 0.3745070769346809 0.4524431721347158 0.3745070769346809 0.45428237202144234 0.4414079728143569
1 0.23587738547267198 0.5152058682692572 0.23173918572753735 0.4489946723471036 0.2924327819895114 0.4483049723895812 0.2961111817629644 0.5131367683966899
1 0.29565138179128275 0.5138264683542123 0.2915131820461482 0.4462358725170139 0.35220677830812225 0.4441667726444466 0.3554253781098936 0.5076191687365104
1 0.35542537810989355 0.5096882686090776 0.3526665782798039 0.44416677264444665 0.45336277207807907 0.4427873727294017 0.4552019719648055 0.506929468778988
1 0.41381997451345953 0.5745200646161863 0.4129003745700963 0.5586569655931704 0.40830237485328 0.5579672656356479 0.4073827749099169 0.5234822677595263 0.39726717553292124 0.5241719677170488 0.39726717553292124 0.5131367683966899 0.45428237202144234 0.5096882686090778 0.4542823720214423 0.5731406647011416