0 0.28234649122807015 0.990953947368421 0.27960526315789475 0.9183114035087719 0.33717105263157904 0.9210526315789473 0.3389985380116959 0.9950657894736843
0 0.34173976608187134 0.9923245614035088 0.3371710526315789 0.9210526315789475 0.46326754385964913 0.9224232456140352 0.46600877192982465 0.9991776315789475
0 0.4650950292397661 0.9964364035087719 0.4641812865497076 0.9196820175438597 0.5948464912280702 0.9237938596491229 0.5930190058479533 1
0 0.2713815789473684 0.8196271929824561 0.2631578947368422 0.7017543859649124 0.39747807017543857 0.7072368421052632 0.402046783625731 0.8223684210526317
0 0.40113304093567254 0.8223684210526317 0.3965643274853801 0.7044956140350879 0.5345394736842106 0.7086074561403509 0.5345394736842106 0.825109649122807
0 0.5345394736842105 0.825109649122807 0.535453216374269 0.7044956140350879 0.6030701754385965 0.7072368421052633 0.5994152046783626 0.8264802631578947
0 0.2677266081871345 0.7003837719298246 0.2604166666666667 0.5756578947368421 0.3252923976608187 0.5825109649122808 0.33077485380116967 0.7003837719298246
0 0.3307748538011696 0.7058662280701754 0.32255116959064334 0.581140350877193 0.4696637426900585 0.5825109649122808 0.46875000000000006 0.7072368421052633
0 0.4696637426900585 0.7044956140350878 0.46875000000000006 0.5797697368421054 0.6112938596491229 0.5756578947368423 0.6076388888888888 0.703125
0 0.26589912280701755 0.5688048245614035 0.2558479532163744 0.4331140350877193 0.40113304093567254 0.4427083333333333 0.4029605263157895 0.5729166666666666
0 0.40387426900584794 0.5742872807017544 0.402046783625731 0.43722587719298245 0.5482456140350878 0.4399671052631579 0.5464181286549709 0.5797697368421053
0 0.5464181286549707 0.5770285087719298 0.5473318713450293 0.43448464912280715 0.6158625730994152 0.4358552631578947 0.6140350877192983 0.5674342105263158
0 0.26133040935672525 0.4290021929824561 0.25219298245614036 0.28234649122807026 0.32346491228070173 0.28371710526315796 0.32894736842105265 0.4344846491228071
0 0.3289473684210527 0.43174342105263164 0.32163742690058483 0.2850877192982456 0.47057748538011707 0.2878289473684211 0.47149122807017546 0.4317434210526316
0 0.4724049707602339 0.4303728070175439 0.47057748538011707 0.2837171052631579 0.6213450292397662 0.2837171052631579 0.6176900584795323 0.4290021929824561
0 0.6962719298245614 0.6154057017543859 0.7017543859649122 0.5043859649122807 0.8753654970760235 0.508497807017544 0.8616593567251464 0.6181469298245615
0 0.6853070175438597 0.7291666666666667 0.6907894736842105 0.6222587719298246 0.8196271929824561 0.630482456140351 0.8068347953216374 0.7291666666666667
0 0.6789108187134503 0.8264802631578947 0.6853070175438597 0.7319078947368423 0.8470394736842105 0.7346491228070177 0.8397295321637429 0.8319627192982456
0 0.6779970760233918 0.9251644736842105 0.6825657894736843 0.8374451754385966 0.805921052631579 0.8429276315789475 0.7958698830409359 0.9347587719298247
0 0.8031798245614035 0.9388706140350879 0.8104897660818714 0.8484100877192983 0.9375000000000001 0.8511513157894737 0.9228801169590645 0.9470942982456142
0 0.9256213450292398 0.9361293859649122 0.9384137426900585 0.8429276315789475 1 0.8470394736842106 1 0.9416118421052633
0 0.8808479532163743 0.8278508771929824 0.8963815789473686 0.7319078947368421 1 0.7373903508771931 1 0.8251096491228072
0 0.8123172514619883 0.727796052631579 0.8223684210526317 0.6208881578947368 0.9466374269005848 0.6291118421052633 0.9347587719298247 0.7319078947368423
0 0.9375 0.7291666666666666 0.948464912280702 0.6291118421052633 1 0.6318530701754387 1 0.7346491228070176
0 0.8653143274853801 0.6154057017543859 0.8744517543859651 0.5084978070175439 1 0.512609649122807 0.9987207602339183 0.6140350877192983
2 0.6131213450292398 0.23985745614035087 0.5966739766081872 0.21381578947368426 0.5966739766081872 0.16858552631578946 0.6304824561403509 0.16995614035087725 0.628654970760234 0.24533991228070176
2 0.6304824561403509 0.24396929824561403 0.6295687134502925 0.16995614035087725 0.6953581871345029 0.16995614035087725 0.693530701754386 0.24533991228070176
2 0.6926169590643275 0.24396929824561403 0.693530701754386 0.17406798245614036 0.7547514619883042 0.16858552631578946 0.7547514619883041 0.23574561403508773