1 0.2575217470756802 0.2850877192982456 0.32056999268971526 0.2850877192982456 0.32696619152012457 0.3851425438596492 0.26117671783591406 0.38651315789473684
1 0.32056999268971526 0.2878289473684211 0.36808461257275615 0.2864583333333333 0.37448081140316547 0.38788377192982465 0.3260524488300661 0.38788377192982454
1 0.36717086988269776 0.2891995614035088 0.4201679459060895 0.28919956140350883 0.42290917397626493 0.38788377192982465 0.3726533260230486 0.3892543859649123
1 0.4201679459060895 0.2864583333333333 0.468596308479189 0.2850877192982456 0.4722512792394229 0.38788377192982465 0.422909173976265 0.3892543859649123
1 0.26209046052597257 0.3988486842105264 0.3114325657891304 0.40021929824561403 0.3160012792394229 0.49479166666666674 0.266659173976265 0.4961622807017544
1 0.3114325657891305 0.40021929824561403 0.36168841374234684 0.40021929824561403 0.36534338450258075 0.4947916666666667 0.31691502192948134 0.4947916666666667
1 0.35894718567217143 0.40021929824561403 0.4092030336253878 0.3988486842105263 0.41194426169556325 0.49479166666666674 0.3644296418125223 0.493421052631579 0.3580334429821129 0.40158991228070184
1 0.41834046052597257 0.3933662280701755 0.4832161915201246 0.39199561403508776 0.48778490497041704 0.48519736842105265 0.4165129751458556 0.4865679824561404
1 0.26209046052597257 0.49890350877192985 0.3278799342101831 0.49753289473684215 0.3361036184207094 0.5893640350877194 0.26665917397626493 0.5879934210526315
1 0.33518987573065095 0.4975328947368421 0.3827044956136919 0.4961622807017544 0.3872732090639842 0.5838815789473685 0.3388448464908848 0.5852521929824562
1 0.3817907529236334 0.4947916666666667 0.4311328581867913 0.4920504385964912 0.4338740862569667 0.5825109649122807 0.3881869517540428 0.5797697368421054
1 0.43204660087684976 0.4906798245614035 0.4804749634499492 0.4906798245614036 0.4832161915201246 0.5797697368421053 0.4357015716370837 0.5811403508771931
1 0.2958989400581363 0.6345942982456142 0.35346472953182057 0.6345942982456141 0.3552922149119375 0.6825657894736842 0.3013813961984872 0.6880482456140351
1 0.3552922149119375 0.640076754385965 0.3973243786546275 0.6387061403508774 0.40097934941486146 0.7127192982456142 0.35894718567217143 0.7140899122807018
1 0.3964106359645691 0.6400767543859649 0.44209777046749305 0.6387061403508771 0.44575274122772696 0.7113486842105264 0.3991518640347445 0.7113486842105263
1 0.44209777046749305 0.6400767543859649 0.48778490497041704 0.640076754385965 0.4886986476604755 0.7099780701754387 0.4448389985376685 0.7086074561403509
1 0.29315771198796087 0.7168311403508771 0.3388448464908848 0.7209429824561405 0.3415860745610603 0.7963267543859649 0.2986401681283118 0.796326754385965 0.2913302266078439 0.7223135964912282
1 0.33884484649088487 0.7182017543859649 0.3836182383037503 0.718201754385965 0.3863594663739258 0.7949561403508774 0.3424998172511187 0.7976973684210528
1 0.38727320906398427 0.7140899122807017 0.4320466008768497 0.7140899122807018 0.4357015716370836 0.7922149122807018 0.3909281798242182 0.7949561403508774
1 0.4366153143271422 0.7127192982456141 0.4996635599411773 0.7127192982456141 0.5024047880113527 0.786732456140351 0.43935654239731764 0.7908442982456142
1 0.3050363669587211 0.7976973684210527 0.36717086988269776 0.7976973684210527 0.3689983552628147 0.8675986842105263 0.30777759502889657 0.8703399122807018
1 0.3671708698826977 0.7990679824561405 0.4082892909353293 0.7976973684210528 0.41103051900550475 0.8675986842105264 0.3680846125727562 0.8675986842105263
1 0.4092030336253878 0.7949561403508771 0.45306268274819483 0.7922149122807017 0.4548901681283118 0.8648574561403509 0.4101167763154462 0.8662280701754386 0.40828929093532923 0.7990679824561403
1 0.4539764254382533 0.7894736842105263 0.4987498172511188 0.7908442982456142 0.4978360745610603 0.8634868421052632 0.45580391081837024 0.8634868421052633
1 0.5590568347949785 0.2850877192982456 0.5590568347949785 0.19051535087719304 0.6257600511692475 0.19051535087719304 0.6239325657891306 0.2837171052631579
1 0.624846308479189 0.2850877192982456 0.6257600511692475 0.19325657894736842 0.6897220394733411 0.19325657894736842 0.6888082967832825 0.2837171052631579
1 0.6878945540932241 0.2837171052631579 0.689722039473341 0.19188596491228077 0.7564252558476101 0.19051535087719298 0.7545977704674931 0.27960526315789475
1 0.7564252558476101 0.2782346491228071 0.7573389985376684 0.18640350877192985 0.8002849049704172 0.18777412280701758 0.7948024488300662 0.27960526315789475
1 0.552660635964569 0.2850877192982456 0.5992615131575515 0.2850877192982456 0.5974340277774347 0.3755482456140351 0.5517468932745107 0.37554824561403516
1 0.5983477704674931 0.28234649122807015 0.6650509868417621 0.28371710526315796 0.6613960160815281 0.37554824561403516 0.5974340277774347 0.3769188596491228
1 0.6641372441517036 0.2837171052631579 0.7290129751458557 0.28234649122807026 0.7244442616955633 0.371436403508772 0.6604822733914697 0.37554824561403516 0.6641372441517036 0.28919956140350883
1 0.7299267178359141 0.2837171052631579 0.7929749634499491 0.28508771929824567 0.7893199926897153 0.36869517543859653 0.7217030336253879 0.37417763157894746
1 0.5508331505844521 0.3782894736842105 0.6138813961984873 0.37554824561403516 0.6129676535084287 0.46189692982456143 0.5508331505844521 0.46189692982456143
1 0.6157088815786042 0.3755482456140351 0.6805846125727563 0.37554824561403516 0.6760158991224638 0.45778508771929827 0.6138813961984873 0.4577850877192983
1 0.6805846125727563 0.3755482456140351 0.7436328581867913 0.3755482456140351 0.7399778874265575 0.45778508771929827 0.6751021564324053 0.4577850877192983
1 0.7436328581867913 0.37417763157894735 0.784751279239423 0.37417763157894746 0.7820100511692475 0.4509320175438597 0.739064144736499 0.45230263157894735
1 0.5544881213446861 0.5427631578947368 0.5554018640347446 0.46189692982456154 0.6010889985376685 0.45915570175438597 0.5983477704674931 0.542763157894737
1 0.5992615131575516 0.5441337719298247 0.60017525584761 0.4577850877192984 0.6604822733914697 0.4577850877192983 0.6595685307014112 0.5400219298245614
1 0.6586547880113527 0.5413925438596491 0.6623097587715867 0.45504385964912286 0.7244442616955633 0.4577850877192984 0.7217030336253878 0.5372807017543861
1 0.7198755482452708 0.5359100877192984 0.7262717470756802 0.45915570175438597 0.784751279239423 0.45778508771929827 0.7792688230990721 0.5345394736842106
1 0.5627118055552124 0.6620065789473685 0.5617980628651539 0.5934758771929826 0.6221050804090136 0.5934758771929826 0.6202775950288967 0.6674890350877193
1 0.6211913377189551 0.6674890350877194 0.6211913377189551 0.5934758771929826 0.6824120979528733 0.5934758771929824 0.6778433845025809 0.6633771929824561
1 0.6769296418125222 0.6633771929824561 0.6805846125727563 0.5893640350877194 0.7399778874265575 0.5934758771929826 0.7381504020464406 0.6565241228070177
1 0.739064144736499 0.6551535087719298 0.740891630116616 0.590734649122807 0.7783550804090136 0.5879934210526317 0.7756138523388382 0.6483004385964913
1 0.5572293494148616 0.7346491228070177 0.55814309210492 0.6647478070175439 0.5983477704674931 0.6633771929824562 0.5956065423973176 0.7291666666666667
1 0.5956065423973176 0.737390350877193 0.5974340277774346 0.6633771929824562 0.6595685307014112 0.6620065789473686 0.6549998172511189 0.7332785087719299
1 0.6559135599411774 0.7360197368421054 0.6577410453212942 0.6620065789473686 0.7180480628651539 0.6606359649122807 0.7134793494148615 0.7291666666666667
1 0.7153068347949785 0.7305372807017544 0.7171343201750954 0.659265350877193 0.7756138523388382 0.6565241228070177 0.7710451388885458 0.7277960526315791
1 0.5471781798242182 0.8127741228070176 0.5471781798242182 0.7401315789473685 0.6056577119879609 0.7373903508771931 0.6056577119879609 0.8072916666666666
1 0.6083989400581363 0.8059210526315791 0.6093126827481948 0.737390350877193 0.6650509868417621 0.7373903508771931 0.6641372441517036 0.8004385964912282
1 0.6632235014616451 0.8018092105263158 0.6650509868417621 0.7332785087719298 0.7217030336253879 0.7291666666666667 0.7189618055552124 0.7949561403508774
1 0.7189618055552124 0.7949561403508771 0.7244442616955633 0.7319078947368421 0.7637351973680779 0.7291666666666667 0.758252741227727 0.7922149122807018
1 0.5426094663739258 0.8648574561403509 0.5416957236838673 0.7976973684210527 0.5462644371341597 0.7976973684210528 0.5480919225142767 0.8114035087719299 0.582814144736499 0.8100328947368423 0.5819004020464406 0.864857456140351
1 0.5819004020464404 0.8675986842105263 0.5819004020464404 0.8059210526315791 0.6376387061400077 0.8045504385964912 0.6385524488300661 0.8634868421052632
1 0.6376387061400077 0.8648574561403509 0.6385524488300662 0.8031798245614037 0.6942907529236335 0.7976973684210528 0.6924632675435164 0.8621162280701755
1 0.6924632675435164 0.8621162280701754 0.6942907529236334 0.7990679824561405 0.7482015716370837 0.7949561403508771 0.7463740862569668 0.8580043859649122
2 0.05284338450258076 0.23985745614035087 0.047360928362229875 0.1699561403508772 0.07385946637392578 0.16995614035087725 0.0820831505844521 0.23985745614035087
2 0.0820831505844521 0.2412280701754386 0.07477320906398427 0.1699561403508772 0.12320157163708367 0.1699561403508772 0.13051151315755152 0.23985745614035087
0 0.052843384502580776 0.8895285087719298 0.03913724415170357 0.7990679824561405 0 0.8004385964912282 0.0011739766077827028 0.8881578947368423
0 0.04777485380076516 0.7771381578947368 0.031327485379712555 0.689418859649123 0 0.6949013157894737 0 0.78125
0 0.03406871344988797 0.6880482456140351 0.020362573099010763 0.5934758771929826 0 0.5948464912280702 0.0011739766077827236 0.6921600877192983