2 0.3776813751433354 0.990059589524881 0.3805699516262672 0.9174841053912192 0.42101002238731267 0.9174841053912192 0.41812144590438083 0.99222602188708
2 0.4188435900251138 0.9911428057059806 0.42173216650804557 0.9185673215723185 0.46000580490689214 0.9185673215723185 0.45856151666542627 0.9922260218870799
2 0.4585665719677505 0.9908984634016248 0.4604459431643396 0.9176029867346481 0.4985032098952697 0.9176029867346482 0.4985032098952697 0.9923079917990666
2 0.4980333670961224 0.9916032276003457 0.4989730526944171 0.9176029867346482 0.5638113589767425 0.9168982225359271 0.564751044575037 0.9930127559977876
2 0.3829218813050375 0.9168982225359273 0.3848012525016267 0.8450122742663926 0.44776018758736297 0.8457170384651137 0.4468205019890683 0.9176029867346482
2 0.4505792443822466 0.9176029867346482 0.45198877277968846 0.8450122742663926 0.489106353912324 0.8443075100676719 0.4886365111131767 0.9190125151320901 0.45198877277968846 0.9183077509333691
2 0.49333493910464965 0.9168982225359273 0.49474446750209145 0.8457170384651136 0.5323318914338743 0.8443075100676719 0.531862048634727 0.9190125151320901
2 0.5342112626304634 0.9183077509333691 0.5356207910279054 0.8457170384651137 0.5732082149596882 0.8471265668625555 0.5736780577588354 0.919717279330811
2 0.3829218813050375 0.8471265668625555 0.38574093809992127 0.7780596753879044 0.4228585192325568 0.7801739679840674 0.4205093052368204 0.8457170384651136
2 0.42379820483085134 0.8471265668625555 0.4252077332282932 0.7773549111891835 0.460915785963487 0.7780596753879047 0.4595062575660451 0.8471265668625555
2 0.4646745283566652 0.8464218026638345 0.4646745283566652 0.7766501469904626 0.5013222666901535 0.7752406185930208 0.5013222666901535 0.8443075100676719
2 0.5158873934637193 0.8464218026638344 0.5149477078654247 0.7752406185930208 0.5774368001520137 0.7773549111891837 0.5774368001520137 0.8464218026638346
2 0.39983622207433983 0.7787644395866254 0.4007759076726344 0.714630897503021 0.4618554715617814 0.7139261333043001 0.46091578596348687 0.7794692037853465
2 0.4604459431643396 0.7780596753879044 0.46138562876263417 0.7132213691055792 0.49709368149782784 0.7132213691055792 0.49756352429697515 0.7766501469904626
2 0.49709368149782784 0.7766501469904626 0.4985032098952697 0.7125166049068583 0.5332715770321688 0.7125166049068583 0.5337414198313161 0.7773549111891835
2 0.5332715770321688 0.7773549111891835 0.5342112626304634 0.7104023123106954 0.568039944169068 0.7125166049068583 0.5699193153656571 0.7773549111891835
2 0.5967003549170523 0.9908984634016248 0.5948209837204632 0.9464983188822063 0.6366369928445716 0.9457935546834854 0.6385163640411607 0.9923079917990666
2 0.5943511409213159 0.9450887904847645 0.5929416125238741 0.8964600607730203 0.6427449492334864 0.8957552965742994 0.6450941632292228 0.9443840262860436
2 0.5952908265196105 0.8957552965742994 0.5943511409213159 0.8485360952599974 0.6352274644471297 0.8485360952599974 0.6366369928445716 0.8950505323755786
2 0.5938812981221687 0.8499456236574392 0.5920019269255795 0.801316893945695 0.6408655780368973 0.8034311865418581 0.643684634831781 0.8485360952599974
2 0.5971701977161996 0.8027264223431372 0.5957606693187578 0.7590310420224397 0.6338179360496878 0.7590310420224395 0.6356973072462772 0.804135950740579
2 0.6356973072462772 0.803431186541858 0.6342877788488352 0.7590310420224397 0.6728148883789126 0.7583262778237185 0.6746942595755017 0.8034311865418581
2 0.64556400602837 0.8492408594587183 0.6441544776309281 0.803431186541858 0.6930181287422458 0.802726422343137 0.6958371855371296 0.8499456236574392
2 0.6394560496394555 0.8957552965742994 0.637106835643719 0.8478313310612764 0.6779831591695328 0.8499456236574392 0.6798625303661219 0.8971648249717414
2 0.6512021196181375 0.9464983188822063 0.646973534425812 0.8950505323755785 0.6991260851311606 0.8964600607730204 0.7005356135286025 0.9450887904847645
2 0.64039573523775 0.9930127559977876 0.6375766784428663 0.9450887904847645 0.6789228447678273 0.9443840262860436 0.6822117443618583 0.9930127559977876
2 0.6831514299601529 0.9944222843952294 0.6808022159644165 0.9443840262860437 0.7315452382723233 0.9436792620873227 0.7357738234646489 0.9923079917990666
2 0.7028848275243389 0.9464983188822063 0.7000657707294553 0.8964600607730203 0.7400024086569744 0.8971648249717412 0.7437611510501527 0.9443840262860436
2 0.6803323731652693 0.8971648249717413 0.6784530019686801 0.8499456236574392 0.7291960242765868 0.8492408594587183 0.7320150810714705 0.8964600607730203
2 0.6977165567337187 0.8492408594587183 0.6944276571396877 0.802726422343137 0.7338944522680598 0.801316893945695 0.737653194661238 0.8492408594587183
2 0.6761037879729436 0.801316893945695 0.6746942595755018 0.7576215136249975 0.7230880678876721 0.7555072210288348 0.7254372818834085 0.8006121297469742
2 0.7273166530799977 0.8006121297469742 0.7244975962851139 0.7548024568301139 0.7733612473964316 0.7548024568301139 0.7775898325887571 0.801316893945695
2 0.7390627230586799 0.8471265668625554 0.7357738234646489 0.7992026013495324 0.7766501469904626 0.8006121297469743 0.7804088893836408 0.8464218026638346
2 0.734364295067207 0.8957552965742994 0.731075395473176 0.8478313310612764 0.7818184177810829 0.8471265668625555 0.7860470029734085 0.8957552965742996
2 0.7456405222467418 0.9443840262860436 0.7432913082510054 0.8943457681768577 0.7832279461785246 0.8957552965742995 0.7855771601742612 0.9422697336898808
2 0.7367135090629433 0.9916032276003458 0.7338944522680598 0.9436792620873227 0.7836977889776721 0.9436792620873227 0.7865168457725555 0.9908984634016248
2 0.5934114553230214 0.7111070765094163 0.5924717697247268 0.6674116961887189 0.6305290364556569 0.666706931989998 0.6319385648530988 0.7104023123106955
2 0.6319385648530987 0.7111070765094163 0.6300591936565096 0.666706931989998 0.6699958315840289 0.6695259887848817 0.6709355171823235 0.7104023123106955 0.632408407652246 0.7111070765094164
2 0.6718752027806181 0.7111070765094163 0.6681164603874398 0.666706931989998 0.7183896398961993 0.6702307529836026 0.7207388538919357 0.7096975481119746
2 0.7221483822893776 0.7111070765094163 0.7183896398961993 0.666706931989998 0.7658437626100753 0.6688212245861608 0.7681929766058117 0.7104023123106955 0.7230880678876722 0.7118118407081373
2 0.5920019269255795 0.6688212245861607 0.5896527129298431 0.626535372662905 0.6375766784428663 0.626535372662905 0.6394560496394553 0.6688212245861608
2 0.6399258924386027 0.6674116961887189 0.6366369928445716 0.6258306084641841 0.6845609583575947 0.6265353726629049 0.6869101723533312 0.6674116961887188
2 0.6873800151524784 0.6681164603874398 0.6840911155584474 0.6258306084641841 0.7221483822893776 0.6272401368616259 0.7254372818834086 0.6681164603874398
2 0.7259071246825558 0.666706931989998 0.7221483822893776 0.625830608464184 0.7583262778237185 0.6286496652590677 0.762554863016044 0.6681164603874398
2 0.5938812981221687 0.6258306084641841 0.5920019269255795 0.5842495207396492 0.6286496652590677 0.5856590491370912 0.6309988792548042 0.6258306084641841 0.5962305121179051 0.6265353726629049
2 0.6314687220539514 0.6258306084641841 0.6286496652590678 0.5828399923422074 0.666706931989998 0.5856590491370912 0.6685863031865871 0.626535372662905
2 0.6681164603874397 0.6258306084641841 0.6667069319899979 0.586363813335812 0.7127515263064319 0.586363813335812 0.7155705831013156 0.627240136861626
2 0.7151007403021682 0.6272401368616259 0.7127515263064319 0.5863638133358122 0.7583262778237185 0.587773341733254 0.7616151774177498 0.6279449010603468
2 0.5915320841264322 0.5849542849383702 0.5901225557289904 0.5454874898099983 0.6352274644471299 0.5454874898099983 0.6375766784428661 0.5842495207396492 0.5910622413272849 0.5856590491370912
2 0.6380465212420136 0.5849542849383703 0.635697307246277 0.5461922540087192 0.6808022159644165 0.5461922540087192 0.6840911155584474 0.5842495207396494
2 0.6840911155584475 0.5849542849383703 0.6813215801944846 0.5446548813854152 0.717969318527973 0.5474739381802989 0.7207883753228566 0.5869407333086708
2 0.7165597901305311 0.5467691739815779 0.754147214062314 0.5481787023790198 0.7574361136563449 0.5883502617061126 0.7203185325237094 0.5862359691099499
2 0.5948705051513842 0.5453596455841361 0.5934609767539423 0.508007143051927 0.6286991866899887 0.5058928504557642 0.6301087150874306 0.5432453529879734
2 0.6301087150874305 0.5439501171866943 0.6286991866899886 0.5051880862570431 0.6648770822243296 0.5058928504557642 0.6662866106217715 0.5446548813854152
2 0.6676961390192134 0.5453596455841361 0.6648770822243296 0.506597614654485 0.7095121481433219 0.507302378853206 0.7118613621390582 0.5439501171866943
2 0.7123312049382056 0.5453596455841361 0.7095121481433218 0.507302378853206 0.7532075284640194 0.5108261998468107 0.7555567424597558 0.5495882307764617
2 0.39048888752231503 0.673626729751345 0.3933079443171987 0.614426537058787 0.42760646865495056 0.6130170086613451 0.42572709745836146 0.6715124371551823
2 0.426666783056656 0.6722172013539032 0.4280763114540978 0.6123122444626242 0.462844678590997 0.6123122444626242 0.4619049929927024 0.6715124371551822
2 0.462844678590997 0.6715124371551822 0.46331452139014423 0.6116074802639033 0.4976130457278961 0.6123122444626242 0.4971432029287488 0.6708076729564612
2 0.4976130457278961 0.6708076729564612 0.4976130457278961 0.6123122444626242 0.5563433956213067 0.6109027160651824 0.5577529240187485 0.6715124371551822
2 0.39001904472316773 0.6137217728600661 0.3909587303214623 0.5552263443662292 0.4478097090182839 0.5531120517700663 0.4478097090182839 0.6137217728600661
2 0.4482795518174311 0.6073788950715777 0.4482795518174311 0.5488834665777408 0.48351776175347744 0.5488834665777408 0.4830479189543302 0.6073788950715778
2 0.48398760455262474 0.6066741308728568 0.48398760455262474 0.5474739381802989 0.5196956572878184 0.5481787023790199 0.5192258144886711 0.6080836592702987
2 0.5196956572878184 0.6101979518664615 0.5192258144886711 0.5509977591739035 0.5530544960272757 0.5509977591739035 0.5544640244247175 0.6101979518664615
2 0.39001904472316773 0.5502929949751826 0.3918984159197568 0.49532138747495014 0.42525725465921416 0.49391185907750834 0.42384772626177225 0.5524072875713454
2 0.42525725465921416 0.5502929949751826 0.4261969402575087 0.49179756648134554 0.4595557789969659 0.49038803808390363 0.4586160933986714 0.5474739381802989
2 0.4651938925867333 0.546064409782857 0.4656637353858807 0.4861594528915781 0.49996225972363245 0.4861594528915781 0.4994924169244852 0.5432453529879733
2 0.5018416309202216 0.5474739381802989 0.5023114737193689 0.4840451602954154 0.5591624524161904 0.48827374548774094 0.5596322952153377 0.5474739381802989
2 0.39001904472316773 0.49179756648134554 0.3914285731206096 0.4375307231798341 0.4464001806208419 0.43471166638495046 0.44405096662510557 0.488273745487741 0.3890793591248732 0.49250233068006655
2 0.4445208094242528 0.4896832738851828 0.44593033782169467 0.4333021379875085 0.4788193337620046 0.43330213798750855 0.4788193337620046 0.48827374548774094
2 0.479289176561152 0.4861594528915781 0.4788193337620047 0.4297783169939039 0.5126480153006091 0.429073552795183 0.5121781725014619 0.4854546886928572
2 0.5126480153006092 0.4840451602954154 0.5126480153006092 0.4297783169939039 0.5464766968392137 0.43048308119262485 0.5450671684417719 0.4847499244941363
2 0.4170115153925249 0.3304203007257241 0.42044572787222806 0.2847943349239538 0.4876581721178468 0.28111482155284323 0.4876581721178468 0.3274766900288357
2 0.4861863667694026 0.32821259270305775 0.4876581721178468 0.2825866269012875 0.5533988110150213 0.27743530818173273 0.5524176074493918 0.31570224724128204 0.5494739967525034 0.3230612739835031
2 0.42044572787222806 0.28405843224973165 0.42191753322067227 0.23254524505418445 0.4881487739006615 0.2310734397057403 0.4876581721178468 0.2825866269012875
2 0.4881487739006616 0.28037891887862115 0.4881487739006616 0.23107343970574024 0.5553612181462803 0.2281298290088519 0.5533988110150213 0.27890711353017694
2 0.42191753322067227 0.23328114772840655 0.42289873678630174 0.19869372203996774 0.489129977466291 0.19648601401730142 0.4876581721178468 0.23328114772840658
2 0.4881487739006615 0.23033753703151816 0.4886393756834763 0.19648601401730145 0.5553612181462801 0.19501420866885724 0.5543800145806508 0.2273939263346298
2 0.4263329492660049 0.150860048215531 0.4268235510488196 0.11185720648175963 0.4881487739006615 0.10744179043642699 0.4896205792491058 0.14497282682175425
2 0.489129977466291 0.14570872949597632 0.4896205792491058 0.10670588776220488 0.5538894127978361 0.10449817973953858 0.552417607449392 0.14276511879908793
2 0.4268235510488196 0.11185720648175959 0.4278047546144491 0.06623124067998921 0.489129977466291 0.061815824634656645 0.48962057924910574 0.10817769311064906 0.4278047546144491 0.11038540113331538
2 0.4896205792491058 0.10596998508798276 0.48962057924910574 0.06107992196043452 0.5509458021009477 0.05960811661199032 0.552417607449392 0.10670588776220491
2 0.42878595818007853 0.06770304602843345 0.4292765599628933 0.02428478824932939 0.48962057924910574 0.018397566855552563 0.4896205792491058 0.06328762998310081
2 0.4906017828147352 0.061815824634656624 0.4906017828147352 0.02207708022666307 0.5514364038837624 0.016925761507108342 0.5524176074493917 0.059608116611990336
2 0.5862691304636086 0.05077728452132506 0.5882315375948675 0.024284788249329364 0.6436695390529327 0.027964301620439908 0.6426883354873031 0.05298499254399141
2 0.6431789372701179 0.055192700566657676 0.6436695390529326 0.028700204294661996 0.6976357351625535 0.03458742568843881 0.6966545315969239 0.05887221393776823
2 0.5867597322464232 0.07726978079332078 0.5887221393776823 0.050041381847102995 0.6421977337044883 0.05445679789243559 0.6417071319216736 0.08094929416443128
2 0.6421977337044884 0.08168519683865338 0.6431789372701179 0.05298499254399139 0.696654531596924 0.05740040858932403 0.6971451333797387 0.08462880753554178
2 0.5843067233323496 0.10596998508798276 0.5857785286807938 0.07506207277065448 0.6421977337044884 0.0809492941644313 0.6412165301388588 0.1081776931106491
2 0.6407259283560441 0.10817769311064912 0.6421977337044883 0.07947748881598711 0.6981263369453682 0.0846288075355418 0.6986169387281829 0.11332901183020384
2 0.5847973251151644 0.12951887066309006 0.5847973251151644 0.1044981797395386 0.6417071319216736 0.10891359578487117 0.6412165301388588 0.136141994731089
2 0.6412165301388588 0.136141994731089 0.641216530138859 0.107441790436427 0.6981263369453682 0.11185720648175958 0.6986169387281829 0.1390856054279774
2 0.5847973251151644 0.1471805348444205 0.5847973251151644 0.13099067601153425 0.6426883354873031 0.13540609205686693 0.6421977337044884 0.14938824286708682
2 0.6421977337044884 0.14938824286708682 0.6417071319216736 0.13467018938264477 0.7000887440766271 0.13834970275375527 0.7000887440766271 0.14865234019286475 0.6598593978858188 0.15086004821553106
2 0.577928900155758 0.22224260761507503 0.5749852894588695 0.19795781936574564 0.6328762998310085 0.19501420866885724 0.6353293087450822 0.2178271915697424
2 0.635329308745082 0.21856309424396453 0.6328762998310083 0.19427830599463514 0.6461225479670063 0.19354240332041306 0.6922391155515915 0.19648601401730148 0.6961639298141092 0.21414767819863195
2 0.5794007055042022 0.25020690923551486 0.5764570948073138 0.22297851028929708 0.6363105123107116 0.21782719156974245 0.6397447247904148 0.24358378516751605
2 0.6397447247904148 0.243583785167516 0.6353293087450821 0.2163553862212982 0.6956733280312944 0.21414767819863192 0.7015605494250713 0.24064017447062755
2 0.5833255197667202 0.27817121085595486 0.5794007055042023 0.24799920121284857 0.6407259283560442 0.24431968784173808 0.6436695390529326 0.2730198921364001
2 0.6436695390529326 0.2730198921364001 0.6402353265732295 0.2443196878417381 0.7005793458594417 0.24064017447062755 0.7040135583391449 0.2708121841137338
2 0.585287926897979 0.29362516701461894 0.5833255197667201 0.278907113530177 0.6441601408357472 0.2737557948106222 0.6471037515326357 0.29509697236306315
2 0.6471037515326357 0.2958328750372853 0.6441601408357472 0.2737557948106222 0.7054853636875893 0.2700762814395117 0.7084289743844776 0.30098419375684