0 0.4066154970760234 0.2535635964912281 0.48702485380116967 0.2535635964912281 0.4870248538011696 0.32346491228070184 0.4057017543859649 0.31661184210526316
0 0.489766081871345 0.31935307017543857 0.489766081871345 0.2549342105263159 0.5692616959064328 0.2576754385964913 0.5701754385964913 0.32209429824561403
0 0.5710891812865497 0.2521929824561404 0.714546783625731 0.2563048245614036 0.7200292397660819 0.32894736842105265 0.5720029239766082 0.3207236842105264
0 0.5509868421052633 0.2549342105263159 0.5482456140350878 0.17680921052631582 0.4084429824561404 0.17132675438596492 0.40478801169590645 0.2453399122807018
0 0.5500730994152047 0.24945175438596492 0.5491593567251462 0.17543859649122806 0.628654970760234 0.17955043859649122 0.6313961988304093 0.2535635964912281
0 0.6313961988304093 0.25493421052631576 0.6286549707602339 0.18092105263157895 0.7044956140350878 0.18229166666666674 0.7108918128654971 0.2576754385964913
0 0.40844298245614036 0.17269736842105263 0.4102704678362573 0.10279605263157898 0.48793859649122817 0.10553728070175443 0.48702485380116967 0.17543859649122814
0 0.48793859649122817 0.10142543859649122 0.5628654970760235 0.10690789473684215 0.5646929824561403 0.17817982456140358 0.4861111111111112 0.17543859649122806
0 0.5628654970760234 0.1055372807017544 0.7008406432748538 0.11239035087719298 0.7054093567251463 0.18366228070175442 0.5646929824561403 0.17680921052631582
0 0.41209795321637427 0.10416666666666669 0.4157529239766083 0.035635964912280695 0.5464181286549707 0.03837719298245617 0.5464181286549709 0.10827850877192984
0 0.5464181286549707 0.1055372807017544 0.5455043859649124 0.0356359649122807 0.6213450292397662 0.03974780701754389 0.6213450292397662 0.10964912280701758
0 0.6213450292397661 0.10964912280701757 0.6213450292397661 0.03700657894736845 0.6935307017543859 0.046600877192982455 0.6971856725146199 0.11513157894736847
0 0.4166666666666667 0.03700657894736844 0.4194078947368422 3.895519384649672e-18 0.49342105263157904 0 0.4906798245614036 0.039747807017543886
0 0.49159356725146197 0.041118421052631596 0.4934210526315789 0 0.5637792397660819 0 0.5646929824561403 0.037006578947368446
0 0.5628654970760234 0.03700657894736844 0.5646929824561404 0 0.6907894736842105 0 0.693530701754386 0.05071271929824561
0 0.40387426900584794 0.4838267543859649 0.40661549707602346 0.40433114035087725 0.4915935672514621 0.40433114035087725 0.4906798245614036 0.4865679824561404 0.405701754385965 0.4851973684210527
0 0.4906798245614035 0.48930921052631593 0.4897660818713451 0.40707236842105265 0.5765716374269007 0.40707236842105265 0.5783991228070176 0.4838267543859649
0 0.577485380116959 0.48519736842105265 0.5756578947368421 0.40158991228070173 0.7282529239766082 0.40296052631578955 0.7364766081871345 0.4893092105263159
0 0.39382309941520477 0.5729166666666666 0.39747807017543857 0.47971491228070173 0.5573830409356726 0.48656798245614036 0.5573830409356726 0.5783991228070176
0 0.5564692982456141 0.5797697368421053 0.5555555555555556 0.48382675438596506 0.6460160818713451 0.4865679824561404 0.6514985380116959 0.5797697368421053
0 0.6505847953216374 0.581140350877193 0.6441885964912281 0.4838267543859649 0.733735380116959 0.48656798245614047 0.7410453216374269 0.5797697368421053 0.6524122807017544 0.5825109649122807
0 0.38742690058479534 0.6702302631578947 0.3919956140350878 0.5701754385964912 0.48428362573099426 0.5701754385964913 0.4815423976608188 0.6702302631578947
0 0.4815423976608187 0.668859649122807 0.48245614035087725 0.5729166666666667 0.577485380116959 0.5742872807017545 0.5783991228070177 0.6716008771929826
0 0.5793128654970761 0.6729714912280702 0.5765716374269007 0.5756578947368423 0.7428728070175439 0.5756578947368423 0.7492690058479532 0.6770833333333334
0 0.38377192982456143 0.7757675438596493 0.38651315789473684 0.6661184210526315 0.5592105263157896 0.6702302631578949 0.5610380116959065 0.7785087719298246
0 0.5610380116959064 0.7798793859649122 0.5592105263157896 0.6688596491228072 0.6560672514619884 0.6716008771929826 0.6615497076023392 0.7785087719298247
0 0.6615497076023392 0.7798793859649122 0.6560672514619883 0.6716008771929824 0.7510964912280702 0.6757127192982457 0.7602339181286552 0.78125
0 0.3801169590643276 0.8881578947368421 0.3828581871345029 0.7743969298245615 0.48428362573099426 0.7743969298245615 0.48245614035087725 0.8895285087719298
0 0.4824561403508772 0.8895285087719298 0.4833698830409357 0.7730263157894737 0.584795321637427 0.7785087719298247 0.5875365497076024 0.8895285087719299
0 0.5875365497076024 0.8922697368421053 0.58296783625731 0.7798793859649122 0.7629751461988304 0.7785087719298247 0.7721125730994152 0.8963815789473686
1 0.8123560363438879 0.9176042918124537 0.8765543857206083 0.9176042918124537 0.8851964712136284 0.9907533725926596 0.820380830015978 0.9916793103240545
1 0.8123560363438879 0.9203821050066388 0.8043312426717977 0.8379736469124831 0.8679123002275884 0.8398255223752731 0.8771716775415384 0.9185302295438488
1 0.8030966590299377 0.838899584643878 0.7950718653578476 0.7583430020125124 0.8568010474508483 0.7601948774753022 0.8648258411229385 0.8407514601066679
1 0.8197635381950478 0.9916793103240544 0.8111214527020278 0.9166783540810589 0.7888989471485475 0.9166783540810589 0.7895162389694774 0.9213080427380338 0.7932199898950575 0.925011793663614 0.7981583244624976 0.9907533725926596
1 0.8105041608810978 0.9176042918124537 0.8030966590299377 0.8416773978380631 0.7716147761625075 0.8426033355694581 0.7765531107299473 0.8963077239903686 0.7888989471485475 0.8963077239903686 0.7901335307904075 0.9148264786182688
1 0.8043312426717977 0.8407514601066679 0.7950718653578476 0.7555651888183273 0.7635899824904173 0.7564911265497224 0.7728493598043675 0.840751460106668
1 0.8012447835671477 0.728712994607872 0.7950718653578476 0.6611195402160365 0.7555651888183272 0.6601936024846413 0.7623553988485573 0.7250092436822919
1 0.7950718653578476 0.6611195402160362 0.7864297798648275 0.5963038990183857 0.7500095624299571 0.5953779612869906 0.7567997724601873 0.6620454779474313
1 0.7876643635066876 0.5963038990183857 0.7821087371183175 0.533340133283525 0.7444539360415872 0.5305623200893401 0.7500095624299573 0.5953779612869906
1 0.8024793672090077 0.725935181413687 0.7956891571787775 0.6611195402160362 0.8530972965252682 0.6638973534102214 0.8611220901973582 0.7342686209962419 0.8043312426717977 0.727787056876477
1 0.7950718653578476 0.6620454779474313 0.7876643635066876 0.5963038990183857 0.8444552110322481 0.5981557744811757 0.8518627128834082 0.6648232911416163
1 0.7870470716857576 0.5963038990183857 0.7821087371183175 0.5361179464777102 0.836430417360158 0.5379698219405001 0.8444552110322481 0.5990817122125707