1 0.4820525657999199 0.7991924117209198 0.4827202286334377 0.7691475842126144 0.538136243815423 0.7681460899623378 0.5374685809819052 0.7991924117209198
1 0.538136243815423 0.8001939059711967 0.5394715694824588 0.7731535612137219 0.6329443661749641 0.772152066963445 0.6329443661749641 0.7991924117209197
1 0.6336120290084819 0.7991924117209198 0.6336120290084819 0.7731535612137218 0.7264171628674693 0.772152066963445 0.7277524885345051 0.7991924117209197
1 0.47938191446584827 0.7701490784628914 0.48004957729936615 0.7060534464451734 0.5715193854913176 0.7050519521948966 0.5721870483248357 0.772152066963445
1 0.5755253624924251 0.7721520669634451 0.5741900368253893 0.7040504579446197 0.6663275078508587 0.709057929196004 0.6696658220184483 0.7741550554639987
1 0.6689981591849303 0.7721520669634451 0.6663275078508587 0.7070549406954503 0.7190728716987724 0.7120624119468345 0.7217435230328441 0.7731535612137219
1 0.48405555430047353 0.7050519521948966 0.48405555430047353 0.6409563201771789 0.5354655924813514 0.6409563201771789 0.5374685809819051 0.7060534464451735
1 0.5368009181483872 0.7040504579446198 0.5368009181483872 0.644962297178286 0.6269354006733031 0.6469652856788398 0.6296060520073745 0.7060534464451734
1 0.6302737148408925 0.7070549406954503 0.6262677378397851 0.6459637914285629 0.7184052088652545 0.6509712626799473 0.7210758601993261 0.7120624119468345
1 0.4820525657999199 0.6409563201771789 0.4820525657999199 0.5798651709102913 0.5708517226577998 0.5808666651605683 0.5715193854913176 0.6429593086777324
1 0.576193025325943 0.6439608029280094 0.576193025325943 0.5788636766600145 0.6643245193503051 0.5828696536611219 0.6663275078508587 0.6439608029280093
1 0.6663275078508587 0.6469652856788398 0.6649921821838229 0.5878771249125062 0.7123962433635934 0.5918831019136136 0.7177375460317367 0.6499697684296705
1 0.488061531301581 0.5798651709102914 0.48739386846806304 0.5227799986445115 0.5374685809819051 0.5227799986445115 0.538136243815423 0.5798651709102915
1 0.538136243815423 0.5788636766600146 0.5381362438154229 0.5267859756456188 0.6215940980051599 0.5287889641461725 0.6242647493392315 0.5818681594108451
1 0.6262677378397851 0.5808666651605683 0.6235970865057134 0.5297904583964493 0.7083902663624861 0.5297904583964493 0.7137315690306293 0.5908816076633365 0.6649921821838229 0.5878771249125062 0.6649921821838229 0.5818681594108451
1 0.4994117994713851 0.4737067803809462 0.500079462304903 0.4166216081151662 0.5468158606511556 0.4216290793665504 0.5474835234846736 0.4737067803809462
1 0.5488188491517093 0.474708274631223 0.5468158606511556 0.4226305736168272 0.6282707263403388 0.42763804486821144 0.6309413776744104 0.4767112631317767
1 0.6302737148408925 0.4777127573820536 0.626935400673303 0.42763804486821144 0.7097255920295219 0.430642527619042 0.7143992318641472 0.4807172401328841
1 0.49807647380434933 0.4166216081151662 0.49807647380434933 0.36254091860021675 0.5795313394935324 0.3705528726024314 0.5801990023270504 0.42363206786710406
1 0.5801990023270504 0.42363206786710406 0.5781960138264968 0.3695513783521547 0.6596508795156798 0.3755603438538156 0.6616538680162334 0.42964103336876514 0.5835373164946398 0.42463356211738096
1 0.6609862051827156 0.42964103336876514 0.6596508795156798 0.373557355353262 0.7063872778619324 0.37556034385381565 0.7110609176965577 0.42964103336876514
1 0.5014147879719388 0.36254091860021675 0.5014147879719388 0.3134677003366515 0.5468158606511556 0.316472183087482 0.5474835234846736 0.36554540135104724
1 0.5481511863181915 0.3645439071007704 0.5468158606511556 0.3194766658383125 0.6256000750062672 0.32448413708969676 0.6276030635068208 0.37255586110298516
1 0.626935400673303 0.37255586110298516 0.6242647493392315 0.3254856313399736 0.7017136380273071 0.32949160834108104 0.7057196150284145 0.37656183810409255
1 0.49674114813731357 0.31446919458692835 0.49807647380434933 0.26639747057363994 0.5755253624924251 0.272406436075301 0.5775283509929787 0.3214796543388662
1 0.5768606881594609 0.3214796543388662 0.5748576996589073 0.27440942457585465 0.652306588346983 0.27641241307640835 0.6549772396810545 0.3254856313399736
1 0.6556449025145725 0.32448413708969676 0.6536419140140186 0.2774139073266852 0.6970399981926819 0.27841540157696204 0.7003783123602714 0.32448413708969676
1 0.5034177764724925 0.2653959763233631 0.5027501136389746 0.2183257465603515 0.5454805349841199 0.22433471206201255 0.5474835234846736 0.2694019533244704
1 0.5481511863181915 0.27040344757474727 0.5461481978176378 0.22633770056256625 0.6215940980051599 0.23134517181395045 0.6235970865057135 0.27440942457585465
1 0.6242647493392315 0.2734079303255778 0.6215940980051599 0.22934218331339676 0.6943693468586104 0.2353511488150578 0.696372335359164 0.2774139073266852
0 0.2770800759099262 0.5548278146533704 0.37522651243705674 0.5558293089036472 0.36320858143373463 0.6970399981926819 0.265729807740122 0.690029538440744 0.2770800759099262 0.6299398834241335
0 0.13687088087116836 0.5508218376522631 0.2770800759099262 0.5558293089036471 0.2750770874093726 0.6389533316766249 0.2630591564060505 0.6890280441904673 0.11283501886452418 0.6870250556899135
0 0.10882904186341683 0.6850220671893599 0.13086191536950734 0.5458143664008788 0 0.5478173549014326 0 0.684020572939083
0 0.13184765277681762 0.544812872150602 0.14920688644828292 0.4096111483632283 0.019012633912293447 0.4066066656123978 0 0.49974563088814405 0 0.550821837652263
0 0.15454818911642604 0.4126156311140588 0.16790144578678398 0.30345275783388315 0.04171317025190189 0.2984452865824989 0.021015622412847136 0.4096111483632283
0 0.2747274991496471 0.5568308031539241 0.28741309298648704 0.411614136863782 0.15388052628290816 0.4066066656123978 0.13385064127737134 0.5468158606511556
0 0.28741309298648704 0.41061264261350516 0.2967603726557376 0.3064572405847136 0.1725750856214092 0.30445425208415994 0.15721884045049764 0.41061264261350516
0 0.3695356215091881 0.5538263204030935 0.38021822684547446 0.41461861961461255 0.2894160814870408 0.4086096541129514 0.27539516198316505 0.5498203434019862
0 0.37754757551140283 0.41461861961461255 0.3835565410130639 0.31446919458692835 0.29809569832277333 0.3074587348349904 0.28541010448593335 0.41061264261350516
0 0.06508136942502817 0.18828091905204627 0.18993431929287447 0.19028390755260002 0.2006169246291608 0.09814643652713048 0.08377592876352927 0.09514195377629993
0 0.19060198212639234 0.19228689605315366 0.31345194349368505 0.1942898845537073 0.3214638974958997 0.10315390777851478 0.2046229016302681 0.09914793077740734
0 0.3141196063272028 0.1952913788039842 0.3989127861839754 0.19829586155481474 0.4055894145191545 0.1001494250276842 0.32213156032941764 0.09914793077740734
0 0.08644658009760081 0.0951419537763 0.2046229016302681 0.09814643652713048 0.2199791468011797 0 0.10380581376906607 0
0 0.20529056446378605 0.09914793077740734 0.3227992231629355 0.1041554020287916 0.3321465028321861 0 0.21864382113414396 0
0 0.3227992231629354 0.1001494250276842 0.40558941451915437 0.10215241352823792 0.4109307171872976 0 0.33147883999866823 0