1 0.16355994152046785 0.30564692982456143 0.25310672514619886 0.3015350877192983 0.2613304093567252 0.40707236842105265 0.17086988304093573 0.4139254385964913
1 0.2631578947368421 0.4043311403508772 0.2567616959064328 0.29742324561403516 0.3463084795321638 0.29331140350877194 0.3527046783625732 0.3988486842105264
1 0.3536184210526316 0.4043311403508772 0.34630847953216376 0.29605263157894735 0.40752923976608185 0.29057017543859653 0.41301169590643283 0.3988486842105264 0.3572733918128655 0.40707236842105265
1 0.179093567251462 0.5180921052631579 0.16995614035087722 0.4139254385964912 0.2604166666666667 0.40707236842105265 0.2695540935672515 0.5112390350877193
1 0.27046783625730997 0.512609649122807 0.2640716374269006 0.4057017543859649 0.3527046783625732 0.3988486842105263 0.3609283625730994 0.5016447368421053
1 0.36001461988304095 0.5043859649122807 0.35270467836257324 0.4015899122807019 0.4139254385964912 0.39473684210526316 0.4194078947368421 0.49753289473684215
1 0.19005847953216373 0.6126644736842105 0.17909356725146205 0.5167214912280703 0.26955409356725146 0.512609649122807 0.2777777777777778 0.6058114035087719
1 0.27869152046783624 0.6071820175438597 0.27138157894736836 0.508497807017544 0.358187134502924 0.49890350877192996 0.3654970760233919 0.5962171052631579
1 0.3673245614035088 0.5962171052631579 0.36001461988304095 0.5002741228070176 0.42032163742690065 0.49616228070175444 0.4258040935672515 0.5893640350877194
2 0.47149122807017546 0.24671052631578946 0.47057748538011696 0.14802631578947376 0.5546418128654971 0.14391447368421054 0.5546418128654971 0.24396929824561403
2 0.5546418128654971 0.24533991228070176 0.5555555555555557 0.14391447368421054 0.6085526315789473 0.14254385964912286 0.607638888888889 0.23985745614035092
2 0.6067251461988304 0.2412280701754386 0.6085526315789475 0.14117324561403508 0.6588084795321637 0.13843201754385967 0.6569809941520469 0.23574561403508779
2 0.46875 0.30975877192982454 0.4669225146198831 0.24533991228070176 0.5500730994152048 0.23985745614035087 0.5500730994152047 0.30153508771929827
2 0.5519005847953217 0.2987938596491228 0.5519005847953217 0.2412280701754386 0.6039839181286549 0.23985745614035098 0.603983918128655 0.2974232456140351
2 0.602156432748538 0.2974232456140351 0.6058114035087719 0.23848684210526316 0.6551535087719299 0.23574561403508773 0.6524122807017544 0.30427631578947373 0.6396198830409356 0.29468201754385975
0 0.07035818713450294 0.9580592105263158 0.19828216374269006 0.9470942982456141 0.20559210526315794 1 0.07858187134502924 1
0 0.19828216374269006 0.9470942982456141 0.32346491228070184 0.9347587719298247 0.32894736842105265 1 0.20559210526315796 0.9991776315789472
0 0.32437865497076024 0.9416118421052632 0.4120979532163744 0.9361293859649124 0.4139254385964912 1 0.32894736842105265 1
0 0.4934210526315789 0.7785087719298246 0.489766081871345 0.5907346491228072 0.6030701754385965 0.5852521929824561 0.6012426900584796 0.7730263157894737
0 0.6012426900584795 0.7757675438596491 0.6048976608187135 0.586622807017544 0.7182017543859649 0.581140350877193 0.7090643274853803 0.7702850877192983
0 0.7090643274853801 0.7716557017543859 0.7182017543859649 0.5825109649122808 0.8918128654970761 0.5688048245614037 0.8753654970760234 0.7579495614035088
0 0.4989035087719299 0.9402412280701755 0.4961622807017544 0.7771381578947368 0.6003289473684211 0.7743969298245614 0.5985014619883042 0.9388706140350879
0 0.5975877192982456 0.9375 0.6012426900584796 0.7743969298245614 0.7072368421052633 0.7702850877192984 0.6990131578947368 0.9320175438596493
0 0.6999269005847953 0.9333881578947368 0.7081505847953217 0.7716557017543859 0.8744517543859649 0.7606907894736843 0.8561769005847953 0.9265350877192984