0 0.1525950292397661 0.8566337719298246 0.1699561403508772 0.699013157894737 0.011878654970760254 0.6880482456140352 0 0.7661732456140352 0.0009137426900585211 0.845668859649123
0 0.1535087719298246 0.8538925438596491 0.16995614035087722 0.6962719298245615 0.32346491228070173 0.7017543859649124 0.31524122807017546 0.8621162280701754
0 0.009137426900584816 0.6866776315789473 0.032894736842105254 0.5249451754385966 0.18548976608187134 0.5317982456140352 0.16812865497076024 0.7031250000000001
0 0.1681286549707603 0.6976425438596491 0.18823099415204678 0.5331688596491229 0.33260233918128657 0.5427631578947368 0.3234649122807018 0.7044956140350878
0 0.05939327485380119 0.38103070175438597 0.2010233918128655 0.3851425438596492 0.1891447368421053 0.5345394736842105 0.03563596491228074 0.5276864035087719
0 0.19005847953216373 0.5400219298245614 0.20376461988304093 0.38788377192982454 0.34082602339181295 0.4015899122807019 0.3326023391812865 0.546875
0 0.034722222222222245 0.5263157894736842 0.05939327485380119 0.38103070175438597 0.0018274853801169798 0.3782894736842105 0 0.5249451754385965
0 0.004568713450292418 0.6880482456140351 0.031067251461988323 0.5276864035087719 0 0.527686403508772 0 0.6880482456140352
0 0.09046052631578949 0.3001644736842105 0.10782163742690058 0.20422149122807018 0.01827485380116959 0.19051535087719298 0 0.2713815789473685 0.0009137426900584795 0.293311403508772
0 0.09046052631578949 0.30290570175438597 0.10873538011695906 0.20422149122807018 0.23665935672514624 0.2206688596491228 0.22660818713450295 0.3125
0 0.2275219298245614 0.3111293859649123 0.23574561403508773 0.2206688596491229 0.35818713450292405 0.23300438596491227 0.3527046783625731 0.32209429824561403
0 0.01827485380116961 0.18914473684210525 0.04294590643274854 0.08086622807017549 0.13066520467836257 0.0904605263157895 0.11147660818713451 0.20422149122807018
0 0.10964912280701757 0.2069627192982456 0.13066520467836257 0.08771929824561403 0.2521929824561404 0.10827850877192982 0.2375730994152047 0.2206688596491228
0 0.2366593567251462 0.2206688596491228 0.2521929824561404 0.1110197368421053 0.36641081871345027 0.1260964912280702 0.35818713450292405 0.23711622807017543
0 0.04203216374269008 0.08086622807017546 0.0630482456140351 0 0.1516812865497076 0 0.13157894736842105 0.09183114035087722
0 0.13157894736842113 0.0890899122807018 0.14985380116959068 0 0.19371345029239767 0 0.26407163742690065 0.012335526315789465 0.2521929824561404 0.11239035087719301
0 0.25127923976608185 0.10964912280701757 0.2640716374269006 0.01096491228070177 0.37189327485380125 0.02467105263157896 0.3664108187134503 0.12472587719298248
0 0.9173976608187134 0.17132675438596492 1 0.17406798245614036 1 0.30153508771929827 0.9438961988304093 0.2987938596491228 0.9173976608187137 0.1768092105263158
0 0.9466374269005848 0.3001644736842105 1 0.30290570175438597 1 0.42626096491228077 0.9868421052631579 0.42489035087719307 0.9767909356725146 0.4413377192982456