0 0.6405336257309941 0.8895285087719298 0.6323099415204678 0.7510964912280703 0.7419590643274854 0.752467105263158 0.7538377192982456 0.8922697368421053
0 0.7556652046783626 0.8922697368421053 0.742872807017544 0.7538377192982456 0.8470394736842107 0.7552083333333335 0.8634868421052632 0.8922697368421054
0 0.8634868421052632 0.893640350877193 0.8479532163742691 0.7538377192982457 0.923793859649123 0.7538377192982457 0.9438961988304093 0.8895285087719299
0 0.9457236842105263 0.8922697368421053 0.9228801169590644 0.7524671052631579 0.9877558479532164 0.7510964912280702 1 0.8264802631578947 0.9996345029239768 0.8881578947368421
0 0.6341374269005848 0.7524671052631579 0.626827485380117 0.6222587719298246 0.6953581871345029 0.6236293859649122 0.7044956140350878 0.7552083333333335
0 0.7044956140350878 0.7552083333333334 0.6944444444444444 0.6222587719298246 0.7638888888888888 0.6236293859649122 0.7757675438596491 0.7510964912280702
0 0.7757675438596491 0.7552083333333334 0.7629751461988306 0.6236293859649124 0.8634868421052633 0.6291118421052633 0.8781067251461988 0.7538377192982457
0 0.8781067251461988 0.7552083333333335 0.8616593567251464 0.6277412280701754 0.9612573099415206 0.6345942982456142 0.9804459064327485 0.7538377192982457
0 0.623172514619883 0.6222587719298246 0.6167763157894737 0.5043859649122807 0.7172880116959066 0.5071271929824562 0.7255116959064329 0.625
0 0.7255116959064327 0.6236293859649122 0.7191154970760234 0.5057565789473685 0.8168859649122808 0.5112390350877194 0.8278508771929824 0.6277412280701754
0 0.8278508771929824 0.625 0.8168859649122808 0.5071271929824561 0.8808479532163743 0.5084978070175439 0.8945540935672515 0.6304824561403509
0 0.893640350877193 0.6291118421052632 0.8808479532163743 0.5057565789473685 0.9384137426900586 0.5153508771929824 0.9566885964912281 0.6304824561403509
0 0.6277412280701754 0.5043859649122807 0.6213450292397661 0.38788377192982465 0.6834795321637427 0.39062500000000006 0.6898757309941522 0.5057565789473685
0 0.6907894736842105 0.5057565789473685 0.6843932748538012 0.3892543859649123 0.7474415204678363 0.39610745614035087 0.7547514619883041 0.5071271929824561 0.6935307017543861 0.5043859649122807
0 0.7556652046783626 0.512609649122807 0.7474415204678364 0.39473684210526316 0.8360745614035088 0.4029605263157896 0.8461257309941522 0.5098684210526317
0 0.8452119883040936 0.5098684210526315 0.834247076023392 0.3988486842105263 0.923793859649123 0.4057017543859649 0.9384137426900586 0.5153508771929824
0 0.6067251461988304 0.31798245614035087 0.603983918128655 0.23300438596491233 0.6935307017543859 0.23848684210526322 0.6990131578947368 0.32483552631578955
0 0.6990131578947368 0.32346491228070173 0.6926169590643275 0.23711622807017543 0.7757675438596491 0.24122807017543865 0.7876461988304093 0.32620614035087725
0 0.7922149122807017 0.33031798245614036 0.7821637426900585 0.23711622807017543 0.8406432748538013 0.23848684210526322 0.8525219298245615 0.3316885964912281
0 0.8552631578947368 0.3358004385964912 0.8397295321637427 0.23437500000000006 0.8945540935672516 0.24396929824561409 0.912828947368421 0.3358004385964912
0 0.6140350877192983 0.22889254385964913 0.6112938596491229 0.137061403508772 0.66703216374269 0.1411732456140352 0.6734283625730995 0.23437500000000006
0 0.672514619883041 0.23163377192982457 0.668859649122807 0.13706140350877202 0.7236842105263158 0.13980263157894737 0.7319078947368421 0.23300438596491227
0 0.7319078947368421 0.234375 0.7236842105263159 0.1452850877192983 0.8050073099415205 0.15625000000000008 0.8150584795321637 0.23848684210526316
0 0.8141447368421053 0.23848684210526316 0.8050073099415205 0.15487938596491235 0.8863304093567254 0.16584429824561414 0.9000365497076024 0.24808114035087725
0 0.6103801169590644 0.14117324561403516 0.6048976608187135 0.06304824561403514 0.6880482456140352 0.06853070175438597 0.6935307017543859 0.13980263157894737
0 0.691703216374269 0.13706140350877194 0.6889619883040936 0.06716008771929827 0.7666301169590644 0.07401315789473684 0.7766812865497078 0.15213815789473684
0 0.7757675438596491 0.15350877192982457 0.767543859649123 0.0712719298245614 0.8223684210526317 0.0740131578947369 0.8324195906432749 0.15625000000000003
0 0.8324195906432749 0.15899122807017543 0.8232821637426903 0.07401315789473684 0.8717105263157895 0.08086622807017543 0.8854166666666669 0.1644736842105264
0 0.6112938596491229 0.05893640350877193 0.6085526315789475 0 0.6633771929824561 2.337311630789803e-17 0.6661184210526315 0.06304824561403508
0 0.6661184210526315 0.061677631578947366 0.6624634502923978 0 0.7127192982456141 0 0.7191154970760233 0.0712719298245614
0 0.7182017543859649 0.0712719298245614 0.7118055555555556 0.0013706140350877192 0.7684576023391813 0 0.7876461988304093 0.002741228070175501 0.7949561403508774 0.07401315789473686
0 0.7949561403508774 0.07264254385964919 0.786732456140351 0.00411184210526315 0.8598318713450293 0.015076754385964944 0.8717105263157895 0.08223684210526316
2 0.28704069673245275 0.9842718084728944 0.2901271558371028 0.9231599182008239 0.3759307189463736 0.9268636691264039 0.3722269680207937 0.9861236839356845
2 0.3753134271254436 0.9861236839356844 0.3771653025882336 0.9259377313950087 0.4611169902347145 0.9277896068577989 0.46173428205564443 0.9861236839356844 0.37839988623009363 0.9870496216670795
2 0.29074444765803276 0.9213080427380338 0.2944481985836129 0.8666777165857283 0.3456834197208033 0.8685295920485184 0.34259696061615325 0.9250117936636137
2 0.34815258700452334 0.9250117936636137 0.3518563379301033 0.8666777165857282 0.4049434345300838 0.8703814675113083 0.40185697542543386 0.927789606857799
2 0.40864718545566386 0.9268636691264039 0.412968228202174 0.8685295920485183 0.4635861575184345 0.8722333429740984 0.4623515738765745 0.9296414823205889
2 0.2925963231208228 0.8685295920485183 0.2969173658673328 0.8111214527020276 0.3777825944091636 0.8148252036276077 0.3759307189463736 0.8694555297799134
2 0.37963446987195365 0.8676036543171233 0.38272092897660376 0.8120473904334227 0.4654380329812245 0.8176030168217928 0.46420344933936447 0.8740852184368884
2 0.2944481985836128 0.8111214527020278 0.2987692413301229 0.7555651888183272 0.3481525870045234 0.7583430020125124 0.34568341972080335 0.8129733281648177
2 0.3537082133928933 0.8138992658962128 0.3574119643184734 0.7574170642811172 0.40802989363473396 0.7611208152066973 0.4043261427091538 0.8148252036276077
2 0.414202811844034 0.8166770790903978 0.41667197912775406 0.7601948774753022 0.4666726166230845 0.7638986284008823 0.46420344933936447 0.8185289545531877
2 0.3012384086138428 0.7555651888183272 0.3061767431812829 0.7046386135916018 0.38457280443939373 0.7074164267857869 0.3814863453347437 0.7611208152066973
2 0.3821036371556737 0.7583430020125123 0.38580738808125375 0.7055645513229968 0.4642034493393645 0.7111201777113669 0.46235157387657444 0.7629726906694874
2 0.31667070413709303 0.6657492288730114 0.3209917468836031 0.616674529109076 0.3975359326789238 0.624082030960236 0.39568405721613376 0.6713048552613814
2 0.39568405721613376 0.6740826684555665 0.39753593267892384 0.620378280034656 0.47654928575796457 0.6259339064230259 0.47469741029517454 0.6777864193811465
2 0.3240782059882531 0.6157485913776809 0.32839924873476317 0.5713035802707205 0.37469613530451357 0.5759332689276956 0.3716096761998636 0.6222301554974459
2 0.37346155166265355 0.6213042177660508 0.3765480107673036 0.5713035802707205 0.42654864826263406 0.5759332689276956 0.42161031369519403 0.6259339064230259
2 0.4277832319044941 0.626859844154421 0.4290178155463541 0.5777851443904856 0.47531470211610455 0.5814888953160656 0.4740801184742445 0.627785781885816
2 0.32963383237662314 0.5722295180021155 0.33333758330220314 0.52500669370097 0.40802989363473385 0.531488257820735 0.4061780181719438 0.5777851443904856
2 0.40741260181380395 0.5768592066590906 0.4098817690975239 0.52871044462655 0.47840116122075454 0.5342660710149201 0.47840116122075454 0.5814888953160655
2 0.3364240424068532 0.52500669370097 0.3413623769742932 0.4805616825940096 0.38642467990218365 0.48519137125098466 0.3839555126184637 0.5305623200893401
2 0.3845728044393936 0.5296363823579451 0.3876592635440437 0.48426543351958967 0.4339561501137942 0.48889512217656467 0.43148698283007414 0.5342660710149202
2 0.43272156647193416 0.5324141955521301 0.43395615011379424 0.4851913712509847 0.47963574486261457 0.49074699763935475 0.47840116122075454 0.5342660710149201
2 0.3407450851533632 0.4814876203254046 0.3432142524370833 0.4398204224126292 0.4148201036649639 0.44445011106960425 0.412350936381244 0.4879691844451697
2 0.412968228202174 0.48704324671377464 0.4148201036649639 0.44167229787541923 0.48580866307191467 0.44722792426378927 0.4821049121463346 0.49259887310214473
2 0.061111890272070576 0.9814939952787094 0.06790210030230069 0.9361230464403542 0.027160840120920265 0.9351971087089591 0.02222250555348021 0.9601974274566243 0.027778131941850262 0.9787161820845245
2 0.025926256479060245 0.935197108708959 0.0302472992255703 0.8870483466764185 0.08148252036276078 0.8879742844078137 0.07592689397439073 0.9351971087089591
2 0.033333758330220314 0.8889002221392085 0.040123968360450374 0.8416773978380631 0.07777876943718076 0.842603335569458 0.07160585122788068 0.8907520976019985
2 0.0425931356441704 0.838899584643878 0.0425931356441704 0.8305661450613229 0.06728480848137064 0.8009361376566826 0.09629752406508094 0.8000101999252877 0.0913591894976409 0.844455211032248
2 0.050000637495330465 0.7972323867311026 0.05740813934649056 0.7546392510869322 0.09382835678136091 0.7564911265497222 0.08950731403485085 0.7990842621938927
2 0.09074189767671087 0.7990842621938927 0.0956802322441509 0.7583430020125123 0.13024857421623126 0.7601948774753022 0.12592753146972122 0.7990842621938927
2 0.09074189767671087 0.8444552110322481 0.09629752406508094 0.8009361376566826 0.1333350333208813 0.8009361376566826 0.12716211511158124 0.845381148763643
2 0.07592689397439073 0.8889002221392085 0.08148252036276075 0.843529273300853 0.12037190508135115 0.844455211032248 0.11419898687205111 0.8898261598706035
2 0.07654418579532073 0.933345233246169 0.08333439582555081 0.8861224089450236 0.12098919690228116 0.8879742844078136 0.11481627869298112 0.935197108708959
2 0.06172918209300059 0.9805680575473144 0.06790210030230065 0.9342711709775641 0.10679148502089103 0.9370489841717491 0.10185315045345099 0.9824199330101046
2 0.17284170986040165 0.9824199330101044 0.17839733624877174 0.938900859634539 0.20987921911620205 0.941678672828724 0.20555817636969198 0.9851977462042893
2 0.1783973362487717 0.937048984171749 0.1839529626371418 0.8907520976019985 0.210496510937132 0.8916780353333934 0.21420026186271204 0.9101967899612936 0.21111380275806207 0.9379749219031439
2 0.18271837899528173 0.8898261598706035 0.18827400538365183 0.8490848996892232 0.22284234735573213 0.8490848996892231 0.2179040127882921 0.8935299107961835
2 0.1876567135627218 0.844455211032248 0.19197775630923186 0.7972323867311026 0.21790401278829205 0.7981583244624977 0.21358297004178203 0.845381148763643
2 0.19321233995109183 0.7972323867311026 0.1993852581603919 0.7555651888183272 0.22654609828131217 0.7583430020125123 0.2222250555348021 0.8000101999252878 0.19382963177202184 0.7972323867311026
2 0.056790847525560545 0.7083423645171818 0.06358105755579059 0.6676011043358014 0.09938398316973096 0.6703789175299865 0.09506294042322092 0.7101942399799718
2 0.09691481588601095 0.7092683022485767 0.10247044227438096 0.6666751666044064 0.13950795153018133 0.6685270420671965 0.13395232514181127 0.7101942399799719 0.09814939952787094 0.7101942399799717
2 0.0635810575557906 0.6676011043358014 0.06851939212323066 0.6250079686916309 0.11605086233484112 0.628711719617211 0.10987794412554107 0.6703789175299865
2 0.11111252776740106 0.6685270420671965 0.1166681541557711 0.626859844154421 0.15555753887436147 0.6268598441544211 0.1506192043069214 0.6703789175299865
2 0.07098855940695067 0.6259339064230259 0.07901335307904074 0.5851926462416457 0.11605086233484113 0.5870445217044358 0.10864336048368105 0.629637657348606
2 0.10926065230461106 0.628711719617211 0.1166681541557711 0.5870445217044358 0.15247107976971147 0.5870445217044358 0.14876732884413144 0.627785781885816
2 0.08024793672090076 0.5870445217044357 0.08580356310927081 0.5490810747172403 0.13086586603716127 0.5481551369858452 0.12407565600693118 0.5879704594358308
2 0.12345836418600116 0.5861185839730406 0.13148315785809125 0.5481551369858453 0.1641996243673816 0.5490810747172402 0.1592612897999415 0.5888963971672256
2 0.09135918949764088 0.5500070124486353 0.09814939952787094 0.5120435654614399 0.13395232514181127 0.512969503192835 0.1265448232906512 0.5509329501800302
2 0.1265448232906512 0.5509329501800303 0.13333503332088129 0.5120435654614399 0.1672860834720316 0.51574731638702 0.16173045708366154 0.5518588879114252
2 0.2024717172650419 0.7120461154427619 0.20679276001155195 0.6713048552613814 0.23457089195340228 0.6713048552613814 0.23148443284875225 0.7148239286369468
2 0.20741005183248196 0.6731567307241715 0.210496510937132 0.632415470542791 0.23765735105805233 0.6361192214683711 0.23333630831154226 0.6713048552613815
2 0.210496510937132 0.632415470542791 0.2154348455045721 0.5935260858242006 0.24506485290921232 0.5953779612869906 0.24012651834177232 0.6370451591997661
2 0.21420026186271204 0.5953779612869906 0.21790401278829205 0.5546367011056104 0.24815131201386237 0.5583404520311904 0.24506485290921232 0.5990817122125709
2 0.21913859643015207 0.5564885765684003 0.22407693099759213 0.52130294277539 0.25494152204409243 0.5231548182381801 0.2500031874766524 0.5592663897625854