2 0.40480510831806515 0.33796344850302285 0.4603813198496734 0.3390899933313663 0.46263440950636014 0.4202012209720917 0.40856025774587645 0.4213277658004351
2 0.46188337962079795 0.42132776580043513 0.4596302899641111 0.33908999333136625 0.517459591152406 0.33571035884633604 0.5167085612668438 0.4202012209720917
2 0.5167085612668438 0.4224543106287786 0.5167085612668437 0.335710358846336 0.5707827130273275 0.33571035884633604 0.5700316831417652 0.417948131315405
2 0.4108133474025633 0.5001859037844738 0.4093112876314388 0.4213277658004351 0.4633854393919224 0.4202012209720917 0.4641364692774847 0.497932814127787
2 0.4633854393919225 0.49680626929944355 0.4641364692774846 0.4179481313154049 0.5182106210379683 0.417948131315405 0.5189616509235306 0.49680626929944355
2 0.5189616509235306 0.49567972447110015 0.5197126808090929 0.4168215864870615 0.5700316831417652 0.4156950416587181 0.5707827130273274 0.49455317964275675
2 0.8907214442768557 0.24108059326548964 0.8989827730180409 0.14307119319961303 0.9447955960373395 0.1441977380279564 0.9335301477539055 0.24108059326548964
2 0.9327791178683432 0.24108059326548964 0.9440445661517772 0.14419773802795643 0.9876042995143889 0.14645082768464326 0.9748367914598305 0.23995404843714624
2 0.9755878213453926 0.2399540484371462 0.9883553293999512 0.143071193199613 1 0.1441977380279564 0.9996207776833854 0.23882750360880278
1 0.4025520186613784 0.6894454349461666 0.40104995889025374 0.6286120142156225 0.440103512939492 0.6286120142156225 0.440103512939492 0.6883188901178232
1 0.4393524830539297 0.6894454349461666 0.440103512939492 0.6297385590439659 0.4784060371031679 0.6297385590439659 0.4784060371031679 0.6871923452894798
1 0.4776550072176056 0.6883188901178232 0.4776550072176056 0.6263589245589357 0.5167085612668438 0.6297385590439659 0.517459591152406 0.684939255632793
1 0.5167085612668438 0.684939255632793 0.5167085612668438 0.6286120142156225 0.5550110854305199 0.6308651038723094 0.5580152049727688 0.6860658004611364
1 0.5565131452016443 0.6894454349461666 0.5557621153160821 0.6308651038723094 0.6113383268476902 0.6319916487006529 0.6075831774198789 0.6883188901178233
1 0.4055561382036274 0.7446461315349935 0.4033030485469405 0.6883188901178231 0.4558751405362997 0.6883188901178231 0.45737720030742424 0.745772676363337
1 0.4558751405362997 0.7446461315349936 0.45512411065073743 0.6860658004611363 0.4941776646999756 0.6871923452894797 0.49567972447110015 0.7435195867066501
1 0.49567972447110015 0.7446461315349936 0.49643075435666245 0.6838127108044494 0.5347332785203384 0.6860658004611364 0.5332312187492139 0.7435195867066502
1 0.5339822486347762 0.7457726763633371 0.5332312187492139 0.6838127108044495 0.5707827130273274 0.6883188901178231 0.5715337429128897 0.7412664970499634
1 0.5700316831417652 0.7423930418783069 0.5707827130273274 0.6860658004611364 0.6083342073054411 0.69057197977451 0.6083342073054411 0.745772676363337
1 0.40405407843250285 0.8020999177805076 0.4025520186613784 0.7423930418783069 0.44160557271061657 0.7457726763633371 0.4393524830539297 0.8020999177805076
1 0.440103512939492 0.8043530074371944 0.4393524830539297 0.7423930418783068 0.4769039773320433 0.7423930418783069 0.4784060371031679 0.8020999177805076 0.43860145316836746 0.803226462608851
1 0.4776550072176056 0.7998468281238208 0.47615294744648107 0.7446461315349936 0.5144554716101571 0.7435195867066502 0.5152065014957192 0.7964671936387905
1 0.5152065014957192 0.7998468281238208 0.514455471610157 0.7412664970499635 0.5535090256593952 0.7412664970499635 0.5527579957738329 0.797593738467134
1 0.5520069658882707 0.7998468281238208 0.5527579957738329 0.7390134073932767 0.6060811176487544 0.7390134073932767 0.602325968220943 0.797593738467134
1 0.40480510831806515 0.8550475247126478 0.4025520186613784 0.7998468281238208 0.45512411065073743 0.8009733729521642 0.4558751405362997 0.8516678902276177 0.4055561382036274 0.8516678902276177
1 0.4558751405362997 0.8516678902276176 0.4558751405362997 0.7987202832954773 0.4934266348144134 0.7987202832954773 0.49117354515772654 0.852794435055961
1 0.4904225152721643 0.8505413453992743 0.4926756049288511 0.7975937384671338 0.5294760693214025 0.7975937384671338 0.5294760693214025 0.8494148005709307
1 0.5294760693214025 0.8494148005709308 0.5302270992069648 0.7975937384671338 0.5677785934850783 0.795340648810447 0.5670275635995161 0.8460351660859006
1 0.5662765337139539 0.8460351660859006 0.5685296233706407 0.7964671936387905 0.602325968220943 0.7953406488104472 0.6000728785642561 0.8482882557425874 0.5692806532562029 0.8460351660859006
0 0.9144922793725905 0.5451541950743534 0.927538704553857 0.41003050569694954 1 0.4081667306710543 0.9996046722218057 0.47153508155149193 0.9921495721182249 0.5414266450225629
0 0.8970970457975682 0.6821416594776523 0.9144922793725903 0.5526092951779341 0.9940133471441199 0.5516774076649866 0.9741330802012375 0.6802778844517571
0 0.9759968552271326 0.675618446887019 0.9952558638280503 0.550745520152039 1 0.550745520152039 0.9996046722218057 0.675618446887019
0 0.8821868455904065 0.7995594861090516 0.8958545291136382 0.6821416594776523 0.9735118218592725 0.6812097719647048 0.9530102965744249 0.795831936057261
0 0.9542528132583551 0.7921043860054706 0.9753755968851678 0.6765503343999666 1 0.6765503343999666 0.9996046722218057 0.7893087234666277
0 0.8511239284921527 0.9691630134655168 0.8654128703573494 0.8722467121189652 0.8728679704609305 0.8834293622743367 0.9374788380252981 0.8797018122225463 0.9231898961601015 0.9626398008748839
0 0.9231898961601015 0.9635716883878314 0.936236321341368 0.8806336997354938 1 0.882497474761389 0.9996046722218057 0.9607760258489884
0 0.8455326034144671 1 0.8486388951242924 0.9719586760043598 0.9238111545020665 0.9719586760043598 0.9175985710824156 1
0 0.918841087766346 1 0.9250536711859967 0.9728905635173074 0.9219473794761712 0.964503575900779 1 0.9607760258489884 1 1