2 0.48885233918128657 0.24259868421052633 0.4888523391812866 0.1384320175438597 0.5372807017543859 0.13843201754385967 0.5345394736842105 0.2371162280701755
2 0.533625730994152 0.23848684210526316 0.5363669590643275 0.13706140350877197 0.584795321637427 0.13706140350877194 0.5793128654970761 0.23985745614035087
2 0.581140350877193 0.2412280701754386 0.5838815789473685 0.13706140350877194 0.6615497076023393 0.13706140350877194 0.6578947368421053 0.23574561403508773
2 0.045687134502924 0.4454495614035088 0 0.44682017543859653 0 0.35635964912280704 0.032894736842105296 0.35498903508771934
2 0.05939327485380119 0.5304276315789473 0.012792397660818739 0.5331688596491229 0 0.4468201754385965 0.048428362573099445 0.44544956140350883
2 0.047514619883040954 0.44956140350877194 0.03106725146198831 0.3563596491228071 0.09777046783625735 0.35361842105263164 0.10782163742690058 0.44270833333333337
2 0.06030701754385967 0.5345394736842105 0.04751461988304093 0.4468201754385966 0.1087353801169591 0.4413377192982457 0.1215277777777778 0.5276864035087719
1 0.10873538011695909 0.7483552631578947 0.09959795321637427 0.6811951754385965 0.0356359649122807 0.6866776315789473 0.04477339181286551 0.7483552631578947
1 0.07858187134502927 0.8045504385964912 0.07035818713450294 0.7483552631578947 0.11330409356725148 0.7428728070175439 0.11970029239766083 0.8031798245614035
1 0.12335526315789476 0.8621162280701754 0.1160453216374269 0.8031798245614035 0.05756578947368419 0.8100328947368421 0.066703216374269 0.8675986842105263
1 0.09320175438596494 0.9183114035087719 0.08406432748538013 0.8621162280701755 0.12518274853801173 0.8593750000000001 0.12975146198830412 0.9141995614035089
0 0.16447368421052633 0.6030701754385965 0.14345760233918128 0.4468201754385965 0.2512792397660819 0.43859649122807026 0.26224415204678364 0.5934758771929824
0 0.2631578947368421 0.5948464912280702 0.25219298245614036 0.44270833333333326 0.39473684210526316 0.43585526315789475 0.3974780701754387 0.5825109649122808
0 0.39747807017543857 0.5742872807017544 0.3974780701754387 0.4317434210526315 0.5299707602339182 0.4317434210526316 0.5254020467836258 0.5729166666666667
0 0.15807748538011698 0.7579495614035088 0.14345760233918134 0.6112938596491229 0.24762426900584794 0.6058114035087719 0.25493421052631576 0.7538377192982456
0 0.25858918128654973 0.7456140350877193 0.2503654970760234 0.6003289473684211 0.3919956140350877 0.5934758771929824 0.3956505847953216 0.7346491228070177
0 0.3956505847953216 0.7264254385964912 0.39290935672514626 0.5879934210526317 0.5244883040935673 0.5852521929824562 0.5217470760233919 0.7168311403508774
0 0.17086988304093573 0.8908991228070177 0.15442251461988304 0.7552083333333335 0.2567616959064328 0.752467105263158 0.26407163742690065 0.8771929824561405
0 0.2595029239766082 0.7483552631578949 0.3919956140350878 0.737390350877193 0.3965643274853801 0.8621162280701754 0.26681286549707606 0.8730811403508771
0 0.3956505847953216 0.8621162280701754 0.3947368421052632 0.7291666666666667 0.5208333333333334 0.7223135964912282 0.518092105263158 0.845668859649123
0 0.17543859649122814 0.9854714912280702 0.26315789473684215 0.9745065789473686 0.2658991228070176 1 0.18092105263157898 1 0.17635233918128662 0.9895833333333334
0 0.2640716374269006 0.9799890350877193 0.3892543859649123 0.9608004385964913 0.3919956140350877 1 0.2677266081871345 1
0 0.3956505847953216 0.9676535087719298 0.5107821637426901 0.9539473684210528 0.5080409356725147 1 0.3965643274853802 1
0 0.6204312865497076 0.5989583333333334 0.6186038011695907 0.44819078947368435 0.6935307017543861 0.4468201754385965 0.6917032163742691 0.5934758771929824
0 0.6935307017543859 0.5948464912280702 0.6944444444444445 0.45093201754385975 0.7693713450292398 0.4468201754385966 0.7648026315789473 0.5879934210526315
0 0.7648026315789473 0.5879934210526315 0.7693713450292398 0.4427083333333335 0.8424707602339181 0.4399671052631579 0.8351608187134505 0.5838815789473685
0 0.8351608187134505 0.5838815789473686 0.8415570175438597 0.43859649122807026 0.912828947368421 0.4331140350877193 0.9036915204678364 0.5797697368421053
0 0.9036915204678363 0.5783991228070177 0.9137426900584797 0.4344846491228071 0.9804459064327485 0.4221491228070176 0.9685672514619883 0.5688048245614035
0 0.6149488304093568 0.7360197368421053 0.6149488304093568 0.5948464912280702 0.6871345029239766 0.5879934210526317 0.6825657894736844 0.7346491228070177
0 0.6834795321637427 0.7346491228070176 0.6880482456140352 0.5907346491228072 0.7593201754385965 0.5852521929824561 0.7510964912280703 0.7250548245614035
0 0.7510964912280703 0.7264254385964913 0.7565789473684212 0.586622807017544 0.8305921052631581 0.5852521929824562 0.8177997076023392 0.7195723684210527
0 0.8196271929824561 0.7182017543859649 0.8278508771929827 0.5825109649122807 0.899122807017544 0.5783991228070177 0.8835891812865497 0.7140899122807018
0 0.8863304093567254 0.7058662280701755 0.8972953216374269 0.5770285087719299 0.9658260233918129 0.571546052631579 0.9502923976608187 0.7044956140350879
0 0.6140350877192984 0.8621162280701755 0.6158625730994153 0.7373903508771931 0.6789108187134503 0.7346491228070176 0.676169590643275 0.859375
0 0.6770833333333334 0.8580043859649122 0.6816520467836257 0.7346491228070177 0.7492690058479532 0.7291666666666667 0.7419590643274854 0.8497807017543861
0 0.7437865497076024 0.8484100877192983 0.7520102339181286 0.7264254385964912 0.8177997076023392 0.7168311403508774 0.81140350877193 0.8442982456140352
0 0.8104897660818714 0.8456688596491229 0.8177997076023392 0.7154605263157895 0.8845029239766082 0.7127192982456142 0.8726242690058481 0.8360745614035089
0 0.8735380116959064 0.834703947368421 0.8854166666666669 0.7099780701754387 0.9493786549707603 0.7044956140350879 0.9347587719298247 0.830592105263158
0 0.6186038011695907 1 0.6195175438596492 0.9333881578947367 0.6816520467836257 0.9265350877192982 0.6789108187134503 1
0 0.6789108187134505 0.9991776315789473 0.6816520467836258 0.9279057017543861 0.7483552631578948 0.9224232456140352 0.7401315789473685 1
0 0.7419590643274854 1 0.7483552631578947 0.9224232456140351 0.8104897660818714 0.9141995614035087 0.8031798245614037 1
0 0.804093567251462 0.9991776315789473 0.8104897660818714 0.9128289473684211 0.8726242690058481 0.908717105263158 0.8634868421052633 1
0 0.8616593567251462 1 0.8717105263157896 0.9059758771929824 0.9301900584795322 0.9004934210526315 0.9164839181286549 1