2 0.2694716218290603 0.9660023447726775 0.2748135702794161 0.8912150664676962 0.3228911063326185 0.8938860406928738 0.3175491578822626 0.9695636437395815
2 0.3211104568491665 0.9668926695144036 0.32585885547170507 0.893886040692874 0.3935235358428788 0.8983376644015038 0.39114933653160955 0.9695636437395814
2 0.3923364361872441 0.9695636437395814 0.3953041853263307 0.897447339659778 0.4617817660418698 0.9010086386266817 0.46118821621405254 0.9731249427064853
2 0.2748135702794161 0.8903247417259701 0.28134261838540653 0.8119761644540846 0.3282330547829743 0.8164277881627146 0.3222975565048012 0.893886040692874
2 0.32407820598825304 0.895666690176326 0.32882660461079166 0.8155374634209885 0.39589773515414806 0.8208794118713444 0.39233643618724423 0.8983376644015038
2 0.3935235358428788 0.8983376644015039 0.39649128498196534 0.8208794118713444 0.4635624155253217 0.8235503860965223 0.46118821621405254 0.9018989633684077
2 0.28252971804104116 0.8137568139375366 0.2890587661470316 0.7380792108908292 0.33298145340551283 0.7407501851160072 0.3288266046107916 0.8155374634209887
2 0.3347621028889648 0.7407501851160071 0.4006461337766865 0.743421159341185 0.39649128498196534 0.8208794118713444 0.3288266046107916 0.8190987623878925
2 0.39649128498196534 0.8217697366130704 0.4006461337766865 0.7443114840829109 0.4641559653531391 0.7496534325332668 0.46296886569750445 0.8244407108382482
2 0.3027104121868298 0.6926726490628048 0.3092394602928203 0.6250079686916309 0.3513814980678496 0.6285692676585349 0.34782019910094564 0.6980145975131605
2 0.30864591046500295 0.6267886181750829 0.31220720943190683 0.5591239378039092 0.35553634686257074 0.564465886254265 0.3513814980678495 0.6285692676585349
2 0.3151749585709934 0.5591239378039092 0.3211104568491665 0.4994721801082692 0.3620653949685611 0.5065947780420769 0.356129896690388 0.566246535737717
2 0.3573169963460227 0.566246535737717 0.3626589447963785 0.5021431543334471 0.42023327809465777 0.5092657522672549 0.4178590787833886 0.5733691336715246
2 0.35256859772348415 0.6356918655923426 0.3561298966903881 0.5662465357377169 0.41667197912775394 0.5733691336715246 0.41370422998866746 0.6401434893009726
2 0.34960084858439755 0.6980145975131606 0.35256859772348415 0.6348015408506167 0.41489132964430214 0.6392531645592466 0.4125171303330328 0.7015758964800644
2 0.4142977798164847 0.7024662212217904 0.41667197912775394 0.6374725150757946 0.4766205117373027 0.6428144635261503 0.4766205117373027 0.7042468707052424
2 0.41489132964430203 0.6410338140426984 0.4178590787833886 0.5689175099628949 0.4784011612207546 0.5760401078967026 0.47543341208166806 0.6437047882678764
2 0.4178590787833886 0.5724788089297987 0.42023327809465794 0.5065947780420771 0.4778076113929372 0.5146077007176107 0.47721406156512 0.5769304326384286