0 0.625 0.6195175438596491 0.6313961988304094 0.45778508771929827 0.7273391812865498 0.45778508771929827 0.7136330409356727 0.6140350877192983
0 0.7154605263157895 0.5975877192982456 0.7291666666666669 0.45778508771929827 0.7200292397660819 0.4454495614035089 0.8534356725146199 0.4399671052631579 0.8388157894736842 0.5893640350877194 0.716374269005848 0.596217105263158
0 0.8397295321637427 0.5893640350877193 0.85343567251462 0.43859649122807015 0.9841008771929824 0.4317434210526316 0.9658260233918129 0.5838815789473685
0 0.6058114035087719 0.7620614035087719 0.6103801169590644 0.6167763157894738 0.7456140350877195 0.611293859649123 0.7346491228070177 0.7538377192982457
0 0.7364766081871345 0.7456140350877193 0.7456140350877193 0.6099232456140351 0.7428728070175439 0.6030701754385965 0.8790204678362573 0.6085526315789475 0.8644005847953217 0.7510964912280703
0 0.8671418128654971 0.7360197368421053 0.8799342105263158 0.6071820175438597 0.8771929824561403 0.5975877192982456 0.9667397660818714 0.5934758771929826 0.9475511695906432 0.7319078947368421
0 0.6085526315789473 0.8867872807017545 0.6112938596491229 0.7606907894736843 0.699013157894737 0.7552083333333335 0.691703216374269 0.8813048245614037
0 0.6935307017543859 0.8785635964912281 0.6999269005847955 0.7538377192982457 0.8278508771929824 0.7469846491228072 0.8132309941520469 0.8703399122807018
0 0.8141447368421053 0.8730811403508771 0.8269371345029239 0.7469846491228072 0.8662280701754388 0.752467105263158 0.8662280701754388 0.7428728070175439 0.9512061403508771 0.7360197368421053 0.9320175438596491 0.8607456140350878
0 0.5893640350877193 1 0.5911915204678363 0.9429824561403509 0.5994152046783626 0.9745065789473685 0.7044956140350878 0.9635416666666666 0.7017543859649122 1
0 0.7054093567251462 1 0.7118055555555557 0.9635416666666666 0.8296783625730996 0.9553179824561402 0.8241959064327488 1
0 0.825109649122807 1 0.8305921052631579 0.9553179824561403 0.9027777777777778 0.9457236842105263 0.8945540935672515 1
2 0.2888925721952428 0.4381537344961182 0.2831147207513379 0.34956001235624373 0.34217720217792086 0.34956001235624373 0.3466710866342913 0.4371907592554674
2 0.3479550536218257 0.43911670973676903 0.3421772021779209 0.34956001235624373 0.4012396836045039 0.3466710866342914 0.40444960107333994 0.4362277840148166
2 0.40123968360450385 0.34667108663429136 0.4596601815373196 0.3428191856716881 0.4622281155123884 0.4304499325709118 0.40573356806087424 0.434301833533515
2 0.29531240713291484 0.5219325804327386 0.29017653918277725 0.4381537344961182 0.3466710866342913 0.4362277840148166 0.351806954584429 0.5180806794701354
2 0.35244893807819616 0.5180806794701354 0.348597037115593 0.43622778401481654 0.40444960107333994 0.4343018335335149 0.40701753504840865 0.5142287785075321
2 0.40894348552971027 0.5132658032668813 0.40573356806087424 0.4362277840148166 0.46094414852485405 0.43333885829286417 0.46287009900615556 0.5113398527855797
2 0.3055841430331901 0.6355636588295339 0.30109025857681965 0.5729702681872315 0.3563008390407994 0.5691183672246283 0.3588687730158683 0.6326747331075817
2 0.35951075650963543 0.6326747331075816 0.3556588555470322 0.5662294415026758 0.41086943601101206 0.5633405157807234 0.41407935347984803 0.6307487826262801
2 0.41472133697361513 0.6297858073856292 0.4121534029985464 0.5643034910213743 0.46608001647499175 0.560451590058771 0.46736398346252617 0.6249709311823752
2 0.3094360439957934 0.7068238266376939 0.30558414303319015 0.6374896093108356 0.3588687730158683 0.6336377083482325 0.36272067397847146 0.7048978761563924
2 0.36272067397847146 0.7048978761563923 0.35886877301586834 0.6326747331075817 0.414079353479848 0.6307487826262801 0.41664728745491686 0.7029719256750907
2 0.41728927094868395 0.7029719256750906 0.41343736998608077 0.6297858073856293 0.46608001647499175 0.6268968816636769 0.46736398346252606 0.6981570494718367
2 0.3171398459209998 0.8647517661044265 0.3158558789334654 0.8194919297938388 0.3845481127665564 0.8137140783499338 0.38647406324785816 0.8657147413450776
2 0.38775803023539246 0.8666777165857281 0.38519009626032363 0.817565979312537 0.42884497383649367 0.8156400288312354 0.4294869573302609 0.8618628403824743
2 0.4301289408240281 0.8608998651418234 0.43012894082402814 0.8146770535905846 0.47314183490643097 0.8137140783499338 0.4737838184001982 0.8782334194735381 0.46543803298122455 0.8782334194735381 0.4647960494874573 0.8599368899011727
2 0.0256455443563183 0.2639105436667639 0 0.26659437970405303 0 0.15745171418762863 0.01371738419058886 0.15655710217519894
2 0.02624195236460476 0.2639105436667639 0.011928160165729442 0.15655710217519891 0.06560488091151193 0.15655710217519891 0.07753304107724136 0.2639105436667639