0 0.11970029239766083 0.8374451754385965 0.10142543859649122 0.6661184210526317 0.0009137426900584795 0.6729714912280703 0.0009137426900585003 0.845668859649123
0 0.11970029239766083 0.8374451754385965 0.09959795321637431 0.6688596491228072 0.23117690058479531 0.664747807017544 0.2448830409356726 0.8292214912280703
0 0.24305555555555555 0.8264802631578947 0.23026315789473684 0.6606359649122808 0.3618421052631579 0.6551535087719298 0.3682383040935672 0.8196271929824562
0 0.014619883040935693 0.9991776315789473 2.077610338479825e-17 0.9114583333333334 0 0.8511513157894738 0.1169590643274854 0.8442982456140352 0.13614766081871346 0.9936951754385966
0 0.13614766081871346 0.9895833333333335 0.11695906432748537 0.8415570175438597 0.24305555555555564 0.8333333333333334 0.2549342105263159 0.9854714912280703
0 0.25493421052631576 0.9786184210526315 0.24122807017543862 0.8251096491228072 0.3654970760233918 0.8223684210526317 0.3718932748538012 0.9731359649122807
0 0.48245614035087725 0.9553179824561403 0.4778874269005848 0.8484100877192984 0.5436769005847953 0.8497807017543861 0.5418494152046783 0.9539473684210528
0 0.5455043859649122 0.952576754385965 0.5445906432748538 0.8497807017543859 0.6807383040935673 0.8497807017543861 0.676169590643275 0.9498355263157896
0 0.6789108187134503 0.9470942982456141 0.6834795321637428 0.845668859649123 0.8132309941520468 0.840186403508772 0.805921052631579 0.9443530701754386
0 0.4760599415204678 0.8415570175438597 0.4760599415204678 0.7305372807017545 0.6140350877192984 0.7305372807017545 0.6122076023391814 0.8415570175438597
0 0.6131213450292398 0.8429276315789473 0.6140350877192984 0.7332785087719299 0.7510964912280702 0.7291666666666667 0.7456140350877193 0.8374451754385966
0 0.7465277777777778 0.8429276315789473 0.7520102339181288 0.7305372807017545 0.8177997076023392 0.7291666666666666 0.8095760233918129 0.8374451754385966
0 0.4778874269005848 0.7332785087719298 0.47605994152046793 0.6099232456140352 0.5445906432748538 0.6126644736842105 0.5427631578947368 0.7319078947368421
0 0.5436769005847953 0.7319078947368421 0.5445906432748538 0.6154057017543859 0.6871345029239766 0.6099232456140351 0.6834795321637427 0.7277960526315791
0 0.6834795321637427 0.7305372807017544 0.6871345029239766 0.6126644736842105 0.8241959064327488 0.6044407894736842 0.8159722222222224 0.7209429824561405