0 0.15076754385964913 0.6167763157894737 0.13614766081871346 0.4605263157894737 0 0.4605263157894738 3.1164155077197375e-17 0.48656798245614047 0.015533625730994182 0.6167763157894738
0 0.15533625730994155 0.6099232456140351 0.14437134502923982 0.4536732456140351 0.2823464912280702 0.4550438596491229 0.29239766081871343 0.6099232456140352
0 0.29331140350877194 0.6167763157894737 0.28417397660818716 0.46189692982456154 0.3855994152046784 0.4605263157894738 0.3883406432748538 0.6154057017543859
0 0.034722222222222245 0.7689144736842105 0.015533625730994151 0.6263706140350879 0.15533625730994152 0.6222587719298247 0.17086988304093573 0.7606907894736843
0 0.17178362573099418 0.7579495614035088 0.1599049707602339 0.6126644736842106 0.2978801169590643 0.6126644736842105 0.30610380116959063 0.752467105263158
0 0.3079312865497076 0.7634320175438597 0.29788011695906436 0.6181469298245614 0.39473684210526316 0.6126644736842105 0.3974780701754387 0.756578947368421
0 0.05847953216374271 0.9004934210526317 0.0411184210526316 0.7620614035087719 0.17543859649122806 0.7579495614035089 0.18823099415204678 0.8895285087719298
0 0.18823099415204678 0.8881578947368421 0.17543859649122806 0.7552083333333335 0.30610380116959063 0.7497258771929826 0.31067251461988304 0.7606907894736843 0.3170687134502924 0.8813048245614037
0 0.31798245614035087 0.8813048245614037 0.3106725146198831 0.7593201754385966 0.40113304093567254 0.7538377192982456 0.4057017543859649 0.8771929824561403
0 0.08132309941520467 0.9827302631578949 0.20559210526315788 0.9745065789473686 0.20833333333333334 1 0.08406432748538016 1
0 0.20467836257309946 0.9731359649122808 0.32620614035087725 0.9676535087719299 0.32986111111111116 1 0.20833333333333337 1
0 0.3271198830409357 0.9690241228070176 0.41118421052631576 0.9621710526315791 0.4130116959064328 1 0.3289473684210527 1
0 0.5062134502923976 0.962171052631579 0.6259137426900586 0.9539473684210527 0.6231725146198831 1 0.5071271929824562 1
0 0.6259137426900585 0.9553179824561403 0.7465277777777778 0.942982456140351 0.7437865497076024 1 0.6231725146198832 1
0 0.7465277777777778 0.9429824561403509 0.8351608187134503 0.9361293859649124 0.828764619883041 1 0.7437865497076024 1
0 0.49707602339181284 0.8730811403508771 0.49707602339181295 0.742872807017544 0.5857090643274855 0.7332785087719298 0.5838815789473685 0.8689692982456142
0 0.5838815789473685 0.8689692982456141 0.584795321637427 0.7332785087719299 0.7108918128654971 0.7223135964912282 0.7026681286549707 0.8566337719298247
0 0.7026681286549707 0.8538925438596491 0.7099780701754386 0.7223135964912282 0.8333333333333334 0.7113486842105264 0.8241959064327485 0.8374451754385966
0 0.4961622807017544 0.7428728070175439 0.49616228070175444 0.6044407894736842 0.5893640350877193 0.5989583333333335 0.5847953216374269 0.7332785087719298
0 0.5857090643274854 0.7332785087719298 0.5884502923976609 0.5948464912280702 0.7182017543859649 0.5852521929824561 0.7090643274853801 0.7223135964912281
0 0.7099780701754386 0.7250548245614035 0.7172880116959064 0.5852521929824561 0.8442982456140352 0.5756578947368423 0.8333333333333334 0.7127192982456141
0 0.4961622807017544 0.6058114035087719 0.4943347953216375 0.45230263157894746 0.5911915204678363 0.4454495614035088 0.5893640350877193 0.6030701754385965
0 0.5884502923976608 0.6016995614035088 0.5921052631578947 0.44544956140350883 0.7255116959064327 0.4399671052631579 0.7191154970760234 0.5893640350877193
0 0.7172880116959064 0.5893640350877193 0.7245979532163744 0.4413377192982457 0.8570906432748538 0.4303728070175439 0.8452119883040936 0.5797697368421053
0 0.9576023391812866 0.9224232456140351 0.9804459064327485 0.7785087719298247 1 0.7785087719298247 0.9996345029239768 0.9210526315789475
0 0.9731359649122807 0.7675438596491229 0.9959795321637429 0.6140350877192983 0.9978070175438597 0.6140350877192984 0.9978070175438597 0.7689144736842106