0 0.7245979532163743 0.9320175438596493 0.7273391812865498 0.8580043859649124 0.8123172514619883 0.8662280701754386 0.8031798245614035 0.9443530701754386
0 0.062134502923976626 0.8854166666666666 0.047514619883040954 0.786732456140351 0 0.7881030701754386 0 0.8826754385964912
0 0.04203216374269008 0.7881030701754386 0.025584795321637446 0.6811951754385966 0 0.6825657894736843 0.0009137426900585107 0.786732456140351
0 0.029239766081871364 0.6811951754385965 0.015533625730994172 0.5660635964912282 0 0.5660635964912281 0 0.6798245614035088
0 0.21929824561403508 0.9292763157894737 0.3125 0.9443530701754387 0.31432748538011707 1 0.22752192982456146 1
0 0.31067251461988304 0.9402412280701754 0.40478801169590645 0.952576754385965 0.40661549707602357 1 0.3170687134502924 1
0 0.40752923976608185 0.9429824561403509 0.5464181286549707 0.9566885964912282 0.5445906432748538 1 0.4084429824561404 1
2 0.3747639128955742 0.33683690367467944 0.4303401244271824 0.33571035884633604 0.43409527385499375 0.42470740028546533 0.3785190623233856 0.4213277658004351
2 0.43409527385499375 0.4247074002854654 0.43184218419830694 0.3345838140179927 0.48741839572991524 0.335710358846336 0.4889204555010398 0.42358085545712193
2 0.489671485386602 0.4269604899421522 0.4874183957299152 0.33796344850302285 0.5452476969182102 0.33571035884633604 0.547500786574897 0.42132776580043513
2 0.3852783312934461 0.5024389934411606 0.38152318186563466 0.4224543106287786 0.43409527385499375 0.4247074002854654 0.4363483635116807 0.5024389934411606
2 0.43785042328280516 0.5024389934411606 0.43484630374055605 0.4247074002854655 0.49042251527216435 0.4247074002854654 0.49117354515772654 0.5013124486128172
2 0.49267560492885104 0.5024389934411606 0.489671485386602 0.4247074002854655 0.5467497566893347 0.42132776580043513 0.5467497566893347 0.5013124486128172
2 0.3905355404923819 0.6083342073054411 0.38903348072125743 0.547500786574897 0.4401035129394919 0.5486273314032405 0.4408545428250542 0.6094607521337846
2 0.4386014531683675 0.547500786574897 0.49267560492885104 0.5486273314032405 0.4934266348144133 0.610587296962128 0.44160557271061646 0.6094607521337846
2 0.4941776646999756 0.6128403866188148 0.4934266348144134 0.5486273314032405 0.5459987268037725 0.5486273314032405 0.5459987268037725 0.6117138417904714
2 0.3957927496913179 0.6748003521777023 0.3927886301490688 0.6072076624770977 0.4423566025961788 0.610587296962128 0.44536072213842787 0.6748003521777023
2 0.4438586623673033 0.6770534418343892 0.44160557271061646 0.6094607521337846 0.49567972447110015 0.6128403866188148 0.49567972447110015 0.6770534418343892
2 0.49567972447110015 0.6781799866627326 0.49567972447110015 0.6139669314471583 0.5467497566893347 0.6139669314471583 0.547500786574897 0.6804330763194193
2 0.585803310738573 0.6916985246028535 0.5865543406241351 0.6162200211038451 0.6331181935289962 0.6173465659321884 0.6301140739867471 0.696204703916227
2 0.6308651038723093 0.6962047039162269 0.6323671636434338 0.6195996555888752 0.6789310165482947 0.6207262004172186 0.6744248372349212 0.6950781590878836
2 0.676677926891608 0.6939516142595403 0.6789310165482947 0.6207262004172186 0.751029885562273 0.6173465659321884 0.7472747361344616 0.6973312487445704
2 0.5865543406241351 0.6173465659321884 0.5880564003952597 0.5351087934631195 0.6353712831856829 0.5328557038064328 0.6323671636434338 0.6195996555888752
2 0.6331181935289961 0.6184731107605317 0.6361223130712452 0.5328557038064328 0.684939255632793 0.5328557038064328 0.679682046433857 0.621852745245562
2 0.6804330763194193 0.621852745245562 0.6849392556327929 0.5317291589780893 0.7577891545323333 0.5351087934631195 0.7517809154478351 0.6195996555888752
2 0.5948156693653202 0.5035655382695041 0.6000728785642562 0.40780922786031426 0.6473877613546792 0.4100623175170012 0.6436326119268679 0.49905935895613046
2 0.6436326119268679 0.497932814127787 0.6481387912402417 0.40893577268865766 0.6984577935729139 0.41118886234534446 0.6909474947172911 0.5013124486128173
2 0.6901964648317288 0.5013124486128172 0.6984577935729139 0.41118886234534446 0.7758138717858281 0.4100623175170012 0.7698056327013298 0.49793281412778706
2 0.6008239084498184 0.4100623175170011 0.602325968220943 0.30979982779443765 0.6548980602103022 0.31205291745112446 0.6496408510113661 0.41118886234534446
2 0.6496408510113661 0.4100623175170011 0.654898060210302 0.3097998277944376 0.7059680924285366 0.30867328296609425 0.7014619131151629 0.41118886234534446
2 0.7007108832296007 0.410062317517001 0.7059680924285366 0.31092637262278106 0.7863282901837 0.3097998277944376 0.7773159315569527 0.41231540717368786