0 0.09777046783625733 0.8470394736842105 0.07584064327485385 0.6784539473684211 0.20924707602339182 0.674342105263158 0.2238669590643275 0.8388157894736842
0 0.22203947368421054 0.8374451754385965 0.20833333333333334 0.6716008771929826 0.3380847953216375 0.6674890350877194 0.3444809941520468 0.8292214912280703
0 0.3444809941520468 0.8264802631578947 0.3380847953216375 0.659265350877193 0.4614400584795322 0.6524122807017544 0.46326754385964913 0.8141447368421054
0 0.11787280701754388 0.9950657894736842 0.09959795321637427 0.8429276315789475 0.22478070175438597 0.8360745614035089 0.2366593567251463 0.9854714912280703
0 0.2366593567251462 0.9854714912280702 0.22478070175438597 0.8333333333333335 0.3463084795321637 0.8278508771929826 0.3545321637426901 0.977247807017544
0 0.35453216374269014 0.9731359649122808 0.3463084795321638 0.8251096491228072 0.4641812865497076 0.8155153508771931 0.4669225146198831 0.9608004385964912
0 0.5354532163742691 0.8086622807017544 0.5345394736842106 0.649671052631579 0.6514985380116959 0.640076754385965 0.6451023391812867 0.7990679824561405 0.5354532163742691 0.8045504385964913
0 0.6505847953216374 0.8114035087719298 0.6588084795321637 0.6524122807017544 0.7721125730994152 0.6359649122807018 0.7611476608187134 0.796326754385965
0 0.7611476608187134 0.7935855263157895 0.7711988304093568 0.6345942982456141 0.8808479532163743 0.6208881578947368 0.8644005847953217 0.7757675438596493
0 0.5299707602339181 0.9566885964912281 0.5327119883040936 0.8127741228070177 0.6432748538011697 0.8004385964912282 0.6368786549707603 0.9416118421052633
0 0.6423611111111112 0.9608004385964912 0.647843567251462 0.8086622807017545 0.7574926900584795 0.796326754385965 0.7474415204678363 0.9402412280701755
0 0.7492690058479532 0.9333881578947368 0.7584064327485381 0.7922149122807017 0.8625730994152047 0.7757675438596493 0.8461257309941522 0.9210526315789475
2 0.23955742466622054 0.24684830280823594 0.23400246989135168 0.17498107540836977 0.299273188496061 0.17289796736779398 0.30413377392407137 0.24788985682852385
2 0.3034394045772127 0.24684830280823594 0.2992731884960611 0.17289796736779395 0.3388522412670018 0.17393952138808189 0.34232408800129493 0.24476519476766012
2 0.34162971865443625 0.2426820867270843 0.33885224126700175 0.17185641334750604 0.3784312940379426 0.17289796736779398 0.38120877142537707 0.24476519476766012
2 0.3805144020785184 0.24476519476766012 0.37704255534422537 0.17185641334750607 0.41731597746202476 0.17393952138808189 0.41801034680888344 0.24580674878794803 0.37982003273165976 0.2447651947676601
2 0.2444180100942308 0.320798638248678 0.24094616335993777 0.246848302808236 0.27844210809030273 0.24580674878794803 0.2812195854777372 0.3176739761878142
2 0.2812195854777372 0.31871553020810206 0.2784421080903027 0.24476519476766012 0.3173267915143849 0.24684830280823603 0.3194098995549608 0.3166324221675264
2 0.32843670106412265 0.31871553020810217 0.32635359302354694 0.24684830280823594 0.3645439071007704 0.24684830280823605 0.3659326457944877 0.3176739761878141
2 0.365238276447629 0.320798638248678 0.36593264579448764 0.24580674878794803 0.42981462570547974 0.24788985682852385 0.42981462570547974 0.31663242216752624 0.36593264579448764 0.3176739761878142
2 0.24788985682852388 0.37600100132393754 0.24511237944108943 0.31975708422839016 0.308299990005223 0.3176739761878142 0.31038309804579883 0.37287633926307373 0.24927859552224113 0.37704255534422537
2 0.3096887286989402 0.3739178932833616 0.30760562065836433 0.3176739761878143 0.3471846734293052 0.3176739761878142 0.34857341212302234 0.37287633926307373 0.30829999000522296 0.3739178932833616
2 0.35343399755103266 0.37287633926307373 0.35273962820417415 0.3187155302081022 0.3909299422813976 0.3176739761878142 0.3923186809751149 0.36975167720220997
2 0.3916243116282563 0.3707932312224979 0.39092994228139766 0.3176739761878142 0.42842588701176265 0.3176739761878142 0.4284258870117626 0.36975167720220997 0.39023557293453903 0.36975167720220997
2 0.4728655252107136 0.32392330030954175 0.47217115586385505 0.24580674878794803 0.5360531357748471 0.24893141084881182 0.5339700277342713 0.3260064083501175
2 0.5346643970811299 0.32496485432982963 0.5353587664279886 0.24580674878794803 0.5985463769921221 0.24580674878794803 0.5971576382984048 0.3228817462892538
2 0.5992407463389806 0.32600640835011757 0.598546376992122 0.24580674878794803 0.6409029071504974 0.2426820867270843 0.6409029071504972 0.3176739761878142
2 0.04027342211779939 0.5364003204482765 0.02916351256806165 0.4426604586223641 0 0.4447435666629399 0 0.542649644570004
2 0.03957905277094079 0.5364003204482765 0.029857881914920257 0.4426604586223641 0.07638062815444714 0.43849424254121244 0.0874905377041849 0.5311925503468369
2 0.051383331667537155 0.6645114649436901 0.037495944730364945 0.5707716031177777 0 0.5749378191989294 0.0006943693468585969 0.6655530189639781
2 0.04999459297381994 0.6613868028828264 0.036801575383506334 0.5686884950772019 0.09235112313219516 0.5666053870366261 0.10068355529449848 0.6499297086596594 0.09096238443847796 0.6603452488625385
2 0.014581756284030845 0.7447111245058595 0.0013887386937172248 0.6665945729842658 0.049994592973819925 0.6582621408219627 0.06249324121727494 0.7415864624449958
2 0.03055225126177885 0.4416189046020762 0.02221981909947553 0.3499621508167396 0.06596508795156798 0.3489205967964517 0.07499188946072992 0.4384942425412125
2 0.16812865497076024 0.4317434210526316 0.16081871345029242 0.3344298245614036 0.12609649122807018 0.33854166666666674 0.13797514619883042 0.43859649122807026
2 0.1388888888888889 0.43585526315789475 0.16904239766081872 0.4290021929824563 0.17452485380116958 0.5043859649122807 0.16630116959064328 0.5235745614035089 0.14802631578947367 0.5249451754385965
2 0.03106725146198831 0.4399671052631579 0.02010233918128655 0.3508771929824562 0 0.35224780701754393 0 0.4481907894736843