0 0.047514619883040954 0.8826754385964912 0.07766812865497078 0.7058662280701754 0.2302631578947369 0.7127192982456141 0.21290204678362576 0.8895285087719299
0 0.21747076023391818 0.8881578947368423 0.2339181286549708 0.7168311403508774 0.3819444444444444 0.7291666666666666 0.3755482456140351 0.893640350877193
0 0.37646198830409355 0.8991228070175439 0.38925438596491235 0.7223135964912282 0.4915935672514621 0.7305372807017545 0.48245614035087725 0.8991228070175439
0 0.07858187134502927 0.7072368421052632 0.1032529239766082 0.5468750000000001 0.24488304093567256 0.5523574561403509 0.23209064327485385 0.7127192982456142
0 0.23391812865497075 0.7168311403508771 0.25127923976608185 0.5550986842105264 0.3910818713450293 0.5619517543859649 0.3828581871345029 0.7236842105263159
0 0.3855994152046784 0.7223135964912282 0.3965643274853802 0.5605811403508771 0.49707602339181295 0.5701754385964913 0.48793859649122817 0.7305372807017545
0 0.112390350877193 0.546875 0.13249269005847952 0.4057017543859649 0.26681286549707606 0.4125548245614035 0.25402046783625737 0.5550986842105264
0 0.2567616959064328 0.5550986842105263 0.2713815789473684 0.4152960526315791 0.40296052631578955 0.41940789473684215 0.39473684210526316 0.5633223684210527
0 0.39930555555555564 0.5578399122807018 0.4084429824561404 0.41255482456140347 0.5025584795321638 0.42077850877192985 0.49707602339181284 0.5660635964912281
0 0.6122076023391814 0.9046052631578949 0.6039839181286549 0.737390350877193 0.7474415204678363 0.7387609649122808 0.7648026315789473 0.9059758771929826 0.6122076023391813 0.9018640350877193
0 0.6094663742690059 0.7387609649122807 0.6003289473684211 0.5825109649122808 0.737390350877193 0.581140350877193 0.7538377192982456 0.7401315789473686
0 0.5994152046783626 0.5838815789473686 0.5884502923976609 0.4440789473684211 0.7209429824561405 0.43859649122807026 0.7355628654970762 0.5838815789473685
0 0.7401315789473685 0.5866228070175439 0.7245979532163743 0.44133771929824567 0.8525219298245614 0.4427083333333333 0.8717105263157895 0.5852521929824561
0 0.7556652046783626 0.7401315789473685 0.7401315789473685 0.5838815789473686 0.8717105263157896 0.586622807017544 0.8945540935672515 0.7387609649122808
0 0.7702850877192983 0.9059758771929824 0.7529239766081871 0.7387609649122808 0.8927266081871345 0.7401315789473685 0.918311403508772 0.9059758771929824
0 0.9247076023391813 0.9059758771929824 0.8945540935672515 0.7415021929824562 0.9941520467836257 0.742872807017544 1 0.786732456140351 0.9996345029239766 0.9073464912280702
0 0.8972953216374269 0.7415021929824562 0.8753654970760234 0.5852521929824562 0.9685672514619885 0.586622807017544 0.9950657894736842 0.7415021929824562 0.8991228070175439 0.7387609649122808
0 0.8744517543859649 0.5852521929824561 0.8552631578947371 0.4454495614035087 0.9411549707602339 0.4454495614035088 0.965826023391813 0.5838815789473686
0 0.584795321637427 0.3563596491228071 0.5793128654970761 0.24396929824561409 0.6980994152046783 0.24671052631578946 0.7099780701754388 0.3522478070175439
0 0.7118055555555556 0.3549890350877193 0.6990131578947371 0.24533991228070182 0.8177997076023392 0.2508223684210527 0.8333333333333334 0.35910087719298245
0 0.8379020467836257 0.3563596491228071 0.8168859649122807 0.24945175438596492 0.9018640350877193 0.2535635964912281 0.9210526315789473 0.3591008771929825
0 0.5820540935672515 0.2412280701754386 0.5738304093567252 0.1288377192982456 0.6880482456140352 0.13706140350877194 0.6990131578947368 0.2453399122807018
0 0.7008406432748538 0.24671052631578946 0.6871345029239767 0.13843201754385967 0.8013523391812866 0.1425438596491228 0.8187134502923976 0.25356359649122806
0 0.8187134502923976 0.2480811403508772 0.8013523391812866 0.14802631578947373 0.8781067251461988 0.15487938596491227 0.8954678362573101 0.2535635964912281 0.8214546783625731 0.2480811403508772
0 0.5729166666666666 0.13020833333333334 0.5683479532163743 0.035635964912280736 0.6770833333333334 0.03837719298245617 0.6880482456140351 0.1384320175438597
0 0.691703216374269 0.1343201754385965 0.6834795321637429 0.030153508771929856 0.7885599415204678 0.0356359649122807 0.8031798245614035 0.13843201754385964
0 0.804093567251462 0.14528508771929824 0.7913011695906434 0.046600877192982455 0.8580043859649122 0.05071271929824565 0.8790204678362573 0.14939692982456146 0.8059210526315791 0.14665570175438597