0 0.24214181286549707 0.8497807017543859 0.22752192982456146 0.7250548245614035 0.10233918128654974 0.7332785087719298 0.12061403508771935 0.8538925438596493
0 0.11878654970760236 0.8538925438596491 0.10416666666666667 0.7291666666666667 0 0.7360197368421053 0.0027412280701754905 0.8497807017543859
0 0.2275219298245614 0.7264254385964912 0.21472953216374274 0.5907346491228072 0.0831505847953217 0.5921052631578949 0.1023391812865497 0.7319078947368423
0 0.10233918128654973 0.7305372807017545 0.08223684210526318 0.5934758771929826 0 0.5989583333333334 0 0.7387609649122808
0 0.2147295321637427 0.5948464912280702 0.1982821637426901 0.4399671052631579 0.06578947368421059 0.45230263157894735 0.0849780701754386 0.5962171052631579
0 0.08406432748538013 0.5962171052631579 0.06396198830409357 0.45093201754385964 0 0.4523026315789475 3.1164155077197375e-17 0.6030701754385965
0 0.3819444444444444 0.7881030701754386 0.37737573099415206 0.630482456140351 0.49707602339181284 0.6441885964912281 0.49707602339181295 0.8018092105263159 0.3837719298245615 0.7881030701754387
0 0.49707602339181284 0.8031798245614035 0.4961622807017544 0.6441885964912282 0.6195175438596492 0.6510416666666667 0.6140350877192984 0.8100328947368421
0 0.6140350877192983 0.8072916666666666 0.6195175438596492 0.6441885964912281 0.7437865497076024 0.6510416666666667 0.7309941520467836 0.8127741228070177
0 0.38559941520467844 0.942982456140351 0.38103070175438597 0.8018092105263159 0.49616228070175444 0.8127741228070177 0.4943347953216375 0.9566885964912282
0 0.49798976608187134 0.9566885964912282 0.49707602339181295 0.8072916666666667 0.6140350877192984 0.8182565789473686 0.609466374269006 0.9621710526315791
0 0.6103801169590644 0.9580592105263159 0.6149488304093568 0.8141447368421054 0.7346491228070176 0.8251096491228072 0.7227704678362573 0.9676535087719299
0 0.8552631578947371 0.8429276315789473 0.8698830409356727 0.674342105263158 1 0.6784539473684211 0.9722222222222222 0.8456688596491229
0 0.8360745614035089 0.9936951754385966 0.8580043859649122 0.845668859649123 0.9786184210526317 0.8497807017543861 0.9521198830409356 1
0 0.9566885964912281 0.9786184210526317 0.9777046783625732 0.8497807017543859 0.9731359649122807 0.834703947368421 1 0.8374451754385966 0.9987207602339183 0.9841008771929826
2 0.6652046783625731 0.3207236842105263 0.6697733918128655 0.23711622807017543 0.716374269005848 0.23848684210526322 0.7108918128654971 0.3193530701754387
2 0.7127192982456141 0.31661184210526316 0.7172880116959066 0.23711622807017543 0.7785087719298246 0.23574561403508779 0.7739400584795322 0.3207236842105263
2 0.7739400584795322 0.31935307017543857 0.7775950292397661 0.23848684210526325 0.8424707602339181 0.23848684210526322 0.8369883040935674 0.31935307017543857
2 0.4678362573099415 0.3645833333333333 0.46875000000000006 0.30427631578947373 0.5043859649122808 0.30564692982456143 0.5034722222222223 0.35773026315789475 0.47331871345029247 0.35773026315789475
2 0.5034722222222222 0.36047149122807015 0.5043859649122807 0.3042763157894737 0.5409356725146199 0.3056469298245615 0.5400219298245614 0.36047149122807026
2 0.5391081871345029 0.35910087719298245 0.5418494152046784 0.30838815789473684 0.5756578947368421 0.30701754385964913 0.5747441520467838 0.35773026315789475
2 0.5738304093567251 0.35773026315789475 0.5765716374269007 0.3070175438596492 0.647843567251462 0.30975877192982465 0.6460160818713451 0.36321271929824567
0 0.05116959064327487 1 0.045687134502924005 0.9566885964912281 0 0.9566885964912281 0 1
0 0.13432017543859656 1 0.12883771929824567 0.9539473684210525 0.04477339181286552 0.9566885964912281 0.05025584795321637 1
0 0.13523391812865498 0.9991776315789473 0.12883771929824567 0.9525767543859649 0.2448830409356726 0.9525767543859649 0.25127923976608185 1