0 0.03380847953216377 0.31524122807017546 0.062134502923976626 0.20010964912280707 0 0.19188596491228074 0 0.3111293859649123
0 0.05939327485380117 0.19462719298245615 0.08223684210526316 0.08908991228070179 3.1164155077197375e-17 0.08086622807017549 3.1164155077197375e-17 0.190515350877193
0 0.0813230994152047 0.09046052631578949 0.09868421052631579 0.012335526315789458 0.02192982456140353 0.006853070175438596 0.0036549707602339387 0.08086622807017543 0.08223684210526319 0.09320175438596492
0 0.6460160818713452 0.8333333333333335 0.6405336257309941 0.7127192982456141 0.7383040935672515 0.7195723684210528 0.7483552631578948 0.834703947368421
0 0.7401315789473686 0.7195723684210528 0.8744517543859649 0.7264254385964912 0.8899853801169593 0.8333333333333335 0.7520102339181286 0.8347039473684211
0 0.8781067251461988 0.7236842105263158 1 0.7236842105263159 1 0.8347039473684211 0.8908991228070176 0.8333333333333335
0 0.6423611111111112 0.7140899122807017 0.6341374269005848 0.5646929824561405 0.7309941520467836 0.5701754385964912 0.7383040935672515 0.7140899122807017
0 0.7410453216374269 0.7182017543859649 0.7291666666666669 0.5688048245614035 0.8589181286549707 0.5770285087719299 0.8762792397660819 0.7264254385964913
0 0.8790204678362573 0.7264254385964912 0.8598318713450294 0.5742872807017545 0.9868421052631579 0.5783991228070177 1 0.6716008771929826 1 0.7264254385964912 0.8863304093567251 0.7264254385964912
0 0.6368786549707602 0.5660635964912281 0.6286549707602339 0.4399671052631579 0.718201754385965 0.4413377192982457 0.7309941520467838 0.5701754385964913
0 0.7309941520467836 0.5701754385964912 0.721856725146199 0.4385964912280703 0.846125730994152 0.44407894736842113 0.8589181286549707 0.581140350877193
0 0.8607456140350878 0.5756578947368421 0.8442982456140351 0.4440789473684211 0.9639985380116961 0.4468201754385966 0.9859283625730996 0.5783991228070177
0 0.6149488304093568 0.3618421052631579 0.6103801169590644 0.2617872807017544 0.7264254385964912 0.26726973684210525 0.7346491228070176 0.35773026315789475 0.6204312865497076 0.3508771929824561
0 0.7346491228070176 0.3563596491228071 0.7236842105263158 0.26315789473684215 0.8397295321637429 0.2700109649122807 0.8525219298245615 0.36047149122807015
0 0.8506944444444444 0.35910087719298245 0.8379020467836257 0.2672697368421053 0.9128289473684212 0.2727521929824562 0.9311038011695907 0.3618421052631579
0 0.6103801169590644 0.26178728070175444 0.6067251461988304 0.15625000000000003 0.7154605263157895 0.1631030701754386 0.7245979532163743 0.26589912280701755
0 0.7236842105263158 0.26726973684210525 0.7154605263157896 0.16173245614035095 0.8214546783625731 0.16584429824561406 0.8388157894736842 0.2700109649122807
0 0.8379020467836257 0.26589912280701755 0.8196271929824563 0.16173245614035095 0.8963815789473686 0.17132675438596495 0.914656432748538 0.2727521929824562
0 0.6058114035087719 0.15762061403508773 0.6012426900584795 0.0616776315789474 0.7054093567251464 0.06441885964912285 0.7154605263157895 0.16447368421052633 0.6103801169590644 0.15487938596491227
0 0.716374269005848 0.16447368421052633 0.7044956140350876 0.06578947368421058 0.8022660818713452 0.06990131578947369 0.8177997076023392 0.1631030701754386
0 0.8177997076023392 0.16721491228070176 0.8013523391812866 0.06853070175438601 0.8781067251461988 0.07949561403508772 0.8945540935672515 0.17406798245614039
1 0.2570070754448967 0.9401829272626244 0.2665038726899737 0.8128664891958106 0.3496008485843976 0.8164277881627147 0.3430718004784071 0.9419635767460763
1 0.3430718004784072 0.9428539014878023 0.3501943984122149 0.8155374634209887 0.4315107248231868 0.8199890871296185 0.42794942585628293 0.9437442262295284
1 0.42794942585628293 0.9437442262295284 0.4309171749953696 0.8199890871296185 0.5116399515785242 0.8226600613547963 0.5116399515785242 0.9481958499381582
1 0.2665038726899737 0.8146471386792626 0.27481357027941605 0.71136946863905 0.356129896690388 0.7158210923476801 0.3496008485843976 0.8173181129044403
1 0.3496008485843976 0.8182084376461665 0.35494279703475345 0.7158210923476801 0.43447847396227335 0.7184920665728578 0.43032362516755224 0.8208794118713446
1 0.4297300753397349 0.8199890871296185 0.43447847396227335 0.7193823913145838 0.5116399515785242 0.7220533655397617 0.5110464017507067 0.8226600613547963
1 0.27481357027941605 0.6348015408506167 0.2831232678688585 0.535975494519034 0.35731699634602265 0.5404271182276639 0.3513814980678496 0.6356918655923426
1 0.3513814980678496 0.6374725150757946 0.3585040960016573 0.5413174429693899 0.4315107248231867 0.5457690666780196 0.427949425856283 0.6392531645592466
1 0.42794942585628293 0.6410338140426987 0.4315107248231868 0.5439884171945678 0.503923803816899 0.5493303656449234 0.5033302539890817 0.6472660872347803
1 0.2825297180410411 0.5368658192607599 0.29083941563048354 0.4353687987039993 0.3614718451407438 0.4407107471543552 0.35672344651820537 0.5422077677111158
1 0.35672344651820537 0.5404271182276638 0.36206539496856116 0.43982042241262925 0.4338849241344561 0.44516237086298505 0.4309171749953696 0.5457690666780197
1 0.43210427465100415 0.5448787419362937 0.4332913743066388 0.44516237086298505 0.503923803816899 0.4496139945716149 0.5033302539890817 0.5493303656449235