0 0.6935307017543859 0.884046052631579 0.6853070175438597 0.7127192982456142 0.8315058479532166 0.7168311403508771 0.8516081871345029 0.8854166666666667
0 0.8534356725146199 0.8867872807017544 0.834247076023392 0.7168311403508771 0.9786184210526315 0.7195723684210527 1 0.8401864035087719 0.9996345029239768 0.8881578947368423
0 0.6880482456140351 0.7113486842105263 0.6752558479532164 0.5592105263157896 0.8159722222222222 0.561951754385965 0.8342470760233918 0.7209429824561403
0 0.8351608187134503 0.7182017543859649 0.8150584795321637 0.5592105263157896 0.9539473684210527 0.5660635964912282 0.9786184210526317 0.7250548245614035
0 0.9831871345029239 0.7209429824561403 0.9585160818713451 0.5660635964912281 1 0.5674342105263159 0.9996345029239766 0.7236842105263159
0 0.672514619883041 0.5633223684210527 0.6615497076023392 0.42763157894736853 0.7922149122807017 0.4303728070175438 0.8068347953216374 0.5633223684210527
0 0.8077485380116959 0.5619517543859649 0.7931286549707602 0.43174342105263164 0.9219663742690059 0.43448464912280704 0.9429824561403509 0.5660635964912281
0 0.9539473684210527 0.5660635964912281 0.9301900584795322 0.4262609649122808 1 0.4262609649122808 0.9987207602339183 0.5660635964912281
0 0.6551535087719298 0.34539473684210525 0.647843567251462 0.22203947368421054 0.7739400584795322 0.22066885964912286 0.7867324561403509 0.33991228070175444
0 0.7903874269005848 0.3399122807017544 0.7766812865497076 0.22066885964912286 0.9000365497076024 0.22203947368421062 0.9210526315789476 0.3399122807017545
0 0.9265350877192983 0.337171052631579 0.9036915204678364 0.22203947368421062 0.9941520467836259 0.22066885964912283 1 0.25219298245614036 1 0.3358004385964912 0.9329312865497076 0.337171052631579
0 0.649671052631579 0.22615131578947367 0.6414473684210527 0.11239035087719301 0.7602339181286549 0.10964912280701758 0.7730263157894737 0.2206688596491228
0 0.783077485380117 0.22203947368421054 0.7693713450292398 0.1110197368421053 0.8854166666666669 0.10964912280701754 0.9027777777777778 0.22066885964912283
0 0.9073464912280702 0.2206688596491228 0.8890716374269005 0.1069078947368421 0.9722222222222222 0.10827850877192985 0.9978070175438597 0.21381578947368424
0 0.6405336257309941 0.11787280701754388 0.6341374269005848 0.03426535087719301 0.7419590643274855 0.031524122807017545 0.7529239766081871 0.11239035087719298
0 0.756578947368421 0.11101973684210528 0.7465277777777779 0.026041666666666675 0.8580043859649122 0.027412280701754433 0.8698830409356725 0.11101973684210531
0 0.872624269005848 0.10690789473684212 0.858918128654971 0.03152412280701759 0.9365862573099417 0.027412280701754402 0.9512061403508771 0.1055372807017544