0 0.5802266081871345 0.8237390350877193 0.5857090643274854 0.6578947368421054 0.7136330409356725 0.6565241228070176 0.7035818713450293 0.8223684210526315
0 0.7063230994152047 0.8292214912280702 0.7191154970760235 0.6633771929824561 0.8488669590643275 0.6620065789473686 0.828764619883041 0.8278508771929826 0.7108918128654971 0.8278508771929826
0 0.8305921052631581 0.8319627192982457 0.8516081871345029 0.6606359649122807 0.9804459064327488 0.6606359649122808 0.9539473684210528 0.8292214912280703
0 0.5802266081871345 0.9745065789473685 0.5829678362573101 0.8292214912280703 0.7054093567251462 0.825109649122807 0.6962719298245614 0.9745065789473685
0 0.6971856725146199 0.9731359649122807 0.7044956140350878 0.8251096491228072 0.8260233918128655 0.8278508771929826 0.8104897660818714 0.9690241228070177
0 0.8114035087719298 0.9662828947368421 0.8278508771929827 0.8264802631578947 0.9420687134502925 0.8251096491228072 0.921966374269006 0.9594298245614037
1 0.25676169590643283 0.5455043859649122 0.2503654970760234 0.4303728070175438 0.33077485380116967 0.4331140350877194 0.33442982456140347 0.5482456140350879
1 0.3344298245614036 0.546875 0.3307748538011696 0.4317434210526317 0.4102704678362575 0.4290021929824563 0.41209795321637444 0.5441337719298246
1 0.41118421052631576 0.5441337719298246 0.4093567251461988 0.4262609649122808 0.48793859649122817 0.42351973684210525 0.48702485380116967 0.5386513157894737
1 0.26133040935672525 0.6551535087719298 0.2540204678362573 0.5468750000000001 0.331688596491228 0.5482456140350879 0.33534356725146197 0.6551535087719298
1 0.3362573099415205 0.6565241228070176 0.3307748538011696 0.5482456140350878 0.4093567251461988 0.5455043859649124 0.41209795321637427 0.6524122807017545
1 0.41392543859649134 0.6510416666666666 0.41118421052631576 0.5427631578947368 0.4870248538011696 0.5413925438596491 0.4861111111111111 0.6524122807017544
1 0.9283625730994152 0.43448464912280704 0.9375 0.36047149122807026 0.988669590643275 0.36047149122807026 0.9786184210526317 0.43311403508771934
1 0.9210526315789473 0.49890350877192985 0.9283625730994154 0.4331140350877193 0.9795321637426903 0.4331140350877193 0.9722222222222224 0.4947916666666667
1 0.9164839181286552 0.5688048245614037 0.923793859649123 0.5002741228070176 0.9722222222222222 0.5002741228070176 0.9639985380116959 0.571546052631579
2 0.30975877192982454 0.3248355263157895 0.30610380116959063 0.24396929824561403 0.3536184210526316 0.24396929824561403 0.3572733918128656 0.32346491228070173
2 0.3572733918128655 0.32209429824561403 0.35361842105263164 0.24396929824561409 0.4194078947368421 0.24533991228070182 0.42032163742690065 0.32346491228070173
2 0.4203216374269006 0.32209429824561403 0.41849415204678364 0.24122807017543865 0.48519736842105265 0.23985745614035087 0.4815423976608188 0.31798245614035087
2 0.7721125730994152 0.3481359649122807 0.7775950292397661 0.2768640350877193 0.8177997076023393 0.2768640350877193 0.8132309941520469 0.34676535087719296
2 0.7657163742690059 0.4098135964912281 0.7702850877192983 0.34402412280701755 0.8159722222222224 0.34676535087719307 0.8104897660818714 0.4166666666666667