2 0.32894736842105265 0.31661184210526316 0.32620614035087725 0.23437500000000008 0.37280701754385975 0.23574561403508779 0.3746345029239766 0.3125
2 0.37372076023391815 0.3138706140350877 0.37280701754385975 0.234375 0.4367690058479533 0.23711622807017543 0.43859649122807015 0.3111293859649123
2 0.4358552631578948 0.3111293859649123 0.43585526315789475 0.23437500000000008 0.4998172514619883 0.23711622807017543 0.5007309941520469 0.3111293859649123
0 0.12335526315789476 0.7785087719298246 0.10508040935672515 0.6167763157894737 0.224780701754386 0.6222587719298246 0.23483187134502925 0.7853618421052632
0 0.23483187134502925 0.7881030701754386 0.22386695906432752 0.6222587719298246 0.3435672514619883 0.6277412280701755 0.3508771929824561 0.7894736842105264
0 0.3499634502923977 0.7853618421052633 0.34539473684210537 0.620888157894737 0.46692251461988304 0.6236293859649122 0.4678362573099415 0.7881030701754387
0 0.14254385964912283 0.9169407894736842 0.12609649122807018 0.777138157894737 0.2375730994152047 0.7826206140350879 0.24945175438596492 0.9210526315789473
0 0.24945175438596492 0.9210526315789473 0.23848684210526316 0.7839912280701754 0.3517909356725147 0.7867324561403509 0.35910087719298256 0.9279057017543859
0 0.3572733918128655 0.9279057017543859 0.3545321637426902 0.7853618421052633 0.4669225146198831 0.7853618421052632 0.4669225146198831 0.9292763157894737
0 0.5911915204678363 0.7634320175438598 0.5930190058479532 0.6071820175438597 0.7127192982456141 0.6112938596491229 0.7054093567251462 0.7661732456140351
0 0.7054093567251462 0.7661732456140351 0.7136330409356726 0.6071820175438598 0.8333333333333335 0.6099232456140352 0.8187134502923978 0.7675438596491229
0 0.82328216374269 0.7702850877192983 0.8379020467836257 0.6126644736842105 0.9594298245614035 0.6140350877192984 0.939327485380117 0.7743969298245614
0 0.5939327485380117 0.9361293859649122 0.5966739766081872 0.7894736842105263 0.7136330409356725 0.7949561403508771 0.7044956140350878 0.9402412280701755
0 0.7044956140350878 0.9402412280701754 0.7136330409356725 0.7922149122807017 0.8324195906432749 0.7935855263157895 0.8196271929824561 0.9443530701754387
0 0.8223684210526315 0.942982456140351 0.8360745614035089 0.7908442982456141 0.9539473684210528 0.7908442982456141 0.9338450292397662 0.9416118421052632