0 0.02284356725146201 0.6414473684210527 0.14528508771929824 0.6483004385964913 0.16264619883040934 0.8251096491228072 0.04203216374269007 0.8127741228070176
0 0.16081871345029242 0.8237390350877193 0.1452850877192983 0.649671052631579 0.2750365497076024 0.659265350877193 0.28508771929824567 0.8292214912280703 0.1626461988304094 0.8223684210526317
0 0.28691520467836257 0.8305921052631579 0.27503654970760233 0.6578947368421054 0.40570175438596506 0.6606359649122808 0.4130116959064328 0.8333333333333334
0 0.05939327485380117 0.9690241228070176 0.03929093567251462 0.8114035087719298 0.15716374269005848 0.8223684210526315 0.1717836257309942 0.977247807017544
0 0.17361111111111113 0.9772478070175439 0.15625 0.820997807017544 0.28143274853801176 0.830592105263158 0.2923976608187135 0.9854714912280703
0 0.29239766081871343 0.9854714912280702 0.27960526315789475 0.8292214912280703 0.40752923976608185 0.834703947368421 0.40844298245614036 0.9868421052631579
0 0.44956140350877194 0.8196271929824561 0.4468201754385966 0.649671052631579 0.5774853801169592 0.6524122807017545 0.5738304093567252 0.8237390350877193
0 0.5729166666666667 0.8251096491228072 0.5774853801169592 0.6496710526315791 0.7127192982456141 0.6524122807017544 0.7026681286549707 0.8278508771929826 0.5793128654970761 0.8237390350877194
0 0.7035818713450293 0.8251096491228072 0.7118055555555557 0.6537828947368421 0.8461257309941522 0.6551535087719299 0.8296783625730995 0.8292214912280703
0 0.4559576023391813 0.9799890350877193 0.45230263157894746 0.8251096491228072 0.5793128654970761 0.8319627192982457 0.5747441520467836 0.9841008771929826
0 0.5756578947368421 0.981359649122807 0.5783991228070177 0.825109649122807 0.7017543859649122 0.830592105263158 0.6944444444444444 0.9841008771929826
0 0.7026681286549707 0.8278508771929824 0.832419590643275 0.830592105263158 0.8168859649122808 0.9895833333333335 0.6917032163742691 0.9813596491228072
2 0.2504780273389063 0.325858855471705 0.2475102781998197 0.24038768026601195 0.2967749139086567 0.24038768026601195 0.30033621287556056 0.32407820598825315
2 0.3009297627033779 0.3249685307299791 0.29736846373647396 0.23860703078256 0.3644395942798304 0.24216832974946387 0.3680008932467343 0.325858855471705
2 0.3680008932467343 0.32763950495515703 0.36443959427983036 0.24216832974946384 0.43388492413445606 0.24305865449118988 0.4350720237900907 0.33120080392206086
2 0.46831081414786024 0.3249685307299791 0.4677172643200429 0.24216832974946384 0.5205431989957838 0.23949735552428594 0.5181689996845146 0.3249685307299791
2 0.5193560993401491 0.3249685307299791 0.5205431989957838 0.23771670604083403 0.5882078793669576 0.23504573181565613 0.5864272298835057 0.3249685307299791
2 0.5876143295391403 0.3249685307299791 0.5882078793669576 0.2341554070739301 0.65171771094341 0.23682638129910802 0.6481564119765062 0.326749180213431
1 0.8842778634823986 0.27227942767241353 0.8962531160883613 0.1720654716540947 0.9523477204005022 0.1777379597306033 0.9403724677945394 0.27889733042834025
1 0.8735631637823269 0.3791112864466591 0.8849081399353441 0.27795191574892214 0.9718862904418095 0.28267898914601264 0.9624321436476284 0.3772204570878229
1 0.9410027442474848 0.28267898914601264 0.9536082733063929 0.17868337441002138 0.9996184543714073 0.17773795973060327 1 0.23162659645743514 0.9907945840301714 0.27795191574892214
1 0.9624321436476283 0.3781658717672411 0.9725165668947551 0.27984274510775836 1 0.2807881597871764 1 0.37816587176724104
1 0.8666301227999273 0.469871095670797 0.875453993141163 0.3791112864466592 0.927136662282686 0.3819475304849135 0.9164219625826142 0.47554358374730554
1 0.9195733448473411 0.4755435837473056 0.9321788739062492 0.3800567011260772 0.9832312665948266 0.3819475304849135 0.9737771198006456 0.4755435837473056 0.9220944506591229 0.4755435837473056
1 0.8565456995528009 0.5587400755360987 0.8685209521587637 0.4679802663119608 0.952347720400502 0.4755435837473056 0.9410027442474848 0.5606309048949348
1 0.9422632971533755 0.5587400755360986 0.9529779968534473 0.4745981690678875 0.9863826488595537 0.4745981690678875 0.9750376727065363 0.5615763195743528
1 0.8420493411350566 0.6882618866163788 0.8458309998527291 0.6561177875161632 0.8414190646821113 0.6494998847602366 0.8445704469468382 0.6088470535452581 0.858436528911637 0.6315370058512925 0.8924714573706888 0.6324824205307107 0.8861686928412349 0.6863710572575424
1 0.8867989692941802 0.6854256425781244 0.8931017338236342 0.6315370058512925 0.9410027442474848 0.6287007618130382 0.9365908090768669 0.6806985691810339
1 0.836376853058548 0.7620042316109907 0.8439401704938929 0.6863710572575425 0.9120100274119963 0.6835348132192882 0.9025558806178152 0.7591679875727365
1 0.9075980922413784 0.7610588169315726 0.9202036213002864 0.6892073012957969 0.9536082733063929 0.690152715975215 0.9454146794181025 0.7620042316109907
1 0.830074088529094 0.8366919912850208 0.8351163001526573 0.7657858903286632 0.875453993141163 0.7657858903286632 0.8678906757058181 0.8357465766056027
1 0.8697815050646542 0.8329103325673484 0.8779750989529446 0.7620042316109906 0.9214641742061774 0.7620042316109907 0.9120100274119963 0.8319649178879303
1 0.8269227062643669 0.9009801894854518 0.8319649178879301 0.8338557472467665 0.8975136689942521 0.8329103325673484 0.8874292457471257 0.8981439454471974
1 0.889320075105962 0.8990893601266156 0.9000347748060338 0.830074088529094 0.9340697032650854 0.8310195032085121 0.9227247271120681 0.9000347748060337