0 0.10325292397660821 0.8388157894736842 0.07949561403508774 0.674342105263158 0 0.674342105263158 0 0.8374451754385966
0 0.02284356725146201 0.9662828947368421 0 0.8374451754385966 0.10508040935672519 0.8360745614035089 0.11787280701754387 0.8182565789473686 0.13706140350877197 0.9621710526315791
0 0.33168859649122806 0.9416118421052632 0.3289473684210527 0.8484100877192984 0.40844298245614036 0.8511513157894738 0.40661549707602357 0.9443530701754387
0 0.40844298245614036 0.9457236842105263 0.4093567251461989 0.8538925438596493 0.4815423976608188 0.8566337719298247 0.48245614035087725 0.9416118421052633
0 0.4833698830409357 0.9443530701754386 0.4806286549707603 0.8552631578947368 0.5555626388370053 0.8591633757655611 0.55674973849264 0.9464152004547062
0 0.5549690890091881 0.9455248757129803 0.5549690890091881 0.8529311025734794 0.6612145081884871 0.8502601283483013 0.6594338587050352 0.9375119530374464
0 0.3389169516836859 0.8369052572224118 0.3353556527167821 0.744311484082911 0.44278817155171574 0.746092133566363 0.445162370862985 0.8422472056727678 0.3383234018558686 0.8386859067058637
0 0.4439752712073504 0.8404665561893157 0.44160107189608117 0.745201808824637 0.5187625495123318 0.746982458308089 0.5205431989957838 0.8422472056727678
0 0.5205431989957838 0.7523244067584447 0.5199496491679665 0.6677435562944775 0.5798981817775153 0.6721951800031075 0.5810852814331497 0.7594470046922526
0 0.5810852814331497 0.6900016748376268 0.5798981817775152 0.6125434223074675 0.6226337693803617 0.6152143965326453 0.6226337693803617 0.6935629738045307
0 0.7292323736154187 0.8166681464716556 0.7409505699775949 0.6530640972612743 0.8671465308010294 0.6557682964217764 0.8473157369573469 0.8193723456321579
0 0.8482171366775142 0.8153160468914046 0.8689493302413643 0.6517119976810232 0.9915396921841293 0.649007798520521 0.9681032994597771 0.8153160468914046
0 0.7166127775330753 0.9653991002992749 0.7310351730557534 0.8166681464716556 0.8473157369573469 0.8166681464716556 0.8301891422741666 0.9599907019782706
0 0.8310905419943337 0.9599907019782707 0.8464143372371794 0.8139639473111534 0.9626949011387728 0.8126118477309024 0.9428641072950901 0.9586386023980195
0 0.9437655070152577 0.9545823036572663 0.9644977005791077 0.8112597481506513 1 0.8126118477309024 0.9996522896656358 0.9532302040770153
1 0.3683086836070273 0.4426638885611657 0.36599712283125097 0.36753816334843514 0.42070406119129067 0.36753816334843514 0.42147458144988276 0.4438196689490538
1 0.4199335409326984 0.4438196689490538 0.41916302067410643 0.3698497241242116 0.47386995903414597 0.37100550451209974 0.47309943877555394 0.44035232778538935
1 0.4730994387755539 0.4426638885611657 0.4746404792927381 0.3698497241242115 0.5254948163598172 0.3710055045120997 0.5254948163598172 0.4415081081732776
1 0.5254948163598172 0.44150810817327746 0.5254948163598172 0.36753816334843514 0.5979237206674752 0.36869394373632336 0.5971532004088832 0.4426638885611657
1 0.3729318051585799 0.5143222726102317 0.3706202443828036 0.44150810817327757 0.4407375879146855 0.44150810817327757 0.4430491486904618 0.5120107118344553
1 0.4422786284318696 0.5120107118344552 0.4422786284318696 0.4368849866217249 0.49313296549894875 0.4391965473975012 0.49390348575754084 0.509699151058679
1 0.49313296549894875 0.509699151058679 0.49313296549894875 0.43804076700961303 0.5462988633418041 0.44150810817327746 0.5447578228246199 0.5085433706707908 0.49390348575754084 0.5096991510586789
1 0.5462988633418041 0.5108549314465672 0.5439873025660278 0.44150810817327757 0.5940711193745148 0.4415081081732776 0.5940711193745148 0.5108549314465672
1 0.3775549267101326 0.5570861469620936 0.37601388619294845 0.509699151058679 0.4268682232600275 0.5096991510586789 0.4291797840358038 0.5547745861863174
1 0.4792636008442907 0.5732670723925279 0.4777225603271066 0.5108549314465671 0.4260977030014354 0.5120107118344553 0.4284092637772117 0.5582419273499818 0.437655506880317 0.5559303665742055 0.4384260271389091 0.5755786331683043
1 0.4792636008442907 0.5721112920046396 0.4784930805856987 0.5108549314465671 0.5278063771355935 0.5131664922223436 0.5278063771355935 0.5721112920046396
1 0.5301179379113697 0.5443725626953237 0.5285768973941857 0.5108549314465672 0.595612159891699 0.5120107118344555 0.5971532004088832 0.5478399038589884
2 0.031591330602276396 0.32130694783290875 0.023115607757763224 0.24386966184440195 0.08938034999668446 0.2450254422322901 0.09554451206542129 0.3224627282207969
2 0.031591330602276396 0.32130694783290875 0.023886128016355333 0.2450254422322901 0 0.2450254422322901 0.0007705202585921094 0.3259300693844614