1 0.2228925603416139 0.9342739561982601 0.23122499250391723 0.8582405127172423 0.31038309804579883 0.8603236207578181 0.30343940457721275 0.9384401722794119
1 0.3020506658834955 0.9384401722794119 0.3096887286989402 0.860323620757818 0.390235572934539 0.8634482828186819 0.38606935685338734 0.9384401722794119
1 0.3846806181596702 0.9394817262996997 0.3895412035876804 0.8592820667375302 0.4686993091295619 0.8603236207578181 0.46522746239526896 0.9384401722794119
1 0.23191936185077586 0.8592820667375303 0.23816868597250335 0.7863732853173763 0.3145493141269505 0.788456393357952 0.3096887286989402 0.8603236207578181
1 0.30829999000522296 0.861365174778106 0.3131605754332332 0.7874148393376641 0.3937074196688321 0.790539501398528 0.38815246489396316 0.8634482828186819
1 0.38815246489396316 0.8603236207578181 0.39301305032197337 0.788456393357952 0.472171155863855 0.788456393357952 0.4686993091295619 0.8613651747781059
1 0.24094616335993777 0.7874148393376641 0.24719548748166528 0.71450605791751 0.32218737694239513 0.7176307199783738 0.31524368347380916 0.788456393357952
1 0.31593805282066767 0.7905395013985279 0.32149300759553656 0.7155476119377979 0.39926237444370094 0.7165891659580857 0.3950961583625492 0.7905395013985278
1 0.39440178901569073 0.787414839337664 0.39926237444370094 0.7176307199783739 0.47355989455757225 0.7186722739986616 0.47217115586385505 0.788456393357952
1 0.24858422617538245 0.7155476119377979 0.2562222889908272 0.6488881546393714 0.3284367010641227 0.6509712626799472 0.32218737694239513 0.7155476119377979
1 0.3228817462892538 0.7165891659580859 0.3298254397578399 0.6488881546393713 0.40481732921856983 0.6488881546393716 0.3978736357499837 0.716589165958086
1 0.3985680050968423 0.7207553820392375 0.40412295987171126 0.6468050465987956 0.4791148493324412 0.6488881546393714 0.4742542639044309 0.7197138280189496
1 0.2576110276845444 0.6488881546393714 0.26455472115313056 0.5863949134220964 0.33538039453270874 0.5853533594018084 0.33051980910469847 0.6530543707205232
1 0.3291310704109813 0.6488881546393714 0.3346860251858502 0.5843118053815206 0.40967791464658004 0.5863949134220964 0.4034285905248526 0.6499297086596594
1 0.40412295987171126 0.6499297086596594 0.40967791464658004 0.5853533594018084 0.4811979573730169 0.5884780214626723 0.47772611063872383 0.6520128167002351
1 0.2770533693965855 0.5280678882859732 0.28191395482459575 0.4770317412918653 0.34926778146988097 0.48119795737301696 0.34579593473558795 0.5332756583874128
1 0.34579593473558795 0.5332756583874128 0.3499621508167396 0.480156403352729 0.4200934548494593 0.4832810654135928 0.41731597746202487 0.5384834284888523
1 0.41731597746202487 0.5395249825091402 0.4200934548494593 0.4822395113933049 0.48744728149474437 0.48640572747445654 0.4860585428010271 0.5364003204482765
1 0.28260832417145443 0.480156403352729 0.2881632789463233 0.4207878241963179 0.35482273624474986 0.4249540402774695 0.3506565201635982 0.48119795737301696
1 0.34926778146988097 0.4811979573730169 0.35412836689789123 0.42287093223689365 0.4221765628900351 0.42495404027746947 0.4193990855026007 0.4832810654135928
1 0.4193990855026007 0.48536417345416855 0.42356530158375233 0.42599559429775746 0.488141650841603 0.42912025635862117 0.4860585428010272 0.48640572747445654
1 0.2874689095994647 0.4207878241963179 0.29371823372119216 0.36766856916163415 0.35760021363218436 0.36975167720220997 0.3534339975510326 0.4270371483180453
1 0.35412836689789123 0.4270371483180453 0.358294582979043 0.36871012318192203 0.42564840962432815 0.37287633926307373 0.4228709322368937 0.42807870233833323
1 0.42148219354317645 0.42807870233833323 0.4263427789711867 0.3718347852427859 0.48953038953532024 0.37600100132393754 0.48953038953532024 0.431203364399197
1 0.2944126030680507 0.36871012318192203 0.3006619271897783 0.3145493141269504 0.3631551684070532 0.3176739761878143 0.358294582979043 0.3728763392630737
1 0.3589889523259015 0.36975167720221 0.36315516840705314 0.3166324221675264 0.42981462570547985 0.32079863824867805 0.4256484096243281 0.37600100132393754
1 0.4249540402774695 0.3749594473036495 0.4291202563586211 0.32079863824867805 0.4916134975758962 0.3260064083501176 0.48883602018846173 0.37808410936451337
1 0.2999675578429196 0.3166324221675263 0.3041337739240713 0.2635131671328427 0.36871012318192203 0.2676793832139943 0.3638495377539118 0.3197570842283901
1 0.36454390710077045 0.3176739761878142 0.3673213844882049 0.26559627517341844 0.43050899505233836 0.26976249125457014 0.42773151766490386 0.3228817462892538
1 0.42773151766490397 0.320798638248678 0.43050899505233836 0.26872093723428225 0.49369660561647194 0.27601181537629765 0.4916134975758962 0.32704796237040545