2 0.32034976338983584 0.36496761620665663 0.31778182941476707 0.29081852267654446 0.3742763768662811 0.29081852267654446 0.37684431084135 0.364004640966006
2 0.37620232734758274 0.3640046409660058 0.37427637686628124 0.2898555474358936 0.43077092431779535 0.2908185226765444 0.43141290781156255 0.36015274000340264
2 0.43141290781156255 0.36207869048470426 0.43012894082402814 0.2898555474358936 0.4853395212880079 0.2869666217139411 0.48790745526307666 0.3572638142814502
2 0.3357573672402488 0.43141290781156255 0.33318943326518 0.3620786904847043 0.36336265747223867 0.3630416657253551 0.36593059144730755 0.43141290781156255
2 0.3665725749410747 0.4314129078115625 0.3633626574722387 0.3630416657253551 0.39481984866683173 0.3630416657253551 0.3967457991481335 0.4285239820896101
2 0.3973877826419006 0.4304499325709117 0.39610381565436625 0.3620786904847043 0.42370910588635596 0.36111571524405345 0.42563505636765764 0.42563505636765764
2 0.42627703986142484 0.42852398208961007 0.42435108938012334 0.3611157152440535 0.45516629708094924 0.3601527400034027 0.45580828057471634 0.42467208112700683
2 0.45709224756225075 0.42563505636765764 0.45580828057471634 0.35918976476275183 0.4846975377942407 0.3601527400034027 0.4853395212880079 0.42467208112700694
2 0.32933753230257673 0.49304332321321437 0.32484364784620634 0.42756100684895926 0.37941224481641883 0.4285239820896102 0.38262216228525486 0.4930433232132143
2 0.38198017879148766 0.4920803479725635 0.37941224481641883 0.4275610068489593 0.4339808417866314 0.42756100684895926 0.43590679226793305 0.48822844700996026
2 0.43654877576170015 0.4891914222506111 0.43462282528039864 0.42659803160830845 0.48790745526307666 0.4265980316083085 0.48790745526307666 0.4872654717693095
2 0.3274115818212751 0.5864519215563428 0.32484364784620634 0.5277104318766436 0.37620232734758285 0.5286734071172944 0.3781282778288844 0.5874148967969938
2 0.3781282778288844 0.5883778720376446 0.37491836036004833 0.5277104318766436 0.42756100684895937 0.5305993575985959 0.42948695733026104 0.5883778720376446
2 0.43012894082402814 0.590303822518946 0.4288449738364937 0.5277104318766436 0.4808456368316374 0.5267474566359928 0.48212960381917197 0.586451921556343
2 0.34217720217792086 0.6432674607547405 0.33960926820285203 0.5864519215563428 0.36785654192860917 0.5874148967969937 0.3697824924099108 0.6423044855140898
2 0.37042447590367794 0.6442304359953913 0.3684985254223764 0.5874148967969937 0.3973877826419006 0.5893408472782954 0.39802976613566776 0.6451934112360422
2 0.398671749629435 0.6461563864766929 0.3967457991481335 0.586451921556343 0.42563505636765764 0.5883778720376446 0.42627703986142496 0.6442304359953914
2 0.42756100684895926 0.6423044855140897 0.42627703986142496 0.5912667977595968 0.4538823300934148 0.5903038225189462 0.4551662970809491 0.646156386476693
2 0.45709224756225075 0.6480823369579946 0.45645026406848355 0.5874148967969937 0.4853395212880079 0.5874148967969938 0.48662348827554225 0.6442304359953915
2 0.3376833177215504 0.7010459751937891 0.3351153837464816 0.6384525845514866 0.38519009626032374 0.6442304359953914 0.3871160467416253 0.6971940742311858
2 0.38711604674162525 0.7000829999531382 0.38519009626032374 0.6423044855140898 0.43719075925546746 0.6442304359953915 0.43783274274923456 0.6981570494718369
2 0.43719075925546735 0.7000829999531382 0.43590679226793305 0.6451934112360422 0.4859815047817751 0.6451934112360422 0.48662348827554225 0.6971940742311858
2 0.33960926820285203 0.8811223451954903 0.3344734002527144 0.8137140783499338 0.40573356806087424 0.812751103109283 0.40637555155464145 0.8791963947141889
2 0.40573356806087424 0.8791963947141886 0.40509158456710703 0.8117881278686322 0.45067241262457874 0.8127511031092831 0.45131439611834595 0.8782334194735382
2 0.45324034659964757 0.8791963947141886 0.45131439611834595 0.8127511031092831 0.494969273694516 0.812751103109283 0.494969273694516 0.8772704442328872
2 0.5373401842831516 0.257114389253766 0.5360562172956171 0.15600198898543108 0.6214400219666555 0.15407603850412951 0.6207980384728883 0.2503735625692104
2 0.538624151270686 0.3495600123562438 0.5379821677769189 0.2551884387724645 0.6201560549791211 0.25037356256921045 0.6175881210040524 0.3437821609123389
2 0.5354142338018498 0.43526480877416573 0.5360562172956171 0.3495600123562438 0.6182301044978196 0.34667108663429136 0.616304154016518 0.43333885829286417
2 0.6207980384728883 0.257114389253766 0.6220820054604228 0.15503901374478024 0.6740826684555665 0.15407603850412951 0.6708727509867305 0.2503735625692104
2 0.6182301044978196 0.34763406187494206 0.6201560549791212 0.2513365378098612 0.6721567179742649 0.2503735625692104 0.6695887839991961 0.34281918567168806
2 0.6163041540165178 0.4333388582928641 0.6182301044978196 0.34667108663429136 0.6689468005054289 0.34859703711559303 0.6657368830365928 0.4304499325709118
2 0.6702307674929633 0.4304499325709118 0.6753666354431009 0.3418562104310373 0.7254413479569429 0.34089323519038656 0.7209474635005726 0.4275610068489593
2 0.6760086189368683 0.34378216091233893 0.6785765529119369 0.252299513050512 0.728651265425779 0.24844761208790883 0.7247993644631759 0.3428191856716881
2 0.6721567179742648 0.252299513050512 0.6747246519493337 0.15118711278217703 0.7267253149444773 0.15022413754152625 0.7228734139818741 0.2503735625692104
2 0.5283524153704107 0.554673738614866 0.5277104318766436 0.47185786791889656 0.6066744016100099 0.46800596695629326 0.6034644841411738 0.5479329119303105
2 0.5264264648891092 0.6297858073856293 0.5277104318766435 0.5517848128929137 0.6021805171536395 0.5488958871709613 0.6002545666723377 0.625933906423026
2 0.5257844813953418 0.701045975193789 0.5251424979015746 0.6297858073856292 0.5989705996848034 0.625933906423026 0.597686632697269 0.6991200247124875
2 0.5996125831785705 0.7000829999531382 0.6008965501661049 0.6297858073856293 0.6477613452111111 0.625933906423026 0.6439094442485078 0.6971940742311858
2 0.6002545666723377 0.63074878262628 0.6021805171536395 0.5488958871709613 0.6522552296674814 0.5479329119303105 0.6471193617173439 0.6278598569043277
2 0.6047484511287082 0.5488958871709613 0.6073163851037771 0.4699319174375949 0.6561071306300846 0.4708948926782457 0.6535391966550159 0.5479329119303105
2 0.6535391966550158 0.5488958871709614 0.656749114123852 0.4680059669562933 0.7042558926626252 0.46608001647499164 0.7010459751937892 0.5460069614490088
2 0.647761345211111 0.6268968816636767 0.6528972131612487 0.5479329119303105 0.700403991700022 0.5479329119303105 0.6959101072436514 0.6268968816636769
2 0.644551427742275 0.6962310989905351 0.6471193617173439 0.6268968816636769 0.6952681237498843 0.6249709311823752 0.6914162227872811 0.6952681237498843
2 0.526426464889109 0.8637887908637757 0.5270684483828763 0.7954175487775684 0.5938347317346657 0.7925286230556159 0.5931927482408986 0.8570479641792204
2 0.5931927482408984 0.8647517661044265 0.5938347317346658 0.7963805240182192 0.6368476258170686 0.792528623055616 0.6355636588295341 0.8589739146605219
2 0.6368476258170684 0.8589739146605218 0.6374896093108358 0.7915656478149652 0.6798605198994713 0.7906026725743143 0.6779345694181695 0.8560849889385694
2 0.5257844813953418 0.9109745776556654 0.5257844813953418 0.8628258156231251 0.5912667977595969 0.8570479641792202 0.5906248142658296 0.9100116024150148
2 0.591908781253364 0.908085651933713 0.5919087812533641 0.8608998651418235 0.634921675335767 0.858010939419871 0.6336377083482325 0.9080856519337132
2 0.6342796918419996 0.9071226766930622 0.6355636588295341 0.858010939419871 0.6772925859244024 0.8570479641792202 0.6753666354431009 0.9080856519337132