0 0.06030701754385967 0.8730811403508771 0.0813230994152047 0.7236842105263159 0 0.7223135964912281 0 0.8717105263157895
0 0.05665204678362577 0.874451754385965 0.07858187134502924 0.7223135964912281 0.22843567251461994 0.7236842105263159 0.21564327485380122 0.8785635964912282
0 0.2165570175438597 0.8813048245614037 0.2339181286549708 0.7209429824561403 0.381030701754386 0.7291666666666666 0.3718932748538012 0.8854166666666667
0 0.1434576023391813 0.7223135964912281 0.1599049707602339 0.5770285087719299 0.010051169590643316 0.5646929824561403 0 0.6373355263157896 4.15522067695965e-17 0.7209429824561405 0.1398026315789474 0.7250548245614037
0 0.14985380116959066 0.7250548245614035 0.16630116959064328 0.5756578947368423 0.30793128654970764 0.5838815789473686 0.2978801169590643 0.7291666666666667
0 0.3125 0.7264254385964912 0.3252923976608187 0.586622807017544 0.4038742690058481 0.5934758771929824 0.39108187134502925 0.7401315789473686
0 0.007309941520467857 0.5633223684210527 0.03289473684210528 0.43037280701754393 0.10782163742690062 0.4399671052631579 0.08680555555555557 0.5756578947368423
0 0.0986842105263158 0.5756578947368421 0.11970029239766082 0.43996710526315796 0.25584795321637427 0.44819078947368424 0.24214181286549713 0.5797697368421054
0 0.26498538011695905 0.5825109649122807 0.27869152046783635 0.45230263157894735 0.4130116959064328 0.45778508771929827 0.40661549707602346 0.5921052631578947
0 0.062134502923976626 0.43722587719298245 0.07675438596491226 0.3303179824561404 0.2046783625730994 0.33854166666666674 0.19554093567251465 0.4481907894736843
0 0.19554093567251463 0.4454495614035088 0.2074195906432749 0.33854166666666674 0.337171052631579 0.34676535087719307 0.33260233918128657 0.4564144736842105
0 0.3344298245614035 0.4536732456140351 0.3389985380116959 0.36184210526315796 0.4066154970760234 0.36458333333333337 0.40113304093567254 0.4564144736842105
0 0.5500730994152047 0.8881578947368421 0.5473318713450293 0.7250548245614037 0.6688596491228072 0.7277960526315791 0.6816520467836257 0.8881578947368421
0 0.6807383040935673 0.8895285087719298 0.6716008771929827 0.7264254385964912 0.7940423976608187 0.727796052631579 0.8114035087719298 0.8895285087719298
0 0.81140350877193 0.8895285087719299 0.7940423976608187 0.727796052631579 0.876279239766082 0.7291666666666666 0.8972953216374269 0.8950109649122807
0 0.8963815789473685 0.8922697368421053 0.8771929824561403 0.7305372807017544 0.9566885964912281 0.7346491228070176 0.9804459064327488 0.8936403508771931
0 0.5445906432748538 0.7264254385964912 0.539108187134503 0.581140350877193 0.6167763157894737 0.5811403508771931 0.6259137426900586 0.7291666666666666
0 0.626827485380117 0.7264254385964913 0.6195175438596492 0.581140350877193 0.6999269005847953 0.5838815789473686 0.7108918128654971 0.7305372807017544
0 0.7182017543859651 0.7277960526315791 0.7063230994152048 0.581140350877193 0.8214546783625731 0.5838815789473685 0.8397295321637427 0.7332785087719299
0 0.8388157894736842 0.7305372807017544 0.8223684210526317 0.5852521929824561 0.9375 0.5866228070175439 0.9594298245614035 0.7332785087719299
0 0.5299707602339181 0.5838815789473686 0.5254020467836258 0.44407894736842113 0.6377923976608187 0.4454495614035088 0.6478435672514621 0.5797697368421053
0 0.6505847953216374 0.5797697368421053 0.6405336257309941 0.4468201754385965 0.7547514619883041 0.44819078947368435 0.7666301169590645 0.5852521929824561
0 0.7785087719298246 0.5852521929824561 0.7629751461988304 0.45093201754385964 0.8360745614035089 0.45093201754385964 0.8552631578947368 0.5893640350877193
0 0.8570906432748538 0.5879934210526315 0.8397295321637429 0.4523026315789475 0.9119152046783626 0.45367324561403516 0.9311038011695907 0.5852521929824561
0 0.5235745614035088 0.4440789473684211 0.5190058479532165 0.32346491228070173 0.5921052631578948 0.32620614035087725 0.5975877192982457 0.4454495614035088
0 0.5985014619883041 0.44682017543859653 0.5930190058479533 0.3248355263157895 0.6633771929824561 0.3262061403508772 0.6716008771929827 0.449561403508772
0 0.672514619883041 0.44819078947368424 0.6642909356725146 0.32346491228070184 0.7702850877192983 0.3262061403508772 0.783077485380117 0.45230263157894746
0 0.7839912280701756 0.45230263157894735 0.7721125730994152 0.3262061403508772 0.8753654970760234 0.32483552631578955 0.8945540935672516 0.45367324561403516 0.7858187134502925 0.45230263157894746
0 0.09046052631578949 0.24396929824561403 0.10508040935672516 0.15899122807017543 0.1717836257309942 0.16173245614035087 0.15807748538011696 0.2549342105263158 0.08589181286549714 0.24808114035087725
0 0.158077485380117 0.2549342105263159 0.17269736842105268 0.16036184210526316 0.29148391812865504 0.16995614035087722 0.28234649122807015 0.26589912280701755
0 0.28417397660818716 0.26589912280701755 0.293311403508772 0.17269736842105263 0.4102704678362573 0.18229166666666666 0.40752923976608196 0.2727521929824561
0 0.10508040935672516 0.16036184210526316 0.12244152046783625 0.06716008771929828 0.23848684210526316 0.07538377192982461 0.2275219298245614 0.16721491228070182
0 0.2275219298245614 0.16584429824561406 0.2384868421052632 0.07401315789473689 0.3517909356725146 0.08497807017543862 0.34539473684210525 0.18092105263157895 0.226608187134503 0.16447368421052636
0 0.3472222222222223 0.17543859649122806 0.3527046783625731 0.08771929824561409 0.4120979532163744 0.09320175438596494 0.40661549707602346 0.18092105263157898
0 0.13157894736842107 0.06716008771929827 0.1452850877192983 0 0.2028508771929825 0 0.1900584795321638 0.07264254385964913
0 0.18823099415204683 0.07127192982456142 0.20285087719298245 0 0.3088450292397661 0.004111842105263197 0.30062134502923976 0.08223684210526319
0 0.30062134502923976 0.0836074561403509 0.30884502923976614 0.0013706140350877192 0.41209795321637444 0.006853070175438635 0.4102704678362573 0.0918311403508772
0 0.5519005847953217 0.22478070175438597 0.5445906432748538 0.11101973684210527 0.6140350877192983 0.1206140350877193 0.6213450292397661 0.22752192982456143
0 0.6240862573099415 0.23026315789473684 0.6158625730994152 0.12061403508771935 0.6834795321637427 0.13020833333333337 0.6944444444444445 0.23300438596491233
0 0.6953581871345029 0.23574561403508773 0.6853070175438597 0.1302083333333334 0.783077485380117 0.13706140350877197 0.7967836257309941 0.24396929824561403
0 0.7976973684210527 0.24671052631578946 0.7839912280701756 0.13706140350877194 0.8790204678362574 0.14802631578947367 0.8972953216374269 0.2549342105263159
0 0.5345394736842105 0.11787280701754388 0.5336257309941521 0.01096491228070177 0.6295687134502925 0.02467105263157896 0.6368786549707602 0.12335526315789475
0 0.6414473684210527 0.12335526315789475 0.6350511695906432 0.0260416666666667 0.7300804093567254 0.03700657894736842 0.7419590643274854 0.13020833333333334 0.6451023391812866 0.12609649122807018
0 0.7474415204678363 0.13569078947368424 0.7337353801169593 0.03837719298245617 0.7949561403508771 0.043859649122807015 0.8132309941520468 0.13980263157894737
0 0.8132309941520469 0.1398026315789474 0.7967836257309941 0.046600877192982504 0.8589181286549707 0.05345394736842109 0.8762792397660819 0.146655701754386
0 0.7721125730994152 0.038377192982456156 0.762061403508772 0 0.8543494152046786 2.337311630789803e-17 0.8625730994152047 0.04797149122807019
0 0.672514619883041 0.03289473684210528 0.6679459064327485 0.0013706140350877231 0.7611476608187134 0 0.7657163742690059 0.04111842105263158
0 0.6048976608187134 0.021929824561403525 0.602156432748538 0.0013706140350877212 0.66703216374269 0 0.668859649122807 0.032894736842105275