0 0.11970029239766083 0.6236293859649122 0.10599415204678363 0.46463815789473695 0.20924707602339185 0.46189692982456154 0.22112573099415214 0.6222587719298246
0 0.22203947368421054 0.6099232456140351 0.20833333333333334 0.45915570175438597 0.3536184210526316 0.4564144736842105 0.3609283625730995 0.6085526315789473
0 0.36001461988304095 0.6058114035087719 0.35179093567251474 0.45230263157894735 0.49433479532163743 0.44544956140350883 0.4943347953216375 0.5975877192982457
0 0.13614766081871346 0.7661732456140351 0.12061403508771934 0.6222587719298246 0.22112573099415206 0.6195175438596491 0.2320906432748538 0.7634320175438598
0 0.23483187134502925 0.7552083333333334 0.22203947368421056 0.6085526315789473 0.3618421052631579 0.6085526315789475 0.3673245614035088 0.7456140350877193 0.23757309941520477 0.7538377192982456
0 0.36641081871345027 0.7442434210526315 0.36001461988304106 0.6030701754385965 0.49798976608187145 0.5962171052631579 0.49707602339181284 0.737390350877193
0 0.15259502923976614 0.903234649122807 0.13797514619883042 0.7702850877192984 0.23209064327485385 0.7648026315789475 0.24579678362573104 0.8936403508771931
0 0.25127923976608185 0.8881578947368421 0.23665935672514624 0.7510964912280703 0.36641081871345027 0.7456140350877194 0.37372076023391815 0.8758223684210528
0 0.3746345029239767 0.8703399122807018 0.36732456140350883 0.7442434210526314 0.4925073099415205 0.7360197368421051 0.4961622807017543 0.8675986842105262
0 0.560124269005848 0.6318530701754386 0.5592105263157896 0.4865679824561404 0.6862207602339181 0.47834429824561414 0.6789108187134503 0.6263706140350878
0 0.5610380116959065 0.7634320175438598 0.560124269005848 0.6318530701754387 0.6807383040935673 0.6236293859649124 0.674342105263158 0.7510964912280702 0.5592105263157895 0.7634320175438597
0 0.5610380116959065 0.8785635964912281 0.561951754385965 0.762061403508772 0.6789108187134503 0.7524671052631579 0.6743421052631579 0.8703399122807017
0 0.6798245614035088 0.6181469298245614 0.6871345029239766 0.4742324561403509 0.8104897660818714 0.4673793859649123 0.8004385964912281 0.611293859649123
0 0.6752558479532166 0.7497258771929826 0.6789108187134503 0.6154057017543859 0.7986111111111112 0.6071820175438597 0.7913011695906432 0.7401315789473685
0 0.6734283625730995 0.8675986842105263 0.6789108187134505 0.7483552631578947 0.7903874269005848 0.7415021929824561 0.7839912280701754 0.859375
0 0.7885599415204678 0.8552631578947368 0.7958698830409356 0.7373903508771931 0.9064327485380118 0.7250548245614035 0.8945540935672516 0.8442982456140352
0 0.7913011695906432 0.7415021929824561 0.7995248538011698 0.6058114035087719 0.9137426900584797 0.5975877192982457 0.9009502923976608 0.7277960526315791 0.7931286549707602 0.7428728070175439
0 0.8013523391812867 0.6030701754385966 0.8104897660818715 0.46463815789473684 0.9292763157894737 0.4564144736842105 0.9155701754385966 0.5989583333333334
0 0.8790204678362573 0.9991776315789473 0.8845029239766083 0.9388706140350879 0.78125 0.9512061403508771 0.7775950292397662 0.9991776315789473
0 0.6761695906432749 1 0.6779970760233918 0.9608004385964911 0.779422514619883 0.9539473684210527 0.7766812865497076 1 0.6779970760233918 0.9964364035087719
0 0.577485380116959 1 0.5774853801169592 0.9649122807017544 0.6761695906432749 0.962171052631579 0.6734283625730995 1
0 0.4239766081871345 1 0.42123538011695916 0.9649122807017544 0.5089546783625731 0.9580592105263158 0.5089546783625731 0.9991776315789473
0 0.2978801169590644 0.9991776315789473 0.2942251461988304 0.977247807017544 0.42214912280701755 0.9703947368421054 0.42214912280701755 0.9991776315789475
0 0.16812865497076027 0.9882127192982457 0.29422514619883045 0.9772478070175439 0.2969663742690059 1 0.1672149122807018 1