0 0.09228801169590645 0.8922697368421053 0.1169590643274854 0.7113486842105263 0.30701754385964913 0.7195723684210527 0.29513888888888895 0.8963815789473685 0.09320175438596495 0.8895285087719299
0 0.11421783625730997 0.7168311403508771 0.14071637426900585 0.5468750000000001 0.31615497076023397 0.5564692982456142 0.30427631578947373 0.7209429824561405
0 0.1443713450292398 0.546875 0.16447368421052636 0.3988486842105263 0.3344298245614036 0.4057017543859649 0.32346491228070173 0.5550986842105263
0 0.3362573099415205 0.5564692982456141 0.34539473684210537 0.41118421052631576 0.5116959064327486 0.4262609649122807 0.5098684210526315 0.5742872807017544
0 0.30975877192982454 0.7182017543859649 0.3216374269005848 0.5537280701754387 0.4989035087719299 0.5660635964912281 0.49616228070175444 0.7264254385964912
0 0.2951388888888889 0.9004934210526315 0.31067251461988304 0.7168311403508774 0.49798976608187145 0.7264254385964912 0.4952485380116959 0.9004934210526315
0 0.1708698830409357 0.33168859649122806 0.18731725146198835 0.2110745614035088 0.3444809941520468 0.22341008771929824 0.33351608187134507 0.3385416666666667
0 0.3344298245614035 0.3399122807017544 0.3435672514619884 0.2220394736842106 0.4961622807017544 0.23711622807017543 0.4943347953216375 0.3495065789473684
0 0.1891447368421053 0.20970394736842105 0.20467836257309946 0.10279605263157898 0.35087719298245623 0.11376096491228073 0.34265350877192985 0.22341008771929827
0 0.3444809941520468 0.22478070175438597 0.3517909356725146 0.11101973684210527 0.49798976608187134 0.12609649122807018 0.49616228070175444 0.23848684210526316
0 0.20376461988304093 0.10690789473684212 0.21747076023391812 0.009594298245614051 0.3572733918128655 0.023300438596491245 0.34996345029239767 0.11650219298245616
0 0.3508771929824561 0.11513157894736843 0.3581871345029241 0.02467105263157894 0.4943347953216375 0.042489035087719326 0.49342105263157904 0.13020833333333337
0 0.6716008771929824 0.903234649122807 0.6661184210526317 0.8100328947368423 0.8333333333333334 0.8086622807017545 0.8424707602339181 0.9059758771929824
0 0.66703216374269 0.8100328947368423 0.6606359649122807 0.7127192982456141 0.8214546783625731 0.7113486842105263 0.8315058479532166 0.8114035087719299
0 0.6615497076023392 0.7127192982456141 0.6560672514619883 0.6236293859649122 0.8104897660818715 0.625 0.8214546783625731 0.7127192982456141
0 0.6551535087719298 0.6236293859649122 0.6514985380116961 0.5400219298245615 0.8031798245614035 0.5413925438596493 0.8132309941520468 0.6277412280701754
0 0.6469298245614035 0.5427631578947368 0.6432748538011696 0.46189692982456154 0.7903874269005849 0.46189692982456143 0.7976973684210527 0.5441337719298247
0 0.7976973684210527 0.5427631578947368 0.7894736842105263 0.4605263157894737 0.9329312865497076 0.46189692982456154 0.9466374269005849 0.5413925438596493
0 0.8132309941520468 0.6263706140350878 0.8004385964912281 0.542763157894737 0.9493786549707602 0.5413925438596493 0.9639985380116959 0.6236293859649122
0 0.8223684210526315 0.7140899122807017 0.8114035087719298 0.6236293859649124 0.9649122807017545 0.6222587719298246 0.981359649122807 0.7168311403508774
0 0.8324195906432749 0.8127741228070176 0.8223684210526315 0.7140899122807017 0.9777046783625731 0.7168311403508774 0.9950657894736844 0.8114035087719299
0 0.8415570175438597 0.9073464912280702 0.8315058479532164 0.8086622807017545 0.9932383040935673 0.8086622807017545 1 0.845668859649123 0.9996345029239766 0.9114583333333334
0 0.6341374269005848 0.38103070175438597 0.6295687134502924 0.3193530701754387 0.7684576023391815 0.31935307017543857 0.7757675438596493 0.3782894736842105
0 0.7757675438596491 0.3769188596491228 0.7666301169590644 0.3152412280701755 0.9018640350877193 0.3179824561403509 0.9128289473684212 0.37554824561403516
0 0.6304824561403509 0.3207236842105263 0.6277412280701754 0.24671052631578946 0.7593201754385966 0.24945175438596498 0.7666301169590644 0.3193530701754387
0 0.7675438596491229 0.31661184210526316 0.7593201754385965 0.24945175438596498 0.8881578947368423 0.2549342105263159 0.9009502923976608 0.32209429824561403
0 0.6277412280701754 0.24533991228070176 0.6231725146198831 0.17680921052631585 0.7547514619883041 0.18229166666666669 0.7620614035087719 0.24945175438596492
0 0.7529239766081871 0.18229166666666666 0.8808479532163744 0.18503289473684215 0.8918128654970761 0.2563048245614035 0.762061403508772 0.25082236842105265
0 0.6222587719298246 0.17955043859649122 0.6176900584795323 0.11239035087719301 0.7456140350877193 0.12198464912280704 0.7510964912280702 0.18503289473684215
0 0.7510964912280702 0.18229166666666666 0.7456140350877195 0.11924342105263158 0.8680555555555556 0.11924342105263158 0.878106725146199 0.18229166666666669 0.7529239766081873 0.18229166666666669
0 0.6186038011695907 0.11513157894736843 0.6131213450292399 0.054824561403508804 0.737390350877193 0.05893640350877193 0.7437865497076025 0.12335526315789473
0 0.7447002923976608 0.12335526315789475 0.737390350877193 0.06030701754385965 0.8552631578947368 0.06304824561403509 0.8653143274853803 0.1206140350877193
0 0.036549707602339186 0.2590460526315789 0.024671052631578958 0.3207236842105264 2.5970129230997812e-18 0.3193530701754387 0 0.2521929824561404
0 0.03472222222222223 0.25356359649122806 0.051169590643274865 0.1836622807017544 0 0.1768092105263158 0 0.25356359649122806
0 0.05116959064327485 0.18229166666666666 0.06761695906432748 0.11650219298245618 0 0.11239035087719298 0 0.18092105263157895
0 0.06578947368421052 0.112390350877193 0.08040935672514622 0.046600877192982455 0 0.04385964912280705 0 0.11376096491228072
0 0.08406432748538012 0.05071271929824563 0.09777046783625733 0 0 0 0 0.0479714912280702