0 0.11878654970760236 0.6853070175438597 0.1023391812865497 0.546875 0.19097222222222227 0.5359100877192984 0.20285087719298253 0.6674890350877194
0 0.20376461988304093 0.6770833333333334 0.19097222222222227 0.5413925438596491 0.27595029239766083 0.5304276315789473 0.2850877192982456 0.6633771929824561
0 0.2850877192982456 0.6606359649122807 0.27412280701754393 0.5317982456140351 0.3591008771929825 0.5194627192982456 0.36275584795321636 0.6469298245614035
0 0.3654970760233918 0.649671052631579 0.35910087719298256 0.5167214912280702 0.43585526315789475 0.5071271929824561 0.43951023391812866 0.6359649122807018
0 0.10416666666666669 0.805921052631579 0.08954678362573101 0.6798245614035089 0.2101608187134503 0.6729714912280702 0.2202119883040936 0.7922149122807018
0 0.22112573099415206 0.7963267543859649 0.20833333333333334 0.6729714912280703 0.32620614035087725 0.6565241228070176 0.3353435672514621 0.7798793859649122
0 0.33534356725146197 0.7771381578947368 0.3271198830409357 0.6565241228070177 0.43951023391812866 0.6455592105263158 0.44407894736842113 0.7634320175438597
0 0.10782163742690061 0.9210526315789473 0.09502923976608187 0.805921052631579 0.1736111111111111 0.8004385964912281 0.18457602339181287 0.9155701754385966
0 0.19554093567251463 0.9169407894736842 0.18457602339181287 0.8018092105263158 0.2613304093567252 0.7922149122807018 0.2713815789473685 0.9059758771929826 0.20010964912280707 0.9128289473684211
0 0.2850877192982456 0.9087171052631579 0.27595029239766083 0.7908442982456141 0.3527046783625731 0.7839912280701754 0.3572733918128655 0.8950109649122807
0 0.35910087719298245 0.8950109649122807 0.35270467836257324 0.7785087719298247 0.428545321637427 0.7716557017543861 0.43220029239766083 0.8854166666666667
0 0.5710891812865497 0.40981359649122806 0.5729166666666667 0.26041666666666674 0.6999269005847953 0.2535635964912281 0.6971856725146199 0.3974780701754387
0 0.6971856725146199 0.39473684210526316 0.700840643274854 0.2535635964912281 0.7766812865497076 0.25082236842105265 0.7684576023391813 0.390625
0 0.7693713450292398 0.3892543859649123 0.7775950292397661 0.2508223684210527 0.8516081871345029 0.24808114035087725 0.8415570175438598 0.3851425438596492
0 0.8415570175438597 0.38651315789473684 0.851608187134503 0.24945175438596498 0.9228801169590645 0.24396929824561403 0.9100877192982456 0.38103070175438597
0 0.5683479532163743 0.5413925438596491 0.5683479532163743 0.40570175438596495 0.6441885964912281 0.40021929824561414 0.6414473684210527 0.5331688596491229
0 0.6414473684210528 0.5331688596491229 0.6469298245614036 0.4002192982456141 0.7218567251461988 0.396107456140351 0.7154605263157894 0.5290570175438596
0 0.716374269005848 0.5331688596491229 0.7200292397660819 0.39199561403508776 0.7940423976608187 0.3919956140350877 0.7849049707602339 0.5235745614035088
0 0.7849049707602339 0.5208333333333334 0.7931286549707602 0.38925438596491224 0.9082602339181286 0.3796600877192983 0.8954678362573101 0.512609649122807
0 0.5656067251461989 0.6592653508771931 0.5637792397660819 0.5345394736842105 0.6862207602339181 0.5290570175438598 0.6807383040935673 0.6537828947368421
0 0.6825657894736842 0.6551535087719299 0.6862207602339181 0.5263157894736843 0.7593201754385965 0.522203947368421 0.7492690058479532 0.6455592105263159
0 0.7501827485380117 0.6441885964912281 0.7574926900584797 0.5208333333333334 0.8260233918128657 0.5167214912280703 0.8150584795321639 0.6359649122807018
0 0.8168859649122807 0.6373355263157895 0.8278508771929827 0.5180921052631579 0.8954678362573101 0.5098684210526317 0.8826754385964914 0.6291118421052633
0 0.5646929824561404 0.7716557017543861 0.5646929824561404 0.6592653508771931 0.6332236842105264 0.6510416666666667 0.6313961988304094 0.7661732456140352
0 0.6323099415204678 0.7689144736842105 0.632309941520468 0.6537828947368421 0.7026681286549709 0.6483004385964913 0.6980994152046783 0.7634320175438598
0 0.6990131578947368 0.7606907894736842 0.7026681286549709 0.6524122807017545 0.7693713450292398 0.640076754385965 0.7629751461988304 0.7565789473684211
0 0.7638888888888888 0.756578947368421 0.76937134502924 0.6428179824561405 0.8808479532163744 0.630482456140351 0.8726242690058481 0.7387609649122808
0 0.5793128654970761 0.9525767543859649 0.5802266081871346 0.8607456140350878 0.6469298245614036 0.8511513157894738 0.6460160818713451 0.9361293859649124 0.5857090643274854 0.9457236842105264
0 0.6469298245614035 0.9416118421052632 0.647843567251462 0.855263157894737 0.7108918128654973 0.8456688596491229 0.7081505847953217 0.9292763157894737
0 0.7054093567251462 0.9320175438596491 0.7099780701754388 0.8442982456140352 0.7748538011695908 0.8388157894736843 0.7684576023391813 0.9155701754385966
0 0.7666301169590644 0.9183114035087719 0.7730263157894739 0.8388157894736843 0.8717105263157895 0.8292214912280702 0.8634868421052632 0.9004934210526315
0 0.5710891812865497 1 0.5729166666666667 0.9457236842105263 0.6789108187134503 0.9361293859649121 0.6761695906432749 1
0 0.6761695906432749 0.9978070175438597 0.6789108187134503 0.933388157894737 0.7447002923976608 0.9224232456140352 0.7373903508771932 1
0 0.7383040935672515 1 0.7447002923976608 0.9224232456140351 0.804093567251462 0.9114583333333334 0.7949561403508771 1
0 0.7958698830409356 0.9991776315789473 0.8040935672514622 0.9114583333333334 0.8607456140350878 0.9004934210526317 0.8497807017543861 0.9936951754385966