0 0.12335526315789473 0.9046052631578949 0.13523391812865498 0.7990679824561405 0.25950292397660824 0.7990679824561405 0.25127923976608196 0.9128289473684211
0 0.25036549707602346 0.9114583333333334 0.2622441520467837 0.8004385964912282 0.38742690058479534 0.8018092105263158 0.3819444444444444 0.9183114035087719
0 0.382858187134503 0.9141995614035088 0.3883406432748539 0.8018092105263159 0.5135233918128655 0.8045504385964913 0.5144371345029239 0.9114583333333335
0 0.1379751461988305 0.7976973684210527 0.14985380116959066 0.6921600877192984 0.2695540935672515 0.6962719298245615 0.2585891812865498 0.8018092105263158
0 0.2595029239766083 0.8031798245614035 0.26955409356725146 0.6949013157894738 0.39108187134502925 0.6976425438596493 0.3855994152046784 0.8031798245614035 0.2604166666666667 0.805921052631579
0 0.38651315789473695 0.8045504385964912 0.3919956140350878 0.6962719298245615 0.5153508771929824 0.6976425438596491 0.5144371345029239 0.805921052631579
0 0.15625000000000008 0.6949013157894737 0.16721491228070187 0.5975877192982457 0.2805190058479533 0.5975877192982456 0.2732090643274854 0.6990131578947368
0 0.27412280701754393 0.6976425438596491 0.27960526315789475 0.5975877192982457 0.39930555555555564 0.600328947368421 0.39290935672514626 0.6990131578947368
0 0.39290935672514626 0.7003837719298246 0.4002192982456142 0.5934758771929824 0.5171783625730995 0.6044407894736842 0.5153508771929827 0.7003837719298246
0 0.16812865497076032 0.600328947368421 0.17635233918128662 0.5084978070175439 0.2869152046783627 0.5071271929824561 0.27960526315789475 0.6016995614035089
0 0.28143274853801176 0.5975877192982456 0.28874269005847947 0.5030153508771931 0.40478801169590645 0.5030153508771931 0.4002192982456142 0.5975877192982456
0 0.40021929824561414 0.5975877192982456 0.4047880116959065 0.5043859649122807 0.5171783625730995 0.5112390350877194 0.5162646198830411 0.6058114035087719
0 0.182748538011696 0.5098684210526315 0.1918859649122808 0.4248903508771931 0.2997076023391813 0.4248903508771931 0.293311403508772 0.5057565789473685
0 0.2942251461988305 0.5043859649122807 0.2987938596491228 0.4221491228070176 0.40752923976608185 0.42214912280701755 0.4057017543859649 0.503015350877193
0 0.405701754385965 0.5057565789473685 0.40752923976608196 0.4221491228070176 0.5190058479532164 0.42351973684210537 0.5190058479532164 0.5126096491228072
0 0.19279970760233928 0.34265350877192985 0.19919590643274854 0.27686403508771934 0.30062134502923976 0.2796052631578948 0.2960526315789474 0.34402412280701755
0 0.29605263157894746 0.34402412280701755 0.30244883040935694 0.2782346491228071 0.4047880116959066 0.2796052631578948 0.40113304093567254 0.34676535087719307
0 0.4011330409356726 0.3495065789473684 0.405701754385965 0.27686403508771934 0.5080409356725146 0.2796052631578948 0.5089546783625732 0.3440241228070176
0 0.20102339181286558 0.27960526315789475 0.21016081871345038 0.20559210526315788 0.30975877192982476 0.20696271929824567 0.30062134502923976 0.28234649122807015
0 0.3015350877192983 0.28097587719298245 0.30975877192982465 0.205592105263158 0.4093567251461988 0.2083333333333334 0.4057017543859649 0.28234649122807015
0 0.4047880116959065 0.27960526315789475 0.4084429824561404 0.20422149122807018 0.5080409356725147 0.20422149122807023 0.5080409356725146 0.28234649122807015
0 0.21016081871345038 0.20833333333333334 0.2183845029239766 0.137061403508772 0.3134137426900585 0.137061403508772 0.3097587719298246 0.2069627192982456
0 0.30884502923976614 0.20833333333333334 0.31341374269005856 0.13706140350877197 0.4102704678362573 0.13569078947368426 0.40844298245614036 0.20696271929824564
0 0.40752923976608196 0.2069627192982456 0.41027046783625737 0.1356907894736842 0.5062134502923976 0.1356907894736842 0.5062134502923976 0.20559210526315788
0 0.21838450292397668 0.13980263157894737 0.22569444444444445 0.07675438596491228 0.31980994152046777 0.07675438596491231 0.3125 0.1398026315789474
0 0.31341374269005856 0.14117324561403508 0.317982456140351 0.0712719298245614 0.41392543859649134 0.07401315789473684 0.4111842105263159 0.13706140350877194
0 0.4111842105263159 0.13980263157894737 0.41301169590643283 0.07264254385964915 0.5052997076023392 0.07264254385964912 0.5062134502923978 0.13706140350877194
0 0.2275219298245615 0.07949561403508773 0.2311769005847954 0.01781798245614035 0.32255116959064334 0.013706140350877208 0.317982456140351 0.07949561403508773
0 0.317982456140351 0.07812500000000001 0.32346491228070184 0.009594298245614067 0.4130116959064328 0.009594298245614027 0.4102704678362575 0.078125
0 0.4111842105263159 0.0767543859649123 0.41301169590643283 0.010964912280701785 0.5007309941520468 0.012335526315789465 0.5043859649122807 0.07264254385964912
0 0.8735380116959064 0.7510964912280702 1 0.7456140350877194 1 0.9073464912280702 0.8927266081871345 0.9100877192982457
1 0.8908991228070176 0.503015350877193 0.9667397660818714 0.49890350877192996 0.9767909356725147 0.5592105263157895 0.900950292397661 0.5688048245614035
1 0.8918128654970761 0.503015350877193 0.8808479532163743 0.4331140350877194 0.9265350877192984 0.4331140350877193 0.9375000000000001 0.503015350877193
1 0.9375 0.5002741228070176 0.9247076023391813 0.4303728070175439 0.9713084795321637 0.4290021929824563 0.9831871345029239 0.49890350877192974
1 0.8799342105263158 0.4331140350877193 0.8735380116959066 0.36869517543859653 0.9429824561403509 0.36321271929824567 0.9530336257309944 0.4290021929824562
1 0.9530336257309941 0.4290021929824561 0.9420687134502925 0.36321271929824567 0.9822733918128655 0.3591008771929825 0.9941520467836259 0.42626096491228077
1 0.8744517543859649 0.3673245614035088 0.8653143274853803 0.3001644736842105 0.9091739766081873 0.2987938596491228 0.9210526315789476 0.3645833333333333
1 0.9219663742690059 0.3632127192982456 0.9091739766081873 0.2974232456140351 0.9502923976608189 0.29605263157894735 0.9649122807017545 0.3645833333333333
1 0.9649122807017544 0.3645833333333333 0.9502923976608187 0.2974232456140351 0.988669590643275 0.29468201754385964 1 0.35773026315789475