2 0.28175371574455155 0.9724509170188135 0.284424367078623 0.9253806872558018 0.3445140220952336 0.9263821815060788 0.3438463592617157 0.9734524112690903
2 0.3431786964281978 0.9744539055193672 0.34518168492875145 0.924379193005525 0.405271339945362 0.9263821815060787 0.40393601427832626 0.9704479285182597
2 0.40393601427832615 0.9714494227685366 0.405271339945362 0.9243791930055251 0.46469333212845454 0.924379193005525 0.46402566929493666 0.9714494227685366
2 0.28709501841269464 0.9263821815060788 0.29043333258028414 0.8753059747419598 0.3471846734293052 0.8763074689922367 0.3451816849287515 0.9263821815060788
2 0.3451816849287515 0.924379193005525 0.3478523362628231 0.873302986241406 0.4072743284459156 0.873302986241406 0.4046036771118442 0.9273836757563554
2 0.40460367711184403 0.9273836757563554 0.4059390027788798 0.8712999977408524 0.4646933321284546 0.8723014919911293 0.4640256692949367 0.9263821815060788
2 0.28976566974676626 0.8763074689922367 0.2931039839143557 0.823228273727564 0.3485199990963409 0.8242297679778408 0.3465170105957873 0.8783104574927902
2 0.3465170105957873 0.8763074689922367 0.3491876619298588 0.823228273727564 0.4086096541129515 0.8222267794772872 0.4059390027788799 0.8763074689922365
2 0.4066066656123978 0.874304480491683 0.40794199127943354 0.8232282737275639 0.4653609949619725 0.8242297679778408 0.4640256692949367 0.8753059747419598
2 0.29176865824731996 0.8242297679778408 0.2951069724149094 0.7741550554639988 0.35119065043041253 0.7731535612137218 0.3491876619298588 0.8272342507286714
2 0.34918766192985884 0.8262327564783946 0.35119065043041253 0.7721520669634451 0.40927731694646935 0.7741550554639987 0.40794199127943354 0.8242297679778406
2 0.40794199127943354 0.8222267794772872 0.4086096541129515 0.772152066963445 0.46335800646141884 0.7721520669634451 0.4640256692949367 0.8272342507286713
2 0.2951069724149094 0.7761580439645523 0.2991129494160168 0.7260833314507102 0.3538613017644841 0.7250818372004335 0.3518583132639304 0.7751565497142756
2 0.3525259760974484 0.7751565497142756 0.3538613017644841 0.7240803429501566 0.40927731694646935 0.7240803429501566 0.4086096541129514 0.7761580439645522
2 0.40927731694646935 0.7741550554639987 0.4099449797799873 0.7230788486998798 0.4646933321284546 0.7240803429501566 0.4640256692949367 0.7731535612137218
2 0.2975189171215733 0.6817780433164915 0.30012112339377367 0.6375405366890856 0.35346635197388077 0.6368899851210356 0.3512978467470472 0.6804769401803913
2 0.3521652488377806 0.6830791464525917 0.35346635197388077 0.6375405366890856 0.40854638473545485 0.6381910882571357 0.4072452815993547 0.6811274917484413
2 0.4063778795086212 0.6830791464525917 0.40811268369008813 0.6362394335529854 0.461891613315562 0.6375405366890856 0.4610242112248286 0.6804769401803913
2 0.30098852548450705 0.6375405366890856 0.3031570307113407 0.5939535816297298 0.3552011561553477 0.5933030300616797 0.35433375406461426 0.6381910882571357
2 0.3539000530192475 0.6368899851210355 0.3556348572007144 0.5926524784936296 0.40984748787155506 0.5926524784936296 0.40811268369008813 0.6381910882571358
2 0.40854638473545485 0.6381910882571357 0.4089800857808215 0.5913513753575296 0.461891613315562 0.5913513753575296 0.46145791227019534 0.6381910882571357
2 0.3031570307113407 0.5946041331977798 0.30489183489280763 0.5497160750023239 0.3573696613821813 0.5490655234342738 0.3556348572007144 0.5939535816297299
2 0.35606855824608113 0.5926524784936296 0.35736966138218135 0.5477644202981736 0.40984748787155506 0.5490655234342737 0.4089800857808216 0.5946041331977798
2 0.4089800857808215 0.5913513753575296 0.4094137868261883 0.5471138687301235 0.461891613315562 0.5484149718662236 0.461891613315562 0.5920019269255795
2 0.30489183489280763 0.5503666265703739 0.30706034011964123 0.5061291199429679 0.3582370634729148 0.5061291199429679 0.3573696613821813 0.5490655234342737
2 0.35823706347291473 0.5477644202981735 0.3591044655636482 0.5067796715110181 0.41114859100765516 0.5074302230790682 0.40984748787155506 0.5503666265703739
2 0.40984748787155506 0.5490655234342737 0.4111485910076552 0.5048280168068678 0.4623253143609287 0.5067796715110181 0.461891613315562 0.5490655234342737
2 0.3079277422103747 0.5054785683749179 0.30879514430110816 0.46449381958776237 0.3612729707904819 0.4651443711558125 0.35867076451828156 0.5074302230790682
2 0.3586707645182815 0.506779671511018 0.3608392697451151 0.4638432680197124 0.4124496941437554 0.4651443711558125 0.4111485910076552 0.5080807746471183
2 0.411582292053022 0.5054785683749179 0.4120159930983887 0.4651443711558125 0.4623253143609287 0.46709602585996274 0.4623253143609287 0.5067796715110181
2 0.5210615671713892 0.7371679187424716 0.5215243216715414 0.6753901929721514 0.588623724193612 0.6781667199730647 0.5914002511945253 0.7378620504926999
2 0.5914002511945253 0.7399444457433849 0.5900119876940685 0.6774725882228365 0.6233303117050277 0.6809432469739779 0.6247185752054843 0.7399444457433849
2 0.6251813297056367 0.7399444457433849 0.62379306620518 0.6781667199730647 0.6575741447162914 0.6802491152237498 0.6594251627169001 0.7399444457433849
2 0.6598879172170523 0.7406385774936131 0.6571113902161392 0.6795549834735214 0.6908924687272505 0.6823315104744346 0.694131750228316 0.7420268409940697
2 0.5196733036709327 0.6753901929721515 0.5187477946706281 0.617083125952973 0.5511406096812829 0.6191655212036579 0.5525288731817395 0.6774725882228363
2 0.5548426456825005 0.678860851723293 0.5520661186815873 0.6177772577032011 0.584458933692242 0.6177772577032011 0.5863099516928508 0.6753901929721514
2 0.5890864786937642 0.6774725882228363 0.5867727061930031 0.6156948624525163 0.6191655212036579 0.6184713894534296 0.6224048027047233 0.6767784564726081
2 0.6261068387059411 0.6774725882228365 0.6228675572048755 0.6156948624525163 0.6871904327260329 0.6219420482045712 0.6908924687272505 0.6795549834735214
2 0.5298539026742811 0.6163889942027446 0.5289283936739768 0.5580819271835661 0.5927885146949818 0.5615525859347077 0.5951022871957429 0.6163889942027446
2 0.5955650416958952 0.6136124672018314 0.5932512691951342 0.5594701906840226 0.6237930662051798 0.5608584541844793 0.6256440842057888 0.6177772577032011
2 0.6279578567065499 0.617083125952973 0.6247185752054843 0.5594701906840226 0.6557231267156826 0.5622467176849358 0.6584996537165957 0.6177772577032011
2 0.6598879172170524 0.6191655212036579 0.656648635715987 0.5643291129356209 0.6871904327260329 0.5650232446858492 0.6904297142270983 0.6191655212036579
2 0.5233753396721503 0.8447583400278605 0.522912585171998 0.7760392967552573 0.590937496694373 0.7781216920059423 0.5927885146949818 0.8426759447771756
2 0.5927885146949818 0.8440642082776323 0.5918630056946774 0.7774275602557138 0.6265695932060932 0.7788158237561705 0.6288833657068543 0.8433700765274039
2 0.6293461202070065 0.8440642082776323 0.6265695932060932 0.7781216920059423 0.6608134262173568 0.7795099555063989 0.6635899532182701 0.8454524717780889
2 0.6645154622185745 0.8461466035283172 0.6608134262173568 0.7788158237561705 0.6945945047284682 0.7808982190068555 0.6973710317293814 0.8440642082776323
2 0.5210615671713892 0.9120891198000072 0.520598812671237 0.8419818130269473 0.5562309091829573 0.8426759447771756 0.5566936636831094 0.9113949880497789
2 0.5585446816837183 0.9134773833004639 0.5580819271835661 0.8426759447771754 0.5927885146949818 0.843370076527404 0.5941767781954383 0.9120891198000072
2 0.5960277961960472 0.9120891198000072 0.593251269195134 0.8440642082776323 0.6279578567065498 0.8447583400278607 0.6316598927077676 0.9134773833004638
2 0.6316598927077676 0.9127832515502355 0.6293461202070065 0.8440642082776323 0.6992220497299902 0.8440642082776323 0.702924085731208 0.914171515050692
2 0.5224498306718458 0.9717844503196423 0.5215243216715414 0.9134773833004639 0.5955650416958951 0.9120891198000071 0.5978788141966562 0.9724785820698707
2 0.5978788141966562 0.9724785820698707 0.5960277961960474 0.9120891198000072 0.6325854017080719 0.9134773833004639 0.634899174208833 0.9724785820698707
2 0.6344364197086808 0.9738668455703274 0.6321226472079197 0.9127832515502354 0.66775474371964 0.914171515050692 0.6714567797208576 0.9745609773205556
2 0.6737705522216187 0.9759492408210123 0.6696057617202488 0.9127832515502355 0.7043123492316646 0.9148656468009205 0.7084771397330344 0.9773375043214688