0 0.07858187134502927 0.8771929824561403 0.10416666666666671 0.6688596491228072 0.28691520467836257 0.6688596491228072 0.2722953216374269 0.8771929824561403
0 0.2741228070175439 0.874451754385965 0.2860014619883042 0.668859649122807 0.4057017543859649 0.6729714912280703 0.3993055555555556 0.8758223684210528
0 0.3965643274853801 0.8799342105263158 0.40478801169590645 0.668859649122807 0.5254020467836257 0.6716008771929824 0.5235745614035089 0.8826754385964913
0 0.10599415204678364 0.6716008771929824 0.12609649122807018 0.48519736842105277 0.2969663742690059 0.48656798245614047 0.2860014619883041 0.6716008771929824
0 0.2860014619883041 0.6716008771929824 0.29513888888888884 0.48656798245614036 0.40752923976608196 0.48656798245614036 0.40387426900584794 0.668859649122807
0 0.4057017543859649 0.668859649122807 0.4120979532163744 0.4824561403508772 0.5226608187134504 0.48793859649122806 0.5235745614035088 0.6729714912280703
0 0.12609649122807023 0.4824561403508772 0.14711257309941525 0.3316885964912281 0.3061038011695907 0.337171052631579 0.29788011695906436 0.4879385964912281
0 0.2978801169590643 0.48656798245614036 0.30884502923976614 0.32757675438596495 0.4084429824561404 0.3303179824561404 0.40844298245614036 0.4893092105263159
0 0.4093567251461988 0.48793859649122806 0.41392543859649134 0.3344298245614036 0.5153508771929824 0.33991228070175444 0.5153508771929824 0.48930921052631576
0 0.1525950292397661 0.2563048245614035 0.17452485380116964 0.12198464912280708 0.31798245614035087 0.13706140350877197 0.3097587719298246 0.259046052631579
0 0.31067251461988304 0.2631578947368421 0.3198099415204678 0.13294956140350878 0.4111842105263159 0.13980263157894737 0.4084429824561405 0.2672697368421053
0 0.40844298245614036 0.26726973684210525 0.4139254385964912 0.13569078947368426 0.5062134502923976 0.14117324561403513 0.5062134502923977 0.26864035087719296
0 0.17361111111111113 0.12609649122807018 0.1900584795321638 0.006853070175438612 0.32803362573099415 0.017817982456140368 0.3198099415204678 0.13706140350877197
0 0.31980994152046793 0.13432017543859653 0.3289473684210527 0.010964912280701785 0.4175804093567253 0.017817982456140382 0.4130116959064328 0.1329495614035088 0.3188961988304094 0.13157894736842107
0 0.41301169590643283 0.13432017543859653 0.41758040935672525 0.012335526315789474 0.5052997076023392 0.01644736842105263 0.5071271929824562 0.13706140350877197 0.41301169590643283 0.13432017543859648
0 0.6213450292397662 0.29605263157894746 0.6176900584795323 0.22889254385964913 0.7255116959064329 0.2275219298245615 0.7319078947368421 0.29605263157894735
0 0.6176900584795322 0.23026315789473684 0.6149488304093568 0.15625000000000006 0.7191154970760235 0.15487938596491233 0.7255116959064327 0.23026315789473684
0 0.6158625730994152 0.16173245614035087 0.6112938596491229 0.08634868421052634 0.7108918128654971 0.0849780701754386 0.7191154970760235 0.15625
0 0.6149488304093568 0.09183114035087721 0.6085526315789473 0.021929824561403525 0.7063230994152047 0.020559210526315805 0.7108918128654973 0.08771929824561404
0 0.7118055555555556 0.08634868421052637 0.7054093567251464 0.017817982456140368 0.8059210526315791 0.016447368421052648 0.81140350877193 0.08360745614035088
0 0.720029239766082 0.15762061403508773 0.7118055555555555 0.08360745614035091 0.8132309941520469 0.08223684210526316 0.8214546783625731 0.1493969298245614
0 0.7255116959064327 0.22341008771929824 0.7182017543859651 0.1507675438596492 0.8223684210526315 0.15213815789473686 0.8324195906432749 0.22066885964912283
0 0.7355628654970761 0.29605263157894746 0.7255116959064329 0.2234100877192983 0.8324195906432749 0.22615131578947378 0.8406432748538012 0.2905701754385965
0 0.8415570175438597 0.29057017543859653 0.8333333333333335 0.22341008771929824 0.9402412280701756 0.22203947368421054 0.9512061403508771 0.2864583333333335
0 0.8333333333333334 0.2275219298245614 0.82328216374269 0.15076754385964913 0.92562134502924 0.1493969298245614 0.9393274853801171 0.22341008771929824
0 0.8241959064327485 0.15487938596491227 0.8132309941520468 0.07949561403508774 0.9119152046783626 0.0822368421052632 0.9237938596491229 0.14802631578947376
0 0.8104897660818714 0.0836074561403509 0.8022660818713452 0.012335526315789505 0.9018640350877193 0.013706140350877185 0.9128289473684212 0.078125
0 0.6204312865497076 0.4673793859649124 0.6158625730994153 0.38377192982456143 0.7291666666666666 0.3824013157894737 0.7364766081871345 0.4646381578947369
0 0.623172514619883 0.5592105263157895 0.6213450292397661 0.4673793859649123 0.737390350877193 0.4660087719298247 0.7456140350877193 0.5578399122807017
0 0.6323099415204678 0.6674890350877193 0.625 0.5592105263157896 0.7474415204678363 0.5564692982456142 0.7538377192982458 0.6633771929824561
0 0.6377923976608187 0.7716557017543861 0.6295687134502924 0.6592653508771931 0.758406432748538 0.6606359649122807 0.7684576023391815 0.7702850877192983
0 0.6441885964912281 0.8799342105263158 0.6377923976608187 0.7689144736842105 0.76937134502924 0.7730263157894738 0.7766812865497078 0.8785635964912282
0 0.7410453216374269 0.46189692982456143 0.7337353801169592 0.38377192982456143 0.8488669590643275 0.38103070175438597 0.8570906432748538 0.45915570175438597
0 0.7492690058479532 0.5550986842105263 0.7383040935672515 0.4618969298245613 0.8552631578947368 0.46052631578947373 0.8698830409356727 0.5537280701754386
0 0.7593201754385965 0.6565241228070176 0.7501827485380117 0.552357456140351 0.8707967836257312 0.5550986842105264 0.8872441520467836 0.6537828947368423 0.7620614035087719 0.6565241228070176
0 0.7739400584795323 0.7730263157894738 0.758406432748538 0.6565241228070176 0.8881578947368421 0.6578947368421053 0.9027777777777778 0.7634320175438597
0 0.783077485380117 0.8854166666666667 0.7721125730994152 0.7661732456140351 0.9027777777777778 0.7648026315789475 0.918311403508772 0.8771929824561405
0 0.9210526315789473 0.8785635964912281 0.9036915204678363 0.762061403508772 1 0.762061403508772 1 0.8758223684210528
0 0.9055190058479532 0.7661732456140351 0.8890716374269008 0.6551535087719299 1 0.6537828947368423 0.9968932748538013 0.7606907894736843
0 0.8881578947368423 0.6551535087719299 0.8744517543859651 0.5523574561403509 0.9968932748538013 0.5523574561403509 1 0.5852521929824561 0.9996345029239768 0.649671052631579
0 0.8744517543859649 0.5550986842105263 0.8616593567251464 0.4605263157894738 0.9804459064327485 0.4591557017543861 0.9941520467836257 0.5537280701754387
0 0.8616593567251462 0.46463815789473684 0.8497807017543859 0.3796600877192983 0.962171052631579 0.38103070175438597 0.9758771929824563 0.46052631578947373