0 0.7465277777777778 0.8730811403508771 0.7328216374269007 0.7236842105263158 0.8762792397660819 0.7223135964912281 0.8927266081871345 0.8621162280701754 0.7538377192982458 0.859375
0 0.8963815789473685 0.859375 0.8771929824561403 0.718201754385965 0.9630847953216376 0.718201754385965 0.9859283625730996 0.8607456140350878
0 1 0.859375 0.9895833333333334 0.859375 0.965826023391813 0.7195723684210527 1 0.7195723684210528
0 0.7319078947368421 0.7236842105263158 0.720029239766082 0.5811403508771931 0.7995248538011696 0.5756578947368423 0.8150584795321637 0.7236842105263158
0 0.8241959064327485 0.7209429824561403 0.8059210526315791 0.5756578947368423 0.8863304093567254 0.5715460526315791 0.9082602339181286 0.7182017543859649
0 0.914656432748538 0.7154605263157895 0.8936403508771932 0.5701754385964913 0.9758771929824561 0.571546052631579 0.9968932748538013 0.7140899122807017
0 0.7136330409356725 0.5866228070175439 0.7035818713450294 0.45093201754385975 0.8278508771929824 0.4509320175438597 0.8442982456140352 0.5756578947368423
0 0.8644005847953217 0.5783991228070176 0.8506944444444444 0.4481907894736843 0.9274488304093569 0.4440789473684212 0.9420687134502924 0.5715460526315791 0.8607456140350878 0.5756578947368423
0 0.960343567251462 0.5660635964912281 0.9393274853801171 0.4331140350877193 1 0.43448464912280715 1 0.5660635964912281
0 0.7191154970760234 0.45093201754385964 0.7072368421052633 0.3412828947368421 0.78125 0.34402412280701755 0.7931286549707602 0.45230263157894746
0 0.7922149122807017 0.45230263157894735 0.78125 0.3426535087719299 0.8561769005847953 0.33991228070175444 0.8680555555555557 0.45093201754385964
0 0.8744517543859649 0.44819078947368424 0.8607456140350879 0.33854166666666674 0.9320175438596491 0.3358004385964913 0.9484649122807017 0.4358552631578948 0.9375000000000001 0.4372258771929825 0.9329312865497078 0.44682017543859653
0 0.9493786549707602 0.43448464912280704 0.9292763157894737 0.3330592105263159 1 0.3316885964912281 1 0.43037280701754393 0.9512061403508774 0.43174342105263164
0 0.6843932748538012 0.25219298245614036 0.6770833333333335 0.18092105263157898 0.7867324561403509 0.17955043859649122 0.7922149122807017 0.2412280701754386
0 0.8004385964912281 0.24259868421052633 0.7922149122807017 0.17543859649122806 0.857090643274854 0.17817982456140352 0.8644005847953218 0.23711622807017543
0 0.8644005847953217 0.23985745614035087 0.8561769005847955 0.17543859649122814 0.9219663742690059 0.17817982456140355 0.9320175438596491 0.23985745614035092
0 0.9338450292397661 0.23848684210526322 0.9210526315789473 0.17817982456140352 0.9877558479532166 0.17955043859649125 0.9987207602339183 0.23985745614035087
0 0.6761695906432749 0.17955043859649128 0.668859649122807 0.08634868421052633 0.7328216374269008 0.09046052631578948 0.7410453216374271 0.18092105263157895
0 0.7474415204678363 0.1768092105263158 0.7373903508771932 0.08360745614035091 0.8013523391812867 0.08908991228070177 0.8141447368421053 0.17955043859649122
0 0.8132309941520468 0.17817982456140352 0.8013523391812866 0.0904605263157895 0.8625730994152047 0.09320175438596495 0.8771929824561403 0.17955043859649122
0 0.8781067251461988 0.17955043859649122 0.8634868421052633 0.09046052631578952 0.9703947368421053 0.08771929824561403 0.9895833333333334 0.17543859649122806
0 0.6560672514619885 0.11101973684210528 0.6478435672514621 0.030153508771929825 0.7456140350877195 0.02741228070175441 0.7556652046783626 0.09046052631578949 0.6697733918128655 0.08908991228070177 0.668859649122807 0.11101973684210528
0 0.7657163742690059 0.08771929824561404 0.7520102339181286 0.013706140350877208 0.8141447368421053 0.015076754385964928 0.825109649122807 0.09457236842105264
0 0.8415570175438597 0.09594298245614037 0.8296783625730996 0.008223684210526331 0.8899853801169593 0.012335526315789458 0.9055190058479534 0.09046052631578946 0.8442982456140351 0.09183114035087718
0 0.9073464912280702 0.09046052631578949 0.8890716374269005 0.015076754385964912 0.9502923976608189 0.015076754385964912 0.9639985380116961 0.0904605263157895
0 0.6551535087719298 0.03152412280701756 0.6514985380116959 0 0.7118055555555556 0.002741228070175462 0.7145467836257311 0.03015350877192985 0.6560672514619885 0.03015350877192985
0 0.7127192982456141 0.03015350877192984 0.7108918128654971 0.0013706140350877426 0.7730263157894737 0 0.7739400584795322 0.020559210526315812 0.7510964912280703 0.016447368421052655 0.7492690058479534 0.030153508771929835
1 0.30153508771929827 0.9320175438596491 0.30610380116959063 0.8470394736842106 0.3974780701754387 0.8497807017543861 0.39199561403508787 0.9347587719298247
1 0.4020467836257311 0.8497807017543861 0.49159356725146197 0.8538925438596493 0.49159356725146197 0.9388706140350878 0.3983918128654972 0.9375000000000001
1 0.4906798245614036 0.9347587719298247 0.4915935672514621 0.8525219298245615 0.581140350877193 0.855263157894737 0.5811403508771931 0.9361293859649122
1 0.3088450292397661 0.8484100877192983 0.3161549707602339 0.7648026315789475 0.43402777777777785 0.7716557017543861 0.4303728070175439 0.8525219298245615
1 0.4596125730994152 0.8525219298245614 0.4632675438596492 0.7716557017543861 0.5774853801169592 0.7771381578947368 0.5793128654970761 0.855263157894737
1 0.316154970760234 0.7675438596491229 0.3207236842105264 0.689418859649123 0.4057017543859649 0.6949013157894737 0.40296052631578966 0.7689144736842105
1 0.40478801169590645 0.7716557017543859 0.40752923976608196 0.6962719298245615 0.49342105263157904 0.699013157894737 0.49342105263157904 0.7757675438596491
1 0.4934210526315789 0.7757675438596491 0.4943347953216375 0.6949013157894738 0.5774853801169592 0.6976425438596491 0.5811403508771931 0.7771381578947368
1 0.3399122807017544 0.6921600877192984 0.3444809941520468 0.6250000000000001 0.45595760233918137 0.6291118421052632 0.4541301169590643 0.6990131578947368
1 0.45321637426900585 0.7017543859649122 0.4550438596491229 0.6318530701754387 0.5646929824561404 0.6345942982456141 0.5665204678362573 0.6990131578947368
1 0.333516081871345 0.571546052631579 0.3371710526315789 0.5043859649122807 0.4184941520467837 0.5084978070175439 0.4157529239766082 0.5729166666666666
1 0.41483918128654973 0.571546052631579 0.41666666666666674 0.5057565789473686 0.4998172514619883 0.512609649122807 0.4989035087719299 0.5742872807017544
1 0.49798976608187134 0.571546052631579 0.49707602339181295 0.512609649122807 0.5756578947368421 0.5167214912280702 0.5783991228070177 0.5797697368421053
1 0.34082602339181284 0.5071271929824561 0.34539473684210525 0.4427083333333335 0.44773391812865504 0.4481907894736841 0.4468201754385965 0.512609649122807
1 0.47423245614035087 0.5098684210526315 0.47514619883040937 0.4454495614035089 0.5756578947368421 0.45230263157894746 0.5783991228070176 0.5153508771929824
1 0.3435672514619884 0.4427083333333333 0.3472222222222223 0.37691885964912286 0.4239766081871345 0.37966008771929827 0.42123538011695916 0.44407894736842113
1 0.42214912280701755 0.4468201754385965 0.4239766081871345 0.38240131578947373 0.5007309941520469 0.38514254385964924 0.5007309941520469 0.45230263157894746
1 0.5007309941520468 0.44956140350877194 0.4998172514619884 0.38377192982456143 0.5765716374269007 0.3892543859649123 0.5774853801169592 0.45093201754385964
1 0.3609283625730994 0.3824013157894737 0.36275584795321647 0.32346491228070173 0.46326754385964913 0.3316885964912281 0.46144005847953223 0.38925438596491235
1 0.46235380116959063 0.38514254385964913 0.46235380116959063 0.3289473684210527 0.5610380116959065 0.33168859649122806 0.561951754385965 0.39336622807017546
1 0.09685672514619885 0.7415021929824562 0.10782163742690061 0.6647478070175439 0.16630116959064328 0.6688596491228072 0.15716374269005848 0.7415021929824562 0.10142543859649122 0.7428728070175439
1 0.10873538011695909 0.6620065789473685 0.11695906432748542 0.5934758771929826 0.17726608187134502 0.5989583333333335 0.16904239766081872 0.6661184210526317
1 0.11970029239766083 0.5921052631578947 0.12975146198830415 0.5249451754385965 0.1900584795321638 0.5331688596491229 0.1800073099415205 0.6016995614035089
1 0.1324926900584796 0.5263157894736842 0.14163011695906433 0.46326754385964913 0.20193713450292397 0.4673793859649124 0.1937134502923977 0.5290570175438597
1 0.010964912280701775 0.527686403508772 0.025584795321637432 0.46189692982456143 0.08315058479532164 0.4646381578947369 0.07035818713450294 0.5317982456140351
1 0 0.5962171052631579 0.009137426900584805 0.5263157894736842 0.07035818713450293 0.5304276315789475 0.055738304093567254 0.5962171052631579
1 0.05482456140350877 0.5934758771929824 2.077610338479825e-17 0.5948464912280703 3.1164155077197375e-17 0.6537828947368423 0.04477339181286553 0.6592653508771931