0 0.0027412280701754593 0.8675986842105263 0.04203216374269008 0.6387061403508771 0.24396929824561409 0.6441885964912282 0.22112573099415206 0.8689692982456141
0 0.045687134502924 0.6400767543859649 0.07858187134502927 0.4440789473684211 0.2658991228070176 0.4536732456140351 0.2448830409356725 0.6469298245614037
0 0.08223684210526318 0.4440789473684211 0.10782163742690058 0.2809758771929825 0.27960526315789475 0.2919407894736843 0.26224415204678364 0.45230263157894746
0 0.27960526315789475 0.2837171052631579 0.3919956140350877 0.28782894736842113 0.38194444444444453 0.4536732456140351 0.26133040935672514 0.44956140350877194
0 0.3919956140350877 0.2891995614035088 0.5043859649122808 0.29331140350877194 0.5007309941520469 0.45230263157894746 0.3837719298245615 0.44956140350877194
0 0.26589912280701755 0.44956140350877194 0.38559941520467844 0.45367324561403516 0.3755482456140351 0.6524122807017544 0.24579678362573104 0.6428179824561405
0 0.3846856725146199 0.44956140350877194 0.5052997076023392 0.45367324561403516 0.5043859649122808 0.6537828947368421 0.37554824561403516 0.6483004385964912 0.38468567251462 0.45778508771929827
0 0.24579678362573099 0.6428179824561403 0.3755482456140351 0.6524122807017545 0.36184210526315796 0.8730811403508774 0.22386695906432752 0.8717105263157896
0 0.3755482456140351 0.6537828947368421 0.5016447368421053 0.6551535087719299 0.5007309941520469 0.8799342105263159 0.3618421052631579 0.874451754385965
0 0.11878654970760236 0.19325657894736842 0.14163011695906436 0.052083333333333336 0.30153508771929827 0.06304824561403509 0.2887426900584796 0.2014802631578948
0 0.2887426900584795 0.20285087719298245 0.3024488304093568 0.05756578947368426 0.4029605263157895 0.06578947368421056 0.3974780701754387 0.2042214912280702
0 0.40021929824561414 0.20148026315789475 0.4057017543859649 0.0616776315789474 0.5071271929824562 0.0671600877192983 0.5080409356725147 0.20970394736842105 0.40021929824561414 0.20422149122807023
0 0.14619883040935674 0.05208333333333335 0.1535087719298246 0 0.3070175438596492 0 0.3024488304093567 0.0644188596491228
0 0.3024488304093567 0.058936403508771947 0.3079312865497076 0 0.4084429824561405 0 0.40478801169590645 0.06304824561403509
0 0.4057017543859649 0.05482456140350879 0.4084429824561404 0 0.5080409356725147 7.791038769299344e-18 0.5080409356725147 0.06030701754385966