0 0.02192982456140353 0.26864035087719296 0.0493421052631579 0.13020833333333337 0 0.13157894736842105 0 0.2617872807017544
0 0.046600877192982476 0.12883771929824564 0.07127192982456143 0.0054824561403508925 0 0.006853070175438612 1.0388051692399125e-17 0.1288377192982456
0 0.14528508771929827 0.6469298245614035 0.15168128654970764 0.5893640350877194 0.266812865497076 0.5879934210526317 0.2604166666666667 0.6455592105263159
0 0.2604166666666667 0.6510416666666666 0.2658991228070176 0.5893640350877193 0.3892543859649123 0.5893640350877193 0.38742690058479534 0.6455592105263158
0 0.38651315789473684 0.6483004385964912 0.39108187134502925 0.5879934210526315 0.5190058479532165 0.5893640350877194 0.5190058479532165 0.6428179824561405
0 0.12335526315789476 0.703125 0.13249269005847952 0.6441885964912282 0.19188596491228072 0.6483004385964912 0.1845760233918129 0.703125
0 0.18457602339181292 0.7058662280701754 0.19097222222222227 0.6469298245614035 0.25036549707602346 0.6483004385964913 0.24396929824561409 0.7031250000000001
0 0.2448830409356725 0.703125 0.2503654970760234 0.6455592105263159 0.317982456140351 0.6496710526315791 0.3152412280701754 0.699013157894737
0 0.31432748538011696 0.7003837719298246 0.31798245614035087 0.6469298245614035 0.3874269005847954 0.649671052631579 0.3855994152046784 0.6990131578947368
0 0.38559941520467844 0.699013157894737 0.3874269005847954 0.6455592105263159 0.45230263157894735 0.6469298245614035 0.45230263157894735 0.7031250000000001
0 0.45230263157894735 0.703125 0.4532163742690059 0.6428179824561405 0.5208333333333334 0.6414473684210527 0.5208333333333334 0.6976425438596493
0 0.11787280701754388 0.7648026315789473 0.12701023391812866 0.7017543859649122 0.24945175438596495 0.703125 0.24305555555555555 0.7634320175438597
0 0.24305555555555555 0.7620614035087719 0.24945175438596495 0.7003837719298247 0.3782894736842105 0.699013157894737 0.37554824561403516 0.7579495614035089
0 0.37646198830409355 0.7606907894736842 0.38011695906432746 0.699013157894737 0.5126096491228072 0.7003837719298246 0.5116959064327485 0.756578947368421
0 0.10416666666666669 0.8223684210526315 0.11330409356725148 0.762061403508772 0.17635233918128654 0.7634320175438598 0.1672149122807018 0.820997807017544
0 0.16904239766081874 0.8196271929824561 0.17726608187134502 0.7620614035087719 0.24031432748538012 0.7620614035087719 0.23300438596491233 0.8223684210526317
0 0.23300438596491227 0.825109649122807 0.24031432748538012 0.7606907894736843 0.3070175438596492 0.7606907894736843 0.30244883040935666 0.820997807017544
0 0.30153508771929827 0.825109649122807 0.3079312865497076 0.7579495614035088 0.37920321637426907 0.7606907894736842 0.3764619883040937 0.8237390350877193
0 0.3755482456140351 0.8237390350877193 0.3801169590643276 0.7579495614035088 0.44956140350877194 0.7606907894736842 0.44864766081871343 0.8223684210526315
0 0.44864766081871343 0.8264802631578947 0.44956140350877194 0.7565789473684211 0.5190058479532164 0.7579495614035088 0.518092105263158 0.825109649122807
0 0.10690789473684213 0.8785635964912282 0.11604532163742694 0.8196271929824561 0.24396929824561403 0.8209978070175439 0.24031432748538012 0.8799342105263158
0 0.23848684210526316 0.8826754385964912 0.24579678362573104 0.820997807017544 0.3828581871345029 0.8223684210526317 0.3773757309941521 0.884046052631579
0 0.37737573099415206 0.884046052631579 0.382858187134503 0.8223684210526317 0.5190058479532165 0.8264802631578947 0.518092105263158 0.8854166666666667
0 0.6460160818713451 0.8840460526315791 0.6387061403508774 0.7524671052631579 0.7757675438596491 0.7510964912280702 0.7876461988304093 0.8813048245614037
0 0.7876461988304093 0.8854166666666666 0.7757675438596491 0.7497258771929824 0.918311403508772 0.7497258771929826 0.9347587719298246 0.8758223684210528
0 0.935672514619883 0.8771929824561403 0.9173976608187137 0.7456140350877193 1 0.7442434210526317 0.9996345029239766 0.874451754385965
0 0.6396198830409356 0.7538377192982456 0.6323099415204678 0.6359649122807018 0.765716374269006 0.6332236842105264 0.7757675438596491 0.7469846491228072
0 0.7785087719298246 0.7497258771929824 0.7684576023391813 0.6304824561403509 0.9036915204678363 0.6263706140350879 0.9192251461988306 0.7456140350877194
0 0.9192251461988304 0.7456140350877193 0.9046052631578947 0.6222587719298247 1 0.6222587719298246 1 0.7456140350877193
0 0.6332236842105263 0.6373355263157896 0.6277412280701756 0.5276864035087719 0.7547514619883041 0.522203947368421 0.7648026315789473 0.6318530701754386
0 0.7666301169590644 0.6318530701754386 0.7538377192982458 0.518092105263158 0.8890716374269005 0.5167214912280702 0.9027777777777778 0.6291118421052632
0 0.9027777777777778 0.625 0.8890716374269005 0.5153508771929824 1 0.5167214912280703 0.9996345029239768 0.6250000000000001
0 0.6286549707602339 0.5276864035087719 0.6240862573099417 0.4262609649122807 0.7465277777777779 0.42077850877192996 0.7538377192982456 0.5222039473684211
0 0.7538377192982456 0.5208333333333334 0.7465277777777778 0.4166666666666667 0.8717105263157895 0.4139254385964912 0.8835891812865497 0.5126096491228072
0 0.8845029239766082 0.5139802631578947 0.8717105263157895 0.41255482456140363 0.9914108187134505 0.415296052631579 1 0.4714912280701755 0.9996345029239768 0.5222039473684211
0 0.6295687134502924 0.4276315789473684 0.6259137426900586 0.3358004385964913 0.7419590643274855 0.33031798245614036 0.7501827485380117 0.4180372807017544
0 0.7492690058479534 0.4166666666666667 0.741045321637427 0.33031798245614036 0.8616593567251462 0.3275767543859649 0.8698830409356725 0.40981359649122806
0 0.8698830409356725 0.4139254385964912 0.8616593567251464 0.32894736842105265 0.9786184210526317 0.3289473684210527 0.9923245614035088 0.4194078947368421
0 0.6195175438596491 0.25082236842105265 0.6186038011695907 0.18366228070175444 0.7273391812865497 0.18229166666666666 0.7319078947368421 0.24945175438596492
0 0.7264254385964912 0.18229166666666666 0.8379020467836257 0.17817982456140355 0.8452119883040936 0.24259868421052638 0.7319078947368423 0.24808114035087725
0 0.8388157894736842 0.17817982456140352 0.9502923976608187 0.17406798245614039 0.9612573099415206 0.234375 0.8442982456140352 0.2412280701754386
0 0.6195175438596491 0.18503289473684212 0.6167763157894738 0.10827850877192982 0.7191154970760234 0.1041666666666667 0.7264254385964914 0.18366228070175442
0 0.7264254385964912 0.18503289473684212 0.7209429824561405 0.1041666666666667 0.8296783625730995 0.09868421052631582 0.8397295321637427 0.17955043859649125
0 0.8388157894736842 0.17955043859649122 0.8296783625730996 0.0973135964912281 0.9365862573099417 0.09320175438596491 0.9493786549707603 0.1768092105263158
0 0.6167763157894737 0.11101973684210528 0.6140350877192983 0.0424890350877193 0.714546783625731 0.03700657894736842 0.7200292397660819 0.10690789473684213
0 0.720029239766082 0.1055372807017544 0.7154605263157895 0.03015350877192987 0.8187134502923976 0.027412280701754402 0.8278508771929827 0.10005482456140352
0 0.8260233918128655 0.10005482456140352 0.8187134502923978 0.027412280701754378 0.9210526315789476 0.024671052631578972 0.9338450292397661 0.09320175438596492 0.8333333333333335 0.09731359649122809
0 0.6140350877192983 0.043859649122807036 0.6112938596491229 0 0.7108918128654971 0 0.7136330409356727 0.037006578947368446
0 0.7136330409356725 0.034265350877193 0.7099780701754386 0 0.8141447368421053 0.0013706140350877426 0.8159722222222222 0.02878289473684213 0.7172880116959066 0.03700657894736844
0 0.8168859649122807 0.028782894736842122 0.8141447368421053 0 0.9155701754385966 0.0013706140350877426 0.9183114035087719 0.02467105263157897