0 0.15076754385964913 0.3138706140350877 0.17543859649122812 0.5317982456140351 0 0.5400219298245614 0 0.32209429824561403
0 0.15076754385964913 0.3138706140350877 0.2860014619883041 0.3015350877192983 0.3024488304093568 0.5235745614035089 0.17543859649122806 0.5317982456140351
0 0.2878289473684211 0.30838815789473684 0.4194078947368421 0.29605263157894735 0.42671783625730997 0.5153508771929824 0.3042763157894738 0.5222039473684211
0 0.18183479532163746 0.5317982456140351 0.2028508771929825 0.7250548245614037 0.011878654970760233 0.7360197368421053 0 0.6633771929824561 2.077610338479825e-17 0.5413925438596491
0 0.18183479532163746 0.5345394736842105 0.3115862573099415 0.5249451754385965 0.3225511695906433 0.7209429824561403 0.20285087719298245 0.7250548245614035
0 0.3125 0.5263157894736842 0.4349415204678364 0.518092105263158 0.4422514619883042 0.7058662280701755 0.32346491228070173 0.7168311403508771
0 0.017361111111111112 0.7373903508771931 0.20467836257309946 0.7209429824561405 0.22203947368421054 0.8895285087719298 0.0466008771929825 0.9059758771929824
0 0.2065058479532164 0.7264254385964912 0.32620614035087725 0.7168311403508774 0.3371710526315789 0.8854166666666666 0.22203947368421062 0.893640350877193
0 0.32803362573099415 0.7195723684210527 0.4431652046783627 0.708607456140351 0.449561403508772 0.8744517543859649 0.3371710526315789 0.8854166666666666 0.32620614035087725 0.7291666666666667
0 0.049342105263157916 0.9786184210526315 0.21838450292397665 0.9717653508771931 0.22203947368421054 1 0.05391081871345033 1
0 0.22021198830409358 0.9703947368421053 0.3289473684210526 0.962171052631579 0.33168859649122806 1 0.22203947368421054 1
0 0.3307748538011696 0.9676535087719298 0.44042397660818716 0.9580592105263159 0.4404239766081872 1 0.33168859649122817 1
0 0.935672514619883 0.9251644736842105 1 0.923793859649123 1 1 0.9192251461988306 0.9991776315789473
1 0.7757675438596491 0.5879934210526315 0.779422514619883 0.47423245614035087 0.8735380116959066 0.47012061403508776 0.858918128654971 0.5797697368421054 0.7803362573099417 0.5893640350877193
1 0.7757675438596491 0.47971491228070173 0.783077485380117 0.3563596491228071 0.8881578947368423 0.3508771929824562 0.8744517543859649 0.4714912280701755
1 0.7803362573099415 0.35910087719298245 0.7903874269005849 0.23163377192982462 0.9000365497076025 0.22615131578947376 0.8863304093567254 0.35361842105263164
1 0.9402412280701754 0.35635964912280704 0.9566885964912281 0.22615131578947367 1 0.2220394736842106 0.9987207602339181 0.34676535087719307
1 0.9237938596491229 0.4701206140350877 0.9411549707602339 0.34676535087719307 1 0.3426535087719299 0.9996345029239766 0.4605263157894737
1 0.9128289473684212 0.5729166666666666 0.9265350877192983 0.4660087719298245 1 0.4577850877192983 0.9868421052631579 0.5646929824561405