0 0.05756578947368423 0.5016447368421053 0.07401315789473686 0.649671052631579 2.5970129230997812e-17 0.6524122807017544 0 0.49890350877192985
0 0.06030701754385967 0.4947916666666668 0.17543859649122806 0.4920504385964912 0.18640350877192982 0.6400767543859649 0.07584064327485385 0.6469298245614035
0 0.18640350877192985 0.47971491228070173 0.34265350877192985 0.4728618421052633 0.34813596491228077 0.6140350877192983 0.19462719298245618 0.6181469298245614
0 0.001827485380116959 0.6510416666666666 0.10964912280701758 0.6469298245614037 0.12426900584795324 0.7743969298245615 2.077610338479825e-17 0.7771381578947368
0 0.11056286549707604 0.6524122807017544 0.22021198830409358 0.6496710526315791 0.23026315789473684 0.7826206140350878 0.12518274853801173 0.7853618421052632
0 0.22203947368421054 0.6483004385964912 0.32894736842105265 0.6441885964912282 0.3371710526315789 0.7730263157894737 0.23300438596491235 0.7771381578947368
0 0.07584064327485382 0.7935855263157895 0.09502923976608187 0.9155701754385966 2.077610338479825e-17 0.9210526315789475 0 0.7935855263157896
0 0.08223684210526318 0.7963267543859649 0.1845760233918129 0.7922149122807018 0.1973684210526316 0.9059758771929824 0.09868421052631579 0.912828947368421
0 0.18731725146198838 0.7881030701754386 0.33717105263157904 0.7785087719298247 0.34265350877192985 0.8991228070175439 0.19736842105263158 0.9073464912280702
0 0.4550438596491228 0.4290021929824561 0.5939327485380117 0.41940789473684215 0.5930190058479532 0.5674342105263158 0.4614400584795322 0.5742872807017544
0 0.5966739766081871 0.42077850877192985 0.7273391812865498 0.40844298245614047 0.7227704678362574 0.5537280701754386 0.5948464912280702 0.5633223684210527
0 0.7337353801169593 0.4125548245614036 0.8269371345029239 0.40844298245614036 0.8159722222222222 0.5605811403508774 0.7255116959064329 0.5605811403508772
0 0.4541301169590643 0.5852521929824561 0.586622807017544 0.5770285087719299 0.5857090643274855 0.7127192982456141 0.4568713450292399 0.7195723684210527
0 0.5902777777777778 0.571546052631579 0.7182017543859649 0.5646929824561403 0.7108918128654971 0.703125 0.5866228070175439 0.7086074561403509
0 0.7218567251461988 0.5688048245614035 0.8123172514619885 0.5619517543859649 0.8004385964912283 0.6976425438596493 0.7136330409356727 0.7017543859649122
0 0.45230263157894735 0.7223135964912281 0.581140350877193 0.7113486842105264 0.5793128654970761 0.8401864035087719 0.45595760233918137 0.8484100877192984
0 0.5857090643274854 0.7127192982456141 0.7099780701754386 0.7003837719298247 0.7017543859649122 0.8305921052631579 0.5829678362573101 0.8388157894736842
0 0.7118055555555556 0.7044956140350878 0.7949561403508771 0.7003837719298246 0.7839912280701756 0.820997807017544 0.7035818713450294 0.8237390350877194
0 0.46875 0.9347587719298246 0.5829678362573101 0.923793859649123 0.58296783625731 1 0.4669225146198831 0.9991776315789473
0 0.5838815789473685 0.9224232456140351 0.6980994152046783 0.912828947368421 0.691703216374269 0.9950657894736843 0.5820540935672516 0.9978070175438597
0 0.7017543859649122 0.9155701754385965 0.7785087719298246 0.9073464912280702 0.7702850877192984 1 0.6935307017543861 0.9991776315789472
0 0.9539473684210528 0.8155153508771931 0.9731359649122807 0.6962719298245614 1 0.6935307017543861 1 0.8141447368421053
0 0.9758771929824561 0.6949013157894737 0.9950657894736842 0.5605811403508774 1 0.5605811403508774 1 0.6949013157894738
0 0.9100877192982458 0.9827302631578949 0.9292763157894737 0.8758223684210527 0.9484649122807017 0.903234649122807 1 0.8950109649122807 1 0.962171052631579