0 0.10964912280701762 0.4701206140350877 0.20559210526315796 0.47286184210526316 0.21107456140350878 0.5592105263157895 0.11787280701754399 0.5550986842105263
0 0.20559210526315796 0.47560307017543857 0.3033625730994153 0.47560307017543874 0.30975877192982476 0.5578399122807018 0.2101608187134503 0.5578399122807018
0 0.3033625730994153 0.4769736842105263 0.3846856725146199 0.474232456140351 0.3892543859649123 0.5592105263157895 0.3097587719298246 0.5619517543859649
0 0.3837719298245615 0.47286184210526316 0.4632675438596493 0.4701206140350877 0.4660087719298247 0.5578399122807017 0.38742690058479534 0.5592105263157896
0 0.1288377192982457 0.5550986842105263 0.2046783625730994 0.5578399122807018 0.21016081871345038 0.6373355263157895 0.13523391812865507 0.6373355263157895
0 0.2046783625730995 0.5674342105263158 0.28143274853801176 0.5674342105263159 0.28691520467836257 0.6441885964912282 0.2110745614035088 0.6469298245614037 0.20376461988304093 0.5783991228070177
0 0.28234649122807026 0.5742872807017544 0.38103070175438597 0.5701754385964912 0.3855994152046784 0.6469298245614035 0.28782894736842124 0.6551535087719298
0 0.3837719298245615 0.571546052631579 0.476059941520468 0.5619517543859649 0.4797149122807019 0.6373355263157895 0.3846856725146199 0.6483004385964912
0 0.13888888888888898 0.6441885964912281 0.22843567251461988 0.6428179824561405 0.23300438596491233 0.7113486842105263 0.14437134502923982 0.7072368421052632 0.13980263157894743 0.6510416666666666
0 0.23026315789473692 0.6469298245614035 0.28782894736842096 0.6496710526315791 0.28782894736842113 0.6565241228070177 0.3207236842105264 0.6537828947368423 0.3234649122807018 0.7182017543859649 0.23300438596491235 0.7140899122807018 0.22843567251461996 0.6537828947368423
0 0.3207236842105264 0.6537828947368421 0.3965643274853803 0.6455592105263158 0.3983918128654971 0.7209429824561403 0.32620614035087725 0.7223135964912281
0 0.3974780701754387 0.6455592105263158 0.4724049707602339 0.6469298245614037 0.4733187134502926 0.7168311403508774 0.40204678362573115 0.7154605263157896
0 0.14985380116959074 0.7127192982456141 0.21838450292397665 0.7168311403508774 0.22203947368421062 0.7839912280701755 0.15625000000000008 0.7812500000000001
0 0.21838450292397668 0.7209429824561403 0.291483918128655 0.7223135964912281 0.29605263157894746 0.7976973684210528 0.22295321637426893 0.796326754385965
0 0.293311403508772 0.7195723684210527 0.3855994152046784 0.7195723684210528 0.3883406432748538 0.7881030701754387 0.2969663742690061 0.7894736842105264
0 0.38651315789473695 0.7209429824561403 0.4778874269005848 0.7209429824561405 0.47971491228070173 0.7894736842105264 0.3892543859649123 0.7894736842105264
0 0.15625000000000008 0.7908442982456141 0.24396929824561403 0.7949561403508774 0.24853801169590656 0.8621162280701755 0.16173245614035087 0.8593750000000001
0 0.24579678362573107 0.7976973684210527 0.33625730994152037 0.796326754385965 0.3371710526315789 0.864857456140351 0.24945175438596495 0.864857456140351
0 0.33625730994152053 0.7990679824561403 0.40752923976608196 0.8004385964912282 0.41027046783625737 0.8662280701754386 0.3380847953216375 0.8648574561403509
0 0.4084429824561404 0.8018092105263158 0.47971491228070173 0.7976973684210528 0.48062865497076024 0.8703399122807018 0.4102704678362573 0.8662280701754387
0 0.17086988304093575 0.9484649122807017 0.25402046783625737 0.9498355263157896 0.2567616959064328 0.9868421052631579 0.17726608187134507 0.9868421052631579
0 0.2558479532163744 0.9498355263157895 0.34082602339181295 0.9512061403508774 0.3417397660818713 0.9895833333333335 0.2576754385964912 0.986842105263158
0 0.34082602339181295 0.9539473684210527 0.4084429824561404 0.9539473684210528 0.41027046783625737 0.9909539473684211 0.33991228070175444 0.990953947368421
0 0.4093567251461989 0.9539473684210528 0.476059941520468 0.9525767543859649 0.4769736842105263 0.990953947368421 0.41209795321637444 0.9882127192982456
2 0.09868421052631587 0.7044956140350878 0.08954678362573097 0.6277412280701754 0.1352339181286551 0.6236293859649122 0.14345760233918142 0.6962719298245615
2 0.08954678362573108 0.6332236842105263 0.08132309941520476 0.5550986842105263 0.12792397660818722 0.5550986842105264 0.13523391812865507 0.6277412280701755
2 0.08223684210526325 0.5550986842105263 0.07127192982456147 0.47697368421052644 0.1114766081871346 0.4769736842105263 0.11970029239766082 0.5550986842105263
2 0.07309941520467844 0.4413377192982456 0.06304824561403514 0.35635964912280704 0.14619883040935672 0.3563596491228071 0.15259502923976614 0.4139254385964913 0.13888888888888895 0.43859649122807026
2 0.062134502923976605 0.3577302631578948 0.050255847953216456 0.26589912280701755 0.1352339181286551 0.26452850877192985 0.14437134502923984 0.3563596491228071
2 0.051169590643274934 0.26726973684210525 0.037463450292397754 0.16858552631578946 0.12152777777777786 0.16721491228070182 0.1343201754385966 0.26589912280701755
2 0.5439579823553662 0.3139344947494871 0.5444458370480617 0.2539283675479535 0.6132333487181125 0.2531965855089104 0.6122576393327217 0.3110073665933148
2 0.6122576393327216 0.3117391486323579 0.6122576393327217 0.2524648034698673 0.6629945273730428 0.2517330214308242 0.662018817987652 0.30881202047618556
2 0.6625066726803474 0.30954380251522856 0.6625066726803476 0.2517330214308242 0.7083650137937146 0.24880589327465183 0.7078771591010193 0.3058848923200132
2 0.5454215464334524 0.3139344947494872 0.5946948703956874 0.31247093067140097 0.5942070157029921 0.36662280156058985 0.5468851105115387 0.367354583599633
2 0.5946948703956874 0.31100736659331474 0.6434803396652271 0.30881202047618556 0.6420167755871409 0.36662280156058985 0.5946948703956875 0.367354583599633
2 0.6444560490506178 0.30881202047618556 0.7078771591010192 0.3073484563980994 0.7064135950229331 0.3615003272872883 0.6415289208944455 0.3651592374825037
2 0.5390794354284122 0.36735458359963297 0.6064033830203769 0.367354583599633 0.6059155283276816 0.41931110837169266 0.5395672901211078 0.4207746724497789
2 0.6068912377130723 0.36881814767771914 0.6556767069826118 0.36662280156058996 0.6537252882118303 0.4185793263326496 0.6073790924057677 0.42077467244977884
2 0.6551888522899164 0.3658910195215468 0.7020229027886744 0.3622321093263313 0.7010471934032837 0.41418863409839096 0.6551888522899165 0.4178475442936065
2 0.540055144813803 0.422238236527865 0.5859134859271703 0.41931110837169266 0.5864013406198657 0.4676087229485369 0.5395672901211077 0.46907228702662296
2 0.5859134859271703 0.41931110837169266 0.6346989551967098 0.4200428904107358 0.6337232458113191 0.46834050498758 0.5868891953125611 0.46907228702662307
2 0.6346989551967098 0.42004289041073567 0.7000714840178929 0.41565219817647725 0.6981200652471113 0.4668769409094937 0.6337232458113191 0.46834050498757995
2 0.5371280166576307 0.5071249530568638 0.6010369814007276 0.5056613889787778 0.6005491267080323 0.5539590035556219 0.5381037260430216 0.5554225676337081
2 0.6015248360934229 0.5063931710178208 0.6473831772067902 0.5049296069397347 0.6464074678213994 0.5510318753994495 0.6010369814007276 0.5532272215165788
2 0.6473831772067901 0.5041978249006914 0.6927536636274619 0.5020024787835623 0.6908022448566804 0.5488365292823202 0.6468953225140948 0.5503000933604064
2 0.5351765978868491 0.5576179137508372 0.5790835202294349 0.5554225676337081 0.5790835202294348 0.6000612720153367 0.5356644525795445 0.60079305405438
2 0.5844499218490842 0.5554225676337081 0.6273811348062789 0.5524954394775357 0.6259175707281929 0.6000612720153367 0.5829863577709979 0.601524836093423
2 0.6317718270405375 0.5510318753994494 0.6917779542420711 0.5488365292823202 0.6912900995493759 0.5978659258982076 0.6298204082697559 0.5993294899762937
2 0.5385915807357169 0.6015248360934229 0.6000612720153368 0.601524836093423 0.5995734173226415 0.6439681943579225 0.538591580735717 0.6446999763969655
2 0.6005491267080321 0.6000612720153367 0.6454317584360085 0.5985977079372506 0.6444560490506178 0.6417728482407931 0.6010369814007276 0.6432364123188794
2 0.6454317584360085 0.5993294899762937 0.690314390163985 0.5978659258982076 0.6883629713932035 0.6410410662017499 0.6454317584360085 0.64104106620175
2 0.5405429995064984 0.6446999763969654 0.5849377765417796 0.6439681943579224 0.5834742124636934 0.6864115526224218 0.5415187088918894 0.6856797705833788
2 0.5864013406198656 0.6446999763969654 0.6288446988843652 0.6439681943579224 0.627381134806279 0.6849479885443356 0.5864013406198658 0.6842162065052926
2 0.6303082629624512 0.6425046302798361 0.6898265354712896 0.6417728482407932 0.6883629713932033 0.6856797705833788 0.6293325535770605 0.6856797705833788