0 0.07949561403508774 0.7552083333333334 0.09320175438596494 0.6551535087719298 0.24305555555555555 0.6414473684210528 0.23574561403508776 0.7538377192982457
0 0.013706140350877213 0.7483552631578947 0.18640350877192982 0.7538377192982457 0.1736111111111111 0.8703399122807018 2.077610338479825e-17 0.8689692982456142 0 0.8319627192982457
0 0.18548976608187137 0.7497258771929824 0.2860014619883041 0.7483552631578949 0.27960526315789475 0.8744517543859649 0.17269736842105263 0.8730811403508771
0 0.2860014619883041 0.746984649122807 0.38651315789473684 0.752467105263158 0.38011695906432746 0.8744517543859649 0.2777777777777778 0.8771929824561403
0 0.5308845029239766 0.8730811403508771 0.5272295321637427 0.7250548245614037 0.6734283625730995 0.7195723684210528 0.6834795321637427 0.8675986842105264
0 0.5263157894736842 0.7250548245614035 0.5208333333333334 0.5770285087719299 0.607638888888889 0.5729166666666667 0.6158625730994153 0.7209429824561405
0 0.5180921052631579 0.571546052631579 0.5153508771929824 0.43585526315789475 0.6487573099415205 0.4399671052631579 0.6560672514619884 0.5756578947368421
0 0.5235745614035088 0.43448464912280704 0.5208333333333334 0.3262061403508772 0.5975877192982457 0.32620614035087725 0.6012426900584796 0.43859649122807026
0 0.6012426900584795 0.43722587719298245 0.5966739766081871 0.3220942982456141 0.6752558479532165 0.3207236842105263 0.6807383040935673 0.43585526315789475 0.6633771929824561 0.4331140350877193 0.6606359649122807 0.44133771929824567
0 0.6825657894736844 0.4344846491228071 0.6725146198830411 0.3179824561403509 0.7510964912280702 0.31935307017543857 0.7611476608187134 0.43585526315789475 0.7456140350877195 0.43722587719298245
0 0.7611476608187134 0.43585526315789475 0.7510964912280702 0.32209429824561403 0.8744517543859649 0.32209429824561403 0.8881578947368421 0.4317434210526316
0 0.6697733918128655 0.5701754385964913 0.6624634502923976 0.4331140350877194 0.7437865497076024 0.4399671052631579 0.7529239766081871 0.5729166666666666
0 0.756578947368421 0.5701754385964912 0.7456140350877195 0.43311403508771923 0.8296783625730995 0.43174342105263164 0.8442982456140352 0.5688048245614035
0 0.8497807017543859 0.5646929824561403 0.8315058479532166 0.4317434210526316 0.9119152046783626 0.4290021929824562 0.9320175438596491 0.5619517543859649
0 0.6204312865497076 0.7209429824561403 0.6149488304093568 0.5729166666666666 0.6990131578947368 0.5742872807017545 0.7108918128654971 0.7209429824561405
0 0.7118055555555556 0.7209429824561403 0.7008406432748538 0.5688048245614037 0.7867324561403509 0.5701754385964913 0.7995248538011696 0.7209429824561405
0 0.8004385964912281 0.7195723684210527 0.7867324561403509 0.5701754385964913 0.9320175438596493 0.5646929824561405 0.9493786549707603 0.718201754385965
0 0.6734283625730995 0.7223135964912281 0.765716374269006 0.718201754385965 0.7766812865497076 0.8675986842105263 0.6825657894736842 0.8689692982456141
0 0.7648026315789473 0.7223135964912281 0.857090643274854 0.7236842105263159 0.8717105263157895 0.8634868421052633 0.7785087719298246 0.864857456140351
0 0.8580043859649122 0.7209429824561403 0.9493786549707602 0.7195723684210528 0.965826023391813 0.8621162280701754 0.8735380116959064 0.8634868421052632
0 0.516264619883041 0.22341008771929824 0.5171783625730995 0.16310307017543862 0.6332236842105263 0.16310307017543865 0.6341374269005848 0.21792763157894743
0 0.6350511695906432 0.22203947368421054 0.6332236842105263 0.16310307017543862 0.7017543859649125 0.1631030701754386 0.7054093567251463 0.21518640350877194
0 0.7044956140350878 0.21655701754385964 0.7017543859649122 0.16036184210526316 0.7730263157894739 0.16036184210526316 0.7775950292397661 0.21518640350877194
0 0.7766812865497076 0.2138157894736842 0.7721125730994154 0.15762061403508773 0.8415570175438598 0.15762061403508773 0.8488669590643275 0.2138157894736842
0 0.5217470760233918 0.16447368421052633 0.5190058479532165 0.08360745614035091 0.584795321637427 0.08360745614035092 0.586622807017544 0.16447368421052633
0 0.5866228070175439 0.16173245614035087 0.5838815789473685 0.08360745614035091 0.6505847953216374 0.07949561403508774 0.6560672514619883 0.16447368421052633
0 0.6551535087719298 0.16173245614035087 0.6505847953216376 0.0753837719298246 0.7154605263157895 0.07538377192982461 0.7236842105263158 0.16036184210526322
0 0.7236842105263158 0.16036184210526316 0.716374269005848 0.0753837719298246 0.8241959064327488 0.07401315789473688 0.8360745614035089 0.16036184210526322
0 0.5190058479532164 0.0836074561403509 0.516264619883041 1.5582077538598687e-17 0.6240862573099416 0 0.6277412280701756 0.07949561403508772
0 0.6277412280701754 0.07949561403508773 0.6240862573099417 7.791038769299344e-18 0.6853070175438597 1.5582077538598687e-17 0.6907894736842106 0.07538377192982458 0.6286549707602339 0.07401315789473686
0 0.6907894736842105 0.07538377192982458 0.6853070175438597 0.0013706140350877036 0.7501827485380117 0.0013706140350877192 0.756578947368421 0.07401315789473684
0 0.7556652046783626 0.07264254385964913 0.7510964912280703 0.0013706140350877504 0.81140350877193 0.0013706140350877348 0.8214546783625731 0.07675438596491231