0 0.0657894736842106 0.8840460526315791 0.04385964912280703 0.7415021929824561 0 0.7401315789473686 0.0009137426900585211 0.8799342105263158
0 0.04477339181286558 0.7415021929824561 0.021016081871345117 0.590734649122807 0 0.5893640350877194 0 0.7415021929824562
0 0.6231725146198831 0.7839912280701754 0.630482456140351 0.6181469298245615 0.7529239766081873 0.6236293859649122 0.7410453216374269 0.786732456140351
0 0.7401315789473685 0.7839912280701754 0.7520102339181286 0.6236293859649124 0.876279239766082 0.6250000000000001 0.8589181286549707 0.786732456140351
0 0.8607456140350878 0.7881030701754386 0.878106725146199 0.6250000000000001 1 0.6250000000000001 0.9996345029239768 0.6633771929824562 0.9822733918128657 0.7908442982456142
0 0.6140350877192984 0.9237938596491229 0.6186038011695908 0.7785087719298247 0.7364766081871345 0.786732456140351 0.7245979532163744 0.9279057017543859
0 0.7264254385964913 0.9292763157894737 0.7355628654970761 0.7826206140350878 0.8561769005847955 0.7867324561403509 0.8406432748538012 0.933388157894737
0 0.8415570175438597 0.9361293859649122 0.8580043859649125 0.786732456140351 0.9786184210526317 0.7894736842105264 0.9557748538011698 0.942982456140351
1 0.3499634502923977 0.8497807017543859 0.3463084795321638 0.7867324561403509 0.4157529239766083 0.7881030701754386 0.4157529239766083 0.8525219298245615
1 0.4157529239766083 0.7867324561403509 0.4596125730994154 0.786732456140351 0.4586988304093569 0.8552631578947368 0.41575292397660835 0.8538925438596493
1 0.45869883040935683 0.8538925438596491 0.45778508771929827 0.7853618421052633 0.5016447368421053 0.7894736842105264 0.5007309941520469 0.8566337719298247
1 0.4998172514619884 0.8566337719298246 0.5016447368421054 0.7881030701754387 0.5445906432748538 0.7935855263157895 0.5409356725146199 0.8552631578947368
1 0.34448099415204686 0.7908442982456141 0.33717105263157904 0.7250548245614037 0.38103070175438614 0.7236842105263158 0.3855994152046784 0.7908442982456141
1 0.3874269005847954 0.7894736842105263 0.382858187134503 0.7195723684210528 0.42671783625731 0.7223135964912282 0.428545321637427 0.7894736842105263
1 0.4322002923976609 0.7894736842105263 0.4294590643274854 0.7236842105263159 0.4705774853801171 0.7223135964912282 0.4724049707602339 0.7881030701754387
1 0.474232456140351 0.7881030701754386 0.4751461988304094 0.7223135964912282 0.5455043859649122 0.7291666666666667 0.5427631578947371 0.7949561403508771
1 0.34082602339181295 0.7223135964912281 0.3353435672514621 0.6496710526315791 0.40752923976608185 0.6455592105263158 0.4139254385964912 0.7223135964912281
1 0.41301169590643283 0.7195723684210528 0.41027046783625737 0.6524122807017545 0.45413011695906447 0.6537828947368423 0.4550438596491228 0.7223135964912282
1 0.4605263157894738 0.7209429824561403 0.45778508771929827 0.6537828947368421 0.5016447368421055 0.6551535087719298 0.5016447368421053 0.7236842105263159
1 0.5025584795321638 0.7236842105263158 0.5043859649122807 0.6537828947368423 0.5482456140350878 0.6578947368421053 0.5455043859649125 0.727796052631579
1 0.34082602339181295 0.649671052631579 0.33991228070175455 0.5962171052631579 0.3819444444444444 0.596217105263158 0.3837719298245616 0.6469298245614037
1 0.3837719298245615 0.6483004385964912 0.381030701754386 0.6003289473684211 0.42397660818713456 0.6016995614035089 0.42671783625731 0.6483004385964913
1 0.4258040935672515 0.6524122807017544 0.42580409356725146 0.600328947368421 0.46966374269005867 0.6030701754385966 0.47149122807017546 0.6551535087719298
1 0.4714912280701755 0.6510416666666666 0.4714912280701755 0.6044407894736843 0.5473318713450293 0.605811403508772 0.5455043859649125 0.6551535087719299
1 0.3353435672514621 0.5317982456140351 0.33168859649122806 0.44956140350877205 0.4084429824561404 0.45367324561403516 0.41118421052631576 0.5317982456140351 0.333516081871345 0.5317982456140351
1 0.4111842105263159 0.5331688596491229 0.4084429824561404 0.45230263157894735 0.4550438596491228 0.4550438596491229 0.45687134502923976 0.533168859649123
1 0.45595760233918137 0.5331688596491229 0.45687134502923976 0.4550438596491229 0.5034722222222222 0.45641447368421056 0.5043859649122807 0.5331688596491229
1 0.5043859649122809 0.5359100877192984 0.506213450292398 0.4536732456140351 0.5528143274853801 0.459155701754386 0.5509868421052632 0.537280701754386
1 0.33168859649122817 0.45093201754385964 0.32711988304093575 0.36595394736842113 0.3746345029239767 0.36869517543859653 0.3782894736842105 0.45230263157894735
1 0.37920321637426907 0.45230263157894735 0.37554824561403516 0.3673245614035088 0.42397660818713456 0.3686951754385965 0.42763157894736853 0.4536732456140351
1 0.43128654970760244 0.4550438596491228 0.4303728070175439 0.37006578947368424 0.4778874269005848 0.3728070175438597 0.47788742690058494 0.4564144736842105
1 0.47971491228070184 0.4550438596491228 0.4797149122807019 0.36732456140350883 0.5610380116959064 0.37280701754385964 0.5582967836257312 0.45915570175438597
1 0.3252923976608188 0.3659539473684211 0.3216374269005849 0.2713815789473685 0.40204678362573115 0.27549342105263164 0.40570175438596506 0.36458333333333337
1 0.40661549707602346 0.3659539473684211 0.40387426900584805 0.2741228070175439 0.4541301169590643 0.2782346491228071 0.4550438596491228 0.36458333333333337
1 0.4550438596491229 0.3659539473684211 0.45321637426900585 0.27686403508771934 0.5034722222222224 0.2796052631578948 0.5025584795321638 0.36732456140350883
1 0.5089546783625731 0.3686951754385965 0.5071271929824561 0.2796052631578948 0.5582967836257312 0.2837171052631579 0.5592105263157895 0.37006578947368424
1 0.33717105263157904 0.26864035087719296 0.3335160818713451 0.17680921052631582 0.38011695906432763 0.17955043859649122 0.3828581871345029 0.2700109649122807
1 0.3837719298245615 0.2700109649122807 0.37920321637426907 0.17955043859649125 0.428545321637427 0.18229166666666674 0.43037280701754393 0.2741228070175439
1 0.4322002923976609 0.2713815789473684 0.4312865497076025 0.18092105263157895 0.4797149122807019 0.1836622807017544 0.47971491228070173 0.2727521929824561
1 0.4815423976608188 0.2700109649122807 0.48154239766081885 0.18229166666666666 0.5619517543859651 0.18503289473684212 0.560124269005848 0.27823464912280704