1 0.7687611712210779 0.844096341674814 0.7733269391273649 0.7875949638345119 0.833252642897382 0.7850267193872255 0.8258332700496658 0.844096341674814
1 0.7738976601156508 0.7875949638345119 0.7773219860453661 0.7413665637833557 0.8355355268505257 0.7396544008184983 0.8309697589442385 0.7875949638345119
1 0.7790341490102237 0.7422226452657846 0.783599916916511 0.6959942452146283 0.8418134577216704 0.6951381637321996 0.8361062478388115 0.7413665637833557
1 0.7835999169165108 0.6959942452146284 0.7893071267993695 0.6429171933040418 0.8475206676045292 0.6403489488567554 0.8418134577216704 0.6942820822497708
1 0.7887364058110837 0.6429171933040418 0.7933021737173708 0.5881279784285974 0.8526571564991019 0.5889840599110264 0.848091388592815 0.6403489488567554
1 0.8920369046908276 0.6369246229270401 0.8977441145736864 0.5872718969461688 0.9239972800348368 0.585559733981311 0.9182900701519779 0.6369246229270401
1 0.8857589738196829 0.6925699192849131 0.8920369046908277 0.6386367858918977 0.9177193491636922 0.6369246229270401 0.9114414182925477 0.6891455933551979
1 0.8800517639368242 0.7396544008184981 0.8863296948079687 0.6900016748376266 0.9102999763159757 0.6882895118727692 0.904022045444831 0.7370861563712117
1 0.8743445540539654 0.786738882352083 0.8806224849251102 0.7379422378536405 0.9028806034682593 0.7379422378536405 0.8977441145736864 0.782458474939939
1 0.8674959021945349 0.8381037712978121 0.8749152750422512 0.7833145564223678 0.8960319516088289 0.782458474939939 0.8891832997493984 0.8355355268505257 0.8686373441711066 0.8381037712978121
1 0.9182900701519779 0.6360685414446112 0.9239972800348368 0.5847036524988822 0.9862058677579976 0.5804232450867383 0.9799279368868528 0.6343563784797538
1 0.9114414182925475 0.6908577563200556 0.9177193491636922 0.6360685414446112 0.978786494910281 0.632644215514896 0.9719378430508507 0.6857212674254827
1 0.9045927664331169 0.7362300748887828 0.9102999763159757 0.6891455933551979 0.970225680085993 0.6857212674254827 0.964518470203134 0.7319496674766388 0.9057342084096885 0.7362300748887828
1 0.8960319516088288 0.7850267193872255 0.9028806034682593 0.7362300748887828 0.9628063072382764 0.7336618304414965 0.95538693439056 0.7790341490102238
1 0.8886125787611123 0.8355355268505257 0.8960319516088289 0.782458474939939 0.9542454924139884 0.7790341490102238 0.9479675615428436 0.8278307935086663
1 0.8030044305182304 0.5410434968950125 0.8081409194128034 0.48368603757228185 0.8646422972531056 0.48111779312499536 0.857793645393675 0.5427556598598702
1 0.8064287564479458 0.48282995608985296 0.8115652453425187 0.4229042523198358 0.8709202281242501 0.42119208935497815 0.8646422972531054 0.48111779312499536
1 0.8138481292956623 0.4237603338022646 0.8184138972019492 0.36041030410253216 0.8771981589953947 0.3595542226201032 0.8703495071359643 0.422048170837407
1 0.818984618190235 0.35869814113767445 0.8258332700496658 0.29449202995551316 0.8846175318431112 0.2944920299555131 0.8777688799836808 0.3595542226201032
1 0.8286868749910951 0.29449202995551316 0.8338233638856682 0.22600551136120778 0.8926076256791134 0.22686159284363658 0.885758973819683 0.2944920299555131
1 0.9045927664331169 0.5401874154125837 0.9114414182925475 0.4785495486777089 0.9405481886951274 0.4776934671952801 0.9336995368356966 0.5359070080004397
1 0.9114414182925475 0.4794056301601377 0.918290070151978 0.42033600787254943 0.9485382825311295 0.4211920893549781 0.9405481886951274 0.4785495486777088
1 0.9182900701519779 0.4203360078725494 0.9262801639879803 0.3595542226201032 0.9570990973554176 0.35698597817281685 0.9485382825311295 0.41947992639012044
1 0.9268508849762661 0.3595542226201032 0.9348409788122685 0.29363594847308433 0.9662306331679918 0.2927798669906555 0.9570990973554178 0.3578420596552456
1 0.9342702578239824 0.2927798669906555 0.9428310726482707 0.2217251039490637 0.9753621689805658 0.22001294098420607 0.9662306331679916 0.2927798669906555
1 0.9662306331679916 0.2910677040257979 0.9759328899688519 0.21830077801934844 1 0.21830077801934838 1 0.290211622543369
1 0.9576698183437036 0.3578420596552456 0.9668013541562777 0.2910677040257979 1 0.2910677040257979 0.9987617295002869 0.35698597817281674
1 0.9491090035194156 0.41947992639012044 0.9565283763671318 0.35612989669038797 1 0.35698597817281685 0.9993324504885728 0.4186238449076916
1 0.941118909683413 0.4811177931249953 0.9502504454959873 0.4169116819428341 1 0.4169116819428341 0.9999031714768587 0.4751252227479936
1 0.9336995368356966 0.5359070080004396 0.9416896306716991 0.4768373857128512 1 0.4751252227479936 0.998191008512001 0.5282022746585803
2 0.5650137784030194 0.6591827414701894 0.5651953818217064 0.5992570377001721 0.6040044090251461 0.5966887932528856 0.6040044090251461 0.6540462525756163
2 0.5651953818217063 0.6026813636298873 0.5651953818217063 0.5376191709652972 0.6045751300134318 0.5359070080004397 0.6040044090251461 0.5984009562177434
2 0.5651953818217063 0.5376191709652972 0.5657661028099921 0.47769346719528005 0.6051458510017176 0.47769346719528 0.604004409025146 0.5359070080004397
2 0.5081232829931185 0.5410434968950125 0.5069818410165468 0.482829956089853 0.5646246608334204 0.4794056301601377 0.5640539398451346 0.5376191709652972
2 0.5075525620048326 0.6026813636298873 0.5064111200282608 0.5410434968950125 0.5657661028099922 0.5384752524477262 0.5646246608334204 0.6009692006650298
2 0.5075525620048326 0.6026813636298873 0.5657661028099922 0.6001131191826009 0.5646246608334204 0.6531901710931876 0.5098354459579761 0.6566144970229029
2 0.45162190515281647 0.6078178525244603 0.5075525620048326 0.6035374451123162 0.5092647249696902 0.6591827414701894 0.4527633471293883 0.6626070673999046 0.45162190515281647 0.6095300154893178
2 0.45162190515281647 0.6078178525244603 0.449339021199673 0.5418995783774414 0.5064111200282608 0.5427556598598702 0.5069818410165468 0.604393526594745
2 0.449339021199673 0.5427556598598702 0.4481975792231014 0.48711036350199693 0.5064111200282608 0.48539820053713945 0.5075525620048326 0.5427556598598702
2 0.4487683002113871 0.4374576375211256 0.4487683002113872 0.37496368930382196 0.49214309532111394 0.37153936337410665 0.4938552582859716 0.43831371900355454
2 0.4938552582859715 0.4374576375211256 0.49271381630939975 0.37068328189167793 0.5514980781028452 0.36554679299710496 0.552639520079417 0.43146506714412386
2 0.5520687990911312 0.43232114862655274 0.5509273571145594 0.36383463003224736 0.6119945028611483 0.3604103041025321 0.6125652238494341 0.4288968226968375
2 0.4487683002113871 0.37496368930382196 0.4487683002113872 0.2987724373676573 0.49214309532111394 0.2970602744027996 0.49214309532111394 0.3706832818916779
2 0.49271381630939975 0.36982720040924905 0.49214309532111383 0.2970602744027996 0.5532102410677028 0.29363594847308433 0.5543516830442745 0.36554679299710496
2 0.5543516830442745 0.3664028744795338 0.5537809620559887 0.29192378550822673 0.61313594483772 0.2876433780960826 0.6125652238494341 0.36126638558496094
2 0.4481975792231014 0.299628518850086 0.44705613724652954 0.22172510394906367 0.49214309532111383 0.21744469653691958 0.49271381630939987 0.2979163558852284
2 0.49214309532111383 0.2979163558852284 0.4910016533445421 0.21744469653691958 0.5537809620559887 0.21316428912477553 0.5554931250208462 0.29449202995551316
2 0.5549224040325605 0.2936359484730844 0.5543516830442745 0.21145212615991787 0.6148481078025776 0.21059604467748907 0.6125652238494341 0.2884994595785114
2 0.24387946541675684 0.3021967632973725 0.23931369751046985 0.22429334839635018 0.28154705064362484 0.22429334839635018 0.28554209756162596 0.30134068181494367
2 0.28611281854991183 0.30390892626223015 0.2826884926201966 0.22429334839635012 0.34660924330821496 0.22086902246663487 0.3523164531910737 0.30390892626223015
2 0.3500335692379302 0.3021967632973725 0.3488921272613585 0.2217251039490637 0.4122421569610909 0.2217251039490637 0.41338359893766263 0.3004846003325149
2 0.24673307035818628 0.37496368930382196 0.24330874442847097 0.3013406818149437 0.28782498151476943 0.3021967632973725 0.29182002843277066 0.37496368930382196
2 0.2906785864561989 0.3766758522686796 0.2883957025030554 0.3030528447798013 0.35174573220278793 0.3030528447798013 0.3540286161559314 0.3775319337511084
2 0.3545993371442172 0.37838801523353727 0.3517457322027878 0.3030528447798013 0.41395431992594856 0.30134068181494367 0.4162372038790921 0.37239544485653553
2 0.2507281172761875 0.43831371900355437 0.24901595431132975 0.374963689303822 0.29124930744448474 0.3766758522686796 0.29353219139762826 0.4391698004859833
2 0.29410291238591413 0.4374576375211256 0.29182002843277066 0.37581977078625084 0.3545993371442173 0.3792440967159661 0.3580236630739326 0.4348893930738393
2 0.3574529420856466 0.43403331159141034 0.3551700581325032 0.3758197707862508 0.4150957619025203 0.37581977078625084 0.416807924867378 0.4323211486265528 0.35688222109736084 0.4314650671441239
2 0.2564353271590462 0.5513164746841583 0.25358172221761677 0.4862542820195682 0.29581507535077184 0.48539820053713945 0.29866868029220117 0.547892148754443
2 0.29866868029220117 0.5470360672720143 0.2958150753507718 0.4853982005371395 0.35859438406221833 0.4845421190547107 0.35916510505050425 0.543611741342299
2 0.35859438406221833 0.5444678228247277 0.3585943840622184 0.48368603757228185 0.416807924867378 0.48368603757228174 0.4162372038790921 0.5401874154125837
2 0.2604303740770473 0.6155225858663197 0.25757676913561794 0.5513164746841585 0.2980979593039153 0.5487482302368719 0.30152228523363056 0.6120982599366044
2 0.30152228523363056 0.613810422901462 0.29923940128048715 0.5478921487544429 0.3585943840622184 0.5444678228247277 0.35973582603879023 0.6086739340068892
2 0.35916510505050425 0.6069617710420314 0.35859438406221833 0.5427556598598702 0.416237203879092 0.5384752524477261 0.416807924867378 0.6018252821474587
2 0.26043037407704733 0.6146665043838908 0.3026637272102023 0.6120982599366044 0.30494661116334587 0.670311800741764 0.2649961419833344 0.6728800451890503
2 0.30152228523363056 0.6095300154893178 0.3620187099919336 0.6069617710420314 0.3631601519685055 0.6668874748120488 0.30437589017506 0.670311800741764
2 0.36087726801536196 0.6061056895596026 0.41852008783223554 0.6026813636298874 0.4196615298088074 0.660894904435047 0.36430159394507716 0.6643192303647623
2 0.018444675043834985 0.6857212674254827 0.011025302196118556 0.6394928673743265 0.057824423235560564 0.6352124599621825 0.06296091213013347 0.6788726155660522
2 0.007600976266403286 0.6394928673743265 0.0007523244069727509 0.5975448747353144 0.06353163311841938 0.5958327117704569 0.06923884300127815 0.6352124599621825
2 0.040702793586984226 0.5958327117704568 0.032141978762696054 0.5470360672720143 0 0.5504603932017295 0.00018160341868688986 0.599257037700172
2 0.05554153928241706 0.5470360672720143 0.04812216643470065 0.49995158573842935 0 0.5016637487032869 0 0.5504603932017296