0 0.12426900584795324 0.6085526315789473 0.23574561403508773 0.6085526315789473 0.24671052631578952 0.7661732456140351 0.1398026315789474 0.7634320175438597
0 0.23757309941520469 0.6181469298245614 0.3527046783625732 0.6181469298245615 0.3609283625730995 0.7730263157894738 0.24671052631578952 0.7730263157894737
0 0.35453216374269003 0.6112938596491229 0.4724049707602339 0.6126644736842105 0.474232456140351 0.767543859649123 0.3609283625730995 0.7661732456140352
0 0.1343201754385965 0.7702850877192983 0.24671052631578952 0.7702850877192983 0.25858918128654973 0.9059758771929826 0.15168128654970764 0.9059758771929826
0 0.2503654970760234 0.7743969298245614 0.36001461988304095 0.7730263157894738 0.36732456140350883 0.9059758771929824 0.2595029239766082 0.903234649122807
0 0.36001461988304095 0.7702850877192983 0.4733187134502924 0.7661732456140352 0.4724049707602339 0.9046052631578947 0.36732456140350883 0.9059758771929824
0 0.5646929824561404 0.649671052631579 0.5674342105263158 0.5194627192982456 0.626827485380117 0.5194627192982457 0.6222587719298246 0.6483004385964912
0 0.6222587719298246 0.6510416666666666 0.626827485380117 0.5208333333333334 0.6880482456140351 0.5194627192982457 0.6789108187134505 0.6428179824561405 0.6240862573099417 0.6496710526315791
0 0.6798245614035088 0.6455592105263158 0.6880482456140351 0.5194627192982456 0.7456140350877193 0.5194627192982456 0.7373903508771932 0.6455592105263158
0 0.73921783625731 0.6455592105263158 0.7456140350877193 0.5194627192982456 0.8059210526315791 0.5153508771929826 0.7976973684210527 0.6359649122807018
0 0.7995248538011696 0.6332236842105263 0.805921052631579 0.5153508771929826 0.8625730994152049 0.5112390350877193 0.8525219298245615 0.6359649122807017
0 0.5555555555555556 0.7689144736842106 0.5564692982456141 0.6510416666666666 0.6624634502923977 0.6496710526315791 0.6597222222222223 0.762061403508772
0 0.6606359649122807 0.7661732456140351 0.6633771929824562 0.6496710526315791 0.7675438596491229 0.6441885964912281 0.7593201754385965 0.7565789473684211
0 0.7593201754385965 0.7606907894736842 0.7684576023391813 0.6387061403508774 0.8698830409356725 0.6345942982456142 0.8570906432748538 0.7456140350877193
0 0.5500730994152047 0.8758223684210527 0.5500730994152048 0.7689144736842106 0.6067251461988304 0.7648026315789475 0.6048976608187134 0.8717105263157896
0 0.605811403508772 0.874451754385965 0.6067251461988304 0.7661732456140352 0.6633771929824561 0.7675438596491229 0.6569809941520468 0.8717105263157895
0 0.6597222222222222 0.8689692982456141 0.6652046783625732 0.7648026315789475 0.720029239766082 0.7634320175438597 0.7099780701754387 0.8662280701754387
0 0.7127192982456141 0.8648574561403509 0.7182017543859649 0.7606907894736843 0.7748538011695907 0.7593201754385965 0.7648026315789473 0.859375
0 0.7684576023391815 0.8566337719298246 0.7748538011695908 0.7579495614035088 0.828764619883041 0.7524671052631579 0.8177997076023392 0.8538925438596491
0 0.5482456140350878 0.9470942982456141 0.6021564327485381 0.9429824561403509 0.6003289473684211 1 0.5500730994152048 1 0.5500730994152048 0.9470942982456141
0 0.6021564327485381 0.9416118421052633 0.65515350877193 0.9375000000000001 0.6524122807017544 1 0.5994152046783626 0.9991776315789473
0 0.6551535087719298 0.9416118421052632 0.7108918128654971 0.9402412280701757 0.7054093567251464 1 0.6524122807017544 1
0 0.7099780701754386 0.9388706140350878 0.7611476608187134 0.933388157894737 0.7565789473684212 1 0.7081505847953217 0.9991776315789473
0 0.7629751461988304 0.9265350877192983 0.8141447368421053 0.9224232456140351 0.8031798245614035 1 0.7565789473684212 1
2 0.25584795321637427 0.2563048245614035 0.24945175438596492 0.15899122807017543 0.33260233918128657 0.1589912280701755 0.3362573099415205 0.2521929824561404
2 0.3362573099415205 0.25219298245614036 0.333516081871345 0.16036184210526316 0.3855994152046784 0.16036184210526316 0.3883406432748539 0.25219298245614036
2 0.3883406432748538 0.2563048245614035 0.38651315789473695 0.16036184210526316 0.4367690058479533 0.1603618421052632 0.43859649122807026 0.25082236842105265
2 0.2576754385964912 0.34676535087719296 0.25127923976608185 0.2563048245614035 0.333516081871345 0.25082236842105265 0.3362573099415205 0.34265350877192985
2 0.33534356725146197 0.3412828947368421 0.3335160818713451 0.2521929824561404 0.386513157894737 0.2535635964912281 0.386513157894737 0.3440241228070176 0.33442982456140347 0.3453947368421053
2 0.38742690058479534 0.3440241228070176 0.38742690058479534 0.2521929824561404 0.4367690058479533 0.2521929824561404 0.43859649122807026 0.34128289473684215