0 0.4066154970760234 0.7730263157894738 0.4998172514619884 0.7716557017543859 0.4989035087719299 0.8799342105263158 0.4093567251461989 0.8785635964912281
0 0.4998172514619883 0.7702850877192983 0.5893640350877194 0.767543859649123 0.5866228070175439 0.8744517543859649 0.49890350877192985 0.874451754385965
0 0.5902777777777778 0.7675438596491229 0.6560672514619883 0.7675438596491229 0.649671052631579 0.8703399122807017 0.586622807017544 0.8689692982456141
0 0.6569809941520468 0.7661732456140351 0.7227704678362574 0.7648026315789475 0.7127192982456142 0.8689692982456141 0.649671052631579 0.8675986842105264
0 0.4139254385964912 0.7648026315789473 0.4139254385964912 0.6469298245614037 0.4815423976608188 0.6483004385964912 0.4815423976608188 0.7579495614035088
0 0.4788011695906433 0.762061403508772 0.48062865497076024 0.6469298245614037 0.5473318713450294 0.6483004385964913 0.5455043859649124 0.7620614035087719
0 0.5455043859649122 0.7675438596491229 0.5473318713450293 0.6483004385964912 0.6405336257309943 0.6510416666666666 0.6359649122807018 0.7675438596491229
0 0.6350511695906432 0.7675438596491229 0.6405336257309943 0.6524122807017545 0.7346491228070176 0.6524122807017545 0.7264254385964914 0.7661732456140352
0 0.41849415204678364 0.6510416666666666 0.41666666666666674 0.5331688596491229 0.5153508771929826 0.533168859649123 0.5144371345029239 0.6524122807017544
0 0.5135233918128655 0.649671052631579 0.514437134502924 0.5290570175438597 0.6103801169590644 0.5290570175438597 0.605811403508772 0.649671052631579
0 0.607638888888889 0.6345942982456142 0.6112938596491229 0.5290570175438597 0.6067251461988304 0.5098684210526315 0.6716008771929827 0.5084978070175439 0.6661184210526316 0.630482456140351
0 0.6661184210526315 0.6291118421052632 0.6716008771929826 0.5112390350877193 0.7383040935672515 0.5112390350877193 0.7319078947368421 0.6291118421052633
0 0.4139254385964912 0.9443530701754386 0.4998172514619884 0.9443530701754386 0.49798976608187145 1 0.4148391812865498 1
0 0.4998172514619883 0.9443530701754386 0.584795321637427 0.942982456140351 0.5838815789473685 1 0.4989035087719299 1
0 0.5866228070175439 0.9402412280701754 0.6405336257309943 0.9388706140350879 0.6332236842105264 0.9936951754385966 0.5847953216374269 0.9936951754385965
0 0.6387061403508771 0.9361293859649122 0.6971856725146199 0.9361293859649124 0.6907894736842105 0.9923245614035089 0.6350511695906432 0.9923245614035089
1 0.7492690058479532 0.5962171052631579 0.7510964912280702 0.5372807017543861 0.805921052631579 0.5386513157894738 0.8004385964912281 0.5989583333333334
1 0.7538377192982456 0.5400219298245614 0.7574926900584797 0.47560307017543874 0.8104897660818714 0.48108552631578955 0.8077485380116959 0.5413925438596491
1 0.7611476608187134 0.47834429824561403 0.7657163742690059 0.40844298245614036 0.8141447368421054 0.4111842105263159 0.8104897660818715 0.4810855263157895
1 0.7721125730994152 0.4125548245614035 0.7739400584795322 0.34402412280701755 0.8214546783625732 0.3440241228070176 0.8159722222222224 0.4125548245614035
1 0.7547514619883041 0.6387061403508771 0.7958698830409356 0.6373355263157895 0.7922149122807017 0.7003837719298246 0.7529239766081871 0.6976425438596493
1 0.7520102339181286 0.7524671052631579 0.7538377192982456 0.6976425438596493 0.7903874269005848 0.6962719298245615 0.7858187134502924 0.7510964912280703
1 0.7447002923976608 0.7990679824561403 0.7465277777777778 0.7497258771929826 0.7867324561403509 0.7497258771929824 0.78125 0.7976973684210527
1 0.7401315789473686 0.8511513157894737 0.7419590643274855 0.796326754385965 0.7849049707602339 0.796326754385965 0.7785087719298247 0.8511513157894738
1 0.8141447368421053 0.8484100877192983 0.8205409356725146 0.7949561403508771 0.8388157894736844 0.7935855263157896 0.8351608187134505 0.8484100877192984
1 0.8205409356725146 0.7949561403508771 0.8251096491228072 0.7456140350877193 0.8470394736842107 0.7456140350877193 0.8415570175438598 0.7935855263157895
1 0.8241959064327485 0.7497258771929824 0.8296783625730996 0.6949013157894737 0.8534356725146199 0.6949013157894737 0.847953216374269 0.7469846491228072
1 0.8296783625730995 0.6962719298245614 0.8369883040935674 0.6387061403508771 0.8589181286549707 0.6373355263157895 0.8543494152046786 0.6949013157894737
1 0.8552631578947368 0.6962719298245614 0.8598318713450293 0.6345942982456142 0.9110014619883042 0.6332236842105263 0.9064327485380118 0.6921600877192983
1 0.847953216374269 0.7497258771929824 0.8534356725146199 0.6935307017543861 0.9036915204678363 0.6921600877192984 0.8972953216374269 0.7415021929824562
1 0.8415570175438597 0.7935855263157895 0.8488669590643276 0.7456140350877193 0.89546783625731 0.7428728070175439 0.889985380116959 0.7935855263157896
1 0.8351608187134505 0.845668859649123 0.8397295321637427 0.7922149122807018 0.889985380116959 0.7908442982456142 0.8845029239766083 0.8388157894736843
1 0.8845029239766082 0.8388157894736843 0.889985380116959 0.7867324561403509 0.9347587719298247 0.7853618421052632 0.9292763157894737 0.8374451754385965
1 0.8890716374269005 0.7908442982456141 0.8972953216374271 0.7373903508771931 0.9438961988304093 0.7360197368421054 0.9365862573099415 0.7853618421052633
1 0.8991228070175439 0.7401315789473685 0.9055190058479534 0.6880482456140352 0.9521198830409359 0.6825657894736842 0.9457236842105263 0.7360197368421053
1 0.9064327485380117 0.6907894736842105 0.9110014619883042 0.6345942982456141 0.9585160818713451 0.630482456140351 0.9521198830409356 0.683936403508772
1 0.8397295321637427 0.5948464912280702 0.8461257309941522 0.5386513157894737 0.858918128654971 0.5386513157894738 0.8543494152046786 0.5921052631578949
1 0.8470394736842105 0.5386513157894737 0.851608187134503 0.47423245614035087 0.8680555555555556 0.47560307017543874 0.8625730994152047 0.5372807017543861
1 0.8525219298245614 0.47834429824561403 0.8589181286549707 0.4111842105263159 0.8771929824561405 0.4139254385964913 0.8707967836257312 0.4769736842105264
1 0.8589181286549707 0.41118421052631576 0.8653143274853801 0.33991228070175444 0.8845029239766083 0.34265350877192985 0.8799342105263159 0.41118421052631576
1 0.8790204678362574 0.4098135964912281 0.8854166666666669 0.3426535087719299 0.9402412280701754 0.33991228070175444 0.935672514619883 0.4084429824561404
1 0.8717105263157895 0.47423245614035087 0.8790204678362573 0.4098135964912281 0.9329312865497078 0.4057017543859649 0.92562134502924 0.4728618421052632
1 0.8625730994152047 0.5372807017543859 0.8680555555555557 0.474232456140351 0.9228801169590645 0.47149122807017546 0.9173976608187137 0.5317982456140351
1 0.8543494152046783 0.5921052631578947 0.8598318713450293 0.533168859649123 0.9155701754385966 0.5317982456140351 0.9064327485380117 0.5921052631578947
1 0.9365862573099415 0.40981359649122806 0.9411549707602341 0.33854166666666674 0.9914108187134505 0.337171052631579 0.988669590643275 0.40158991228070184
1 0.9256213450292398 0.47423245614035087 0.9338450292397662 0.4057017543859649 0.9831871345029242 0.4029605263157895 0.9767909356725147 0.46875
1 0.9173976608187137 0.5304276315789473 0.9247076023391813 0.4701206140350877 0.9740497076023393 0.4673793859649123 0.9667397660818714 0.5304276315789473
1 0.9073464912280702 0.590734649122807 0.9155701754385966 0.5317982456140351 0.9639985380116961 0.5304276315789473 0.9566885964912283 0.5893640350877193
1 0.9530336257309941 0.8182565789473685 0.9630847953216374 0.7291666666666666 0.9996345029239766 0.7291666666666667 0.9978070175438597 0.8168859649122807
1 0.9630847953216374 0.7305372807017544 0.9722222222222224 0.6510416666666667 0.985014619883041 0.6620065789473685 1 0.6620065789473685 0.9996345029239766 0.7319078947368421