0 0.0027412280701754593 0.7798793859649122 0.1964546783625731 0.7853618421052633 0.1836622807017544 0.8950109649122808 0 0.8895285087719299 0 0.8018092105263159
0 0.20010964912280702 0.7826206140350879 0.39108187134502925 0.7908442982456142 0.38468567251462 0.9004934210526315 0.18548976608187143 0.8922697368421054 0.200109649122807 0.7881030701754387
0 0.5272295321637427 0.8977521929824561 0.5254020467836257 0.7415021929824562 0.6597222222222222 0.7456140350877194 0.6688596491228072 0.9004934210526317
0 0.6679459064327485 0.8991228070175439 0.6588084795321637 0.7428728070175439 0.7922149122807017 0.7497258771929826 0.805921052631579 0.9046052631578949
0 0.8104897660818714 0.9046052631578947 0.7931286549707602 0.7456140350877193 0.8826754385964914 0.7456140350877193 0.9055190058479534 0.9046052631578947
0 0.516264619883041 0.7401315789473685 0.5135233918128655 0.5893640350877194 0.6003289473684211 0.5893640350877193 0.6067251461988304 0.7456140350877193
0 0.605811403508772 0.7401315789473685 0.6012426900584795 0.5921052631578947 0.7273391812865497 0.6016995614035089 0.737390350877193 0.7483552631578947
0 0.7373903508771932 0.7456140350877193 0.7255116959064327 0.600328947368421 0.8534356725146199 0.6003289473684211 0.8717105263157896 0.7483552631578949 0.7940423976608187 0.742872807017544
0 0.5080409356725146 0.47286184210526316 0.6240862573099416 0.47012061403508787 0.6323099415204679 0.5962171052631579 0.5135233918128655 0.5893640350877193 0.5107821637426901 0.6058114035087719
0 0.6332236842105263 0.46600877192982454 0.7529239766081871 0.4673793859649123 0.7648026315789473 0.6016995614035088 0.6405336257309944 0.6016995614035089
0 0.7657163742690059 0.5989583333333334 0.7547514619883042 0.4701206140350877 0.8315058479532164 0.47423245614035087 0.846125730994152 0.6044407894736842
0 0.5171783625730995 0.37417763157894735 0.5162646198830411 0.2700109649122807 0.5957602339181287 0.27686403508771934 0.6003289473684211 0.37691885964912286
0 0.600328947368421 0.3755482456140351 0.5957602339181287 0.27549342105263164 0.7081505847953217 0.2782346491228071 0.7172880116959064 0.37966008771929827
0 0.716374269005848 0.3782894736842105 0.7090643274853803 0.2809758771929825 0.8187134502923976 0.2796052631578948 0.8351608187134503 0.38651315789473684 0.720029239766082 0.37966008771929827
0 0.5116959064327485 0.26589912280701755 0.51078216374269 0.15625000000000006 0.6204312865497077 0.16447368421052636 0.6259137426900586 0.2741228070175438
0 0.6259137426900585 0.2727521929824561 0.6195175438596491 0.17269736842105263 0.7264254385964912 0.16310307017543862 0.7410453216374271 0.2713815789473685
0 0.7401315789473685 0.27960526315789475 0.7291666666666666 0.17817982456140352 0.8013523391812867 0.17817982456140352 0.8159722222222222 0.2837171052631579
0 0.5217470760233919 0.1535087719298246 0.5217470760233919 0.05071271929824561 0.5957602339181286 0.06578947368421054 0.5966739766081871 0.15899122807017543 0.5226608187134504 0.14939692982456143
0 0.5966739766081871 0.07949561403508773 0.689875730994152 0.08634868421052631 0.6980994152046783 0.16584429824561406 0.6222587719298246 0.17269736842105263 0.6213450292397661 0.16173245614035087 0.5966739766081871 0.16173245614035087
0 0.689875730994152 0.08771929824561404 0.7903874269005849 0.09457236842105267 0.8022660818713451 0.17955043859649122 0.7282529239766082 0.18092105263157898 0.7264254385964912 0.16310307017543862 0.6999269005847953 0.16584429824561406
2 0.2604166666666667 0.6839364035087719 0.26498538011695905 0.6030701754385966 0.3198099415204678 0.605811403508772 0.31706871345029247 0.6866776315789473
2 0.3170687134502924 0.6880482456140352 0.3207236842105263 0.6058114035087719 0.3746345029239766 0.6099232456140352 0.37189327485380125 0.6894188596491229
2 0.37372076023391815 0.6921600877192983 0.3746345029239767 0.611293859649123 0.428545321637427 0.6126644736842106 0.42671783625730997 0.6907894736842106
2 0.2604166666666667 0.6839364035087719 0.3170687134502924 0.6839364035087719 0.31250000000000006 0.7648026315789475 0.25402046783625726 0.7648026315789475
2 0.31798245614035087 0.6880482456140351 0.37189327485380125 0.6907894736842106 0.3718932748538013 0.7689144736842106 0.3125 0.7648026315789473
2 0.3718932748538012 0.6907894736842105 0.42763157894736853 0.6921600877192984 0.42671783625731 0.7661732456140352 0.3691520467836258 0.7661732456140351
0 0.9365862573099415 0.22478070175438597 1 0.23574561403508773 1 0.3508771929824561 0.9594298245614035 0.34676535087719296
0 0.960343567251462 0.34676535087719296 1 0.3495065789473684 1 0.4769736842105264 0.9895833333333334 0.48245614035087725