0 0.9329312865497076 0.6058114035087719 0.9137426900584795 0.48108552631578944 0.9941520467836257 0.47834429824561403 1 0.5057565789473685 0.9987207602339181 0.6030701754385965
0 0.9311038011695907 0.600328947368421 1 0.6016995614035089 0.9996345029239766 0.7510964912280702 0.9512061403508771 0.7497258771929826
0 0.9484649122807017 0.7524671052631579 1 0.7510964912280703 0.9987207602339183 0.9046052631578949 0.9703947368421054 0.9032346491228072
0 0.9055190058479532 0.39473684210526316 0.889985380116959 0.29605263157894746 0.9667397660818715 0.302905701754386 0.985014619883041 0.39473684210526316
0 0.893640350877193 0.29605263157894746 0.8771929824561405 0.1932565789473685 0.9512061403508771 0.20010964912280702 0.9676535087719298 0.3015350877192983
0 0.8735380116959064 0.19873903508771928 0.8589181286549707 0.12335526315789473 0.9292763157894737 0.13020833333333334 0.9429824561403509 0.20148026315789475
0 0.9292763157894737 0.13157894736842107 0.9914108187134503 0.13432017543859648 1 0.16036184210526316 0.9996345029239768 0.20970394736842105 0.9521198830409359 0.2042214912280702 0.9521198830409359 0.1973684210526316 0.9438961988304095 0.1973684210526316 0.9311038011695908 0.13843201754385967
0 0.9539473684210527 0.20285087719298245 1 0.20559210526315794 1 0.30838815789473684 0.9676535087719298 0.3056469298245615
0 0.9694809941520468 0.30701754385964913 1 0.3070175438596492 0.9996345029239766 0.3974780701754387 0.9841008771929824 0.3947368421052632
1 0.4093567251461988 0.7442434210526315 0.41118421052631576 0.6770833333333334 0.45230263157894735 0.6770833333333335 0.44956140350877194 0.742872807017544
1 0.44956140350877194 0.7428728070175439 0.449561403508772 0.6770833333333335 0.4934210526315789 0.6757127192982456 0.4934210526315789 0.7415021929824561
1 0.4934210526315789 0.7483552631578947 0.49342105263157904 0.6743421052631579 0.5354532163742691 0.6743421052631579 0.5336257309941521 0.7442434210526315
1 0.5345394736842105 0.7442434210526315 0.5345394736842106 0.674342105263158 0.5765716374269005 0.6743421052631579 0.5783991228070177 0.7428728070175439
1 0.577485380116959 0.7442434210526315 0.5765716374269005 0.674342105263158 0.6350511695906432 0.6729714912280703 0.6377923976608187 0.7401315789473686
1 0.4057017543859649 0.8127741228070177 0.40752923976608196 0.7401315789473685 0.46875 0.7456140350877194 0.4669225146198831 0.8127741228070177
1 0.46600877192982454 0.8141447368421053 0.46692251461988304 0.7415021929824562 0.5116959064327486 0.7456140350877193 0.5107821637426901 0.8141447368421053
1 0.51078216374269 0.8127741228070176 0.5116959064327486 0.7442434210526317 0.5537280701754387 0.7456140350877194 0.5546418128654972 0.8127741228070177
1 0.5555555555555556 0.8141447368421053 0.5537280701754387 0.7442434210526317 0.5966739766081872 0.7442434210526317 0.5994152046783626 0.8127741228070176
1 0.5985014619883041 0.8141447368421053 0.5975877192982457 0.7415021929824562 0.6387061403508772 0.7442434210526315 0.6396198830409358 0.8141447368421053
1 0.4020467836257311 0.8895285087719299 0.40387426900584794 0.8141447368421054 0.4459064327485381 0.8141447368421054 0.4431652046783627 0.8867872807017545
1 0.4422514619883041 0.8881578947368421 0.4468201754385965 0.8127741228070177 0.4934210526315789 0.8141447368421054 0.4906798245614036 0.8881578947368423
1 0.4906798245614035 0.8881578947368421 0.4915935672514621 0.8141447368421054 0.537280701754386 0.8155153508771931 0.5363669590643275 0.8881578947368423
1 0.535453216374269 0.8895285087719298 0.537280701754386 0.8141447368421054 0.5793128654970761 0.8141447368421054 0.5811403508771931 0.8867872807017545
1 0.5820540935672515 0.8895285087719298 0.5802266081871345 0.8127741228070177 0.6414473684210527 0.8155153508771931 0.6441885964912282 0.8895285087719299
1 0.3965643274853801 0.9662828947368421 0.3983918128654971 0.8881578947368423 0.46235380116959074 0.8908991228070177 0.4605263157894738 0.9621710526315791
1 0.4605263157894737 0.9635416666666666 0.4632675438596492 0.8881578947368423 0.5080409356725147 0.8895285087719299 0.5071271929824562 0.962171052631579
1 0.5062134502923976 0.962171052631579 0.5089546783625731 0.8881578947368423 0.5546418128654971 0.8881578947368423 0.5555555555555556 0.9649122807017544
1 0.5546418128654972 0.9635416666666666 0.5519005847953217 0.8867872807017545 0.602156432748538 0.8908991228070177 0.6021564327485381 0.9649122807017545
1 0.602156432748538 0.9649122807017544 0.5994152046783626 0.8881578947368423 0.6432748538011698 0.8908991228070177 0.6469298245614035 0.9635416666666667 0.6048976608187134 0.9608004385964913
2 0.423062865497076 0.6770833333333334 0.423062865497076 0.611293859649123 0.4769736842105264 0.6126644736842105 0.4778874269005849 0.6743421052631579
2 0.4788011695906433 0.6743421052631579 0.4769736842105264 0.6126644736842105 0.5317982456140352 0.6140350877192984 0.5317982456140352 0.674342105263158
2 0.5327119883040936 0.6743421052631579 0.5299707602339182 0.6126644736842105 0.5838815789473685 0.6167763157894738 0.5820540935672515 0.674342105263158