0 0.10964912280701757 0.27823464912280704 0.24945175438596492 0.2768640350877193 0.26133040935672514 0.42214912280701755 0.12335526315789473 0.4235197368421053
0 0.2503654970760234 0.2768640350877193 0.3344298245614035 0.2727521929824561 0.3417397660818714 0.41940789473684215 0.2604166666666667 0.42351973684210525
0 0.3344298245614035 0.2713815789473684 0.41666666666666674 0.27001096491228077 0.4221491228070176 0.4207785087719299 0.3399122807017544 0.4207785087719299
0 0.41758040935672514 0.26864035087719296 0.49890350877192985 0.26726973684210525 0.5016447368421053 0.41666666666666674 0.42123538011695916 0.4194078947368421
0 0.12701023391812868 0.4276315789473684 0.20833333333333334 0.42489035087719296 0.21747076023391812 0.5633223684210527 0.14071637426900588 0.5633223684210528
0 0.20833333333333334 0.42489035087719296 0.2878289473684211 0.4235197368421053 0.29696637426900585 0.5605811403508771 0.2183845029239766 0.5633223684210527
0 0.2878289473684211 0.42489035087719296 0.36732456140350883 0.4235197368421053 0.3746345029239766 0.5592105263157895 0.2987938596491229 0.5592105263157895
0 0.3709795321637427 0.42351973684210525 0.5034722222222223 0.41666666666666674 0.5043859649122807 0.5550986842105263 0.37646198830409355 0.5564692982456141
0 0.14254385964912283 0.5646929824561403 0.2722953216374269 0.5605811403508771 0.2823464912280702 0.6921600877192984 0.15442251461988307 0.6907894736842106
0 0.2722953216374269 0.5633223684210527 0.3508771929824562 0.5633223684210528 0.35453216374269014 0.6866776315789475 0.28143274853801176 0.6866776315789473
0 0.3517909356725146 0.5619517543859649 0.4294590643274855 0.5578399122807018 0.4294590643274854 0.6866776315789475 0.3563596491228071 0.6853070175438598
0 0.4285453216374269 0.5592105263157895 0.5034722222222223 0.5592105263157895 0.5052997076023392 0.6825657894736843 0.4303728070175439 0.6853070175438597
0 0.15990497076023394 0.6907894736842105 0.23574561403508776 0.6907894736842106 0.24488304093567256 0.8059210526315791 0.17361111111111116 0.8072916666666667
0 0.2366593567251462 0.6935307017543859 0.3097587719298246 0.6935307017543861 0.31615497076023386 0.8072916666666666 0.2448830409356726 0.8086622807017545
0 0.30975877192982454 0.6894188596491229 0.38559941520467844 0.689418859649123 0.39108187134502925 0.8018092105263159 0.31706871345029247 0.8031798245614037
0 0.38559941520467844 0.6866776315789475 0.5089546783625731 0.6839364035087719 0.51078216374269 0.8018092105263159 0.3919956140350878 0.8018092105263159
0 0.2010233918128655 0.9059758771929826 0.317982456140351 0.9046052631578949 0.31980994152046793 0.9703947368421054 0.20924707602339185 0.9758771929824562
0 0.31889619883040937 0.9059758771929824 0.38651315789473684 0.9032346491228072 0.386513157894737 0.9635416666666666 0.3207236842105263 0.9690241228070177
0 0.3846856725146199 0.9018640350877193 0.45321637426900585 0.9018640350877194 0.4541301169590644 0.9580592105263159 0.38742690058479534 0.9594298245614037
0 0.4513888888888889 0.903234649122807 0.518092105263158 0.8977521929824562 0.5199195906432749 0.9539473684210527 0.45230263157894735 0.9580592105263159
0 0.20650584795321641 0.9772478070175439 0.2722953216374269 0.9717653508771931 0.27595029239766083 1 0.21016081871345033 1
0 0.2732090643274854 0.9731359649122807 0.34265350877192985 0.9676535087719299 0.34265350877192985 0.9991776315789473 0.27595029239766083 0.9991776315789473
0 0.34173976608187134 0.9676535087719298 0.41027046783625737 0.9649122807017545 0.40844298245614036 0.9991776315789473 0.34539473684210525 0.9978070175438597
0 0.4093567251461988 0.9649122807017544 0.5190058479532164 0.9566885964912282 0.5190058479532165 1 0.41027046783625737 0.9991776315789473
0 0.9082602339181286 0.9553179824561403 0.9000365497076025 1 0.8552631578947371 1 0.8580043859649125 0.9649122807017543
0 0.805921052631579 0.971765350877193 0.8580043859649125 0.9676535087719299 0.8543494152046783 1 0.8068347953216374 0.9991776315789475
0 0.7520102339181286 0.9841008771929824 0.8059210526315791 0.9786184210526317 0.8059210526315791 1 0.7510964912280703 0.9991776315789473
0 0.6944444444444446 0.9882127192982456 0.7483552631578948 0.9813596491228072 0.7483552631578947 1 0.6944444444444446 0.9991776315789475
0 0.6387061403508771 0.9882127192982457 0.6944444444444444 0.9841008771929824 0.6926169590643276 1 0.6368786549707602 0.9991776315789473
1 0.5519005847953217 0.6345942982456141 0.5519005847953217 0.5509868421052632 0.5893640350877194 0.5496162280701755 0.5875365497076024 0.6277412280701755
1 0.5875365497076024 0.6277412280701754 0.5893640350877194 0.5496162280701754 0.6277412280701755 0.5496162280701755 0.6259137426900586 0.6263706140350879
1 0.626827485380117 0.6263706140350878 0.6277412280701754 0.5496162280701755 0.6670321637426901 0.546875 0.6652046783625731 0.6236293859649122
1 0.6642909356725146 0.6236293859649122 0.66703216374269 0.546875 0.7054093567251464 0.5455043859649122 0.7026681286549709 0.6181469298245614
1 0.7017543859649122 0.6181469298245614 0.7072368421052632 0.5427631578947368 0.7447002923976608 0.5441337719298247 0.73921783625731 0.6167763157894738
1 0.5537280701754386 0.5482456140350879 0.5546418128654972 0.46737938596491235 0.6250000000000001 0.4660087719298247 0.6231725146198831 0.5523574561403508
1 0.6222587719298246 0.5509868421052632 0.6250000000000001 0.46600877192982454 0.6944444444444444 0.4632675438596492 0.691703216374269 0.546875
1 0.691703216374269 0.5455043859649122 0.6962719298245615 0.46463815789473684 0.7620614035087719 0.45778508771929827 0.7593201754385965 0.5413925438596493
1 0.5564692982456141 0.46600877192982454 0.5573830409356726 0.37280701754385964 0.5966739766081871 0.37554824561403516 0.5948464912280702 0.46600877192982465
1 0.5930190058479532 0.46463815789473684 0.5957602339181286 0.37417763157894735 0.6377923976608187 0.37417763157894746 0.6341374269005848 0.4618969298245615
1 0.6350511695906432 0.46189692982456143 0.6377923976608187 0.3728070175438597 0.6779970760233919 0.37143640350877194 0.6743421052631579 0.46326754385964913
1 0.6752558479532164 0.4605263157894737 0.6779970760233918 0.36869517543859653 0.7154605263157895 0.37006578947368435 0.7127192982456141 0.4605263157894737
1 0.7127192982456142 0.4591557017543861 0.7154605263157896 0.3686951754385965 0.7538377192982456 0.37143640350877194 0.7501827485380117 0.45915570175438597 0.7127192982456141 0.4618969298245615