1 0.006396198830409377 0.3769188596491228 0.07218567251461991 0.37417763157894735 0.07949561403508774 0.43996710526315796 0.017361111111111133 0.4468201754385965
1 0.07035818713450294 0.3755482456140351 0.13249269005847955 0.37417763157894746 0.13888888888888892 0.43996710526315796 0.08040935672514622 0.44270833333333337
1 0.1343201754385965 0.37280701754385964 0.19554093567251463 0.36869517543859653 0.2010233918128655 0.43174342105263164 0.1398026315789474 0.43859649122807026
1 0.19645467836257313 0.36869517543859653 0.2521929824561404 0.36458333333333337 0.2604166666666667 0.42626096491228077 0.20102339181286555 0.4317434210526316
1 0.01918859649122809 0.4468201754385965 0.08040935672514622 0.43859649122807015 0.08771929824561407 0.5071271929824562 0.030153508771929825 0.5112390350877194
1 0.08040935672514622 0.44133771929824567 0.14071637426900585 0.43722587719298245 0.14528508771929824 0.503015350877193 0.08771929824561407 0.5071271929824561
1 0.13888888888888892 0.43859649122807015 0.20193713450292397 0.4317434210526316 0.20650584795321641 0.5016447368421053 0.1452850877192983 0.5043859649122807
1 0.2010233918128655 0.4290021929824561 0.2604166666666667 0.4276315789473685 0.26407163742690065 0.4961622807017544 0.20650584795321641 0.49890350877192985
1 0.030153508771929845 0.512609649122807 0.08954678362573101 0.5057565789473686 0.09685672514619884 0.5770285087719298 0.03929093567251463 0.5797697368421053
1 0.08863304093567254 0.5084978070175439 0.1471125730994152 0.5057565789473686 0.1525950292397661 0.5701754385964912 0.09868421052631579 0.5756578947368421
1 0.14711257309941522 0.503015350877193 0.20559210526315794 0.5002741228070177 0.21290204678362576 0.5633223684210527 0.1516812865497076 0.5674342105263158
1 0.20559210526315788 0.5002741228070176 0.2658991228070176 0.4947916666666667 0.2713815789473685 0.5592105263157894 0.21381578947368426 0.5605811403508771
1 0.03837719298245616 0.581140350877193 0.09685672514619884 0.5770285087719298 0.10416666666666667 0.6387061403508774 0.04660087719298251 0.6387061403508771
1 0.09685672514619885 0.5756578947368421 0.15350877192982457 0.5701754385964912 0.16173245614035087 0.6304824561403509 0.1069078947368421 0.6373355263157895
1 0.1535087719298246 0.5688048245614035 0.2138157894736842 0.5633223684210528 0.21929824561403513 0.6236293859649122 0.1589912280701755 0.6291118421052632
1 0.21290204678362573 0.5633223684210527 0.2713815789473685 0.5578399122807018 0.2768640350877193 0.6154057017543859 0.21929824561403508 0.6208881578947368
1 0.05482456140350879 0.6866776315789473 0.11239035087719296 0.683936403508772 0.11878654970760234 0.7387609649122807 0.06304824561403514 0.742872807017544
1 0.11330409356725148 0.6853070175438597 0.16812865497076024 0.6825657894736843 0.17452485380116964 0.7305372807017545 0.11695906432748537 0.7360197368421054
1 0.16812865497076027 0.6811951754385965 0.22660818713450295 0.6757127192982456 0.23117690058479531 0.7264254385964913 0.17269736842105268 0.7305372807017545
1 0.22569444444444445 0.6757127192982456 0.28234649122807015 0.6729714912280702 0.28417397660818716 0.7236842105263158 0.2320906432748538 0.7277960526315791
1 0.0630482456140351 0.7428728070175439 0.11970029239766086 0.7387609649122807 0.12701023391812866 0.7976973684210527 0.07218567251461988 0.7976973684210528
1 0.11970029239766083 0.737390350877193 0.1763523391812866 0.7360197368421054 0.179093567251462 0.796326754385965 0.12426900584795325 0.7976973684210528 0.12152777777777782 0.7387609649122807
1 0.1754385964912281 0.7332785087719298 0.23209064327485385 0.7319078947368421 0.23574561403508776 0.7949561403508774 0.18092105263157898 0.7976973684210528
1 0.23117690058479531 0.7291666666666666 0.28600146198830406 0.7291666666666666 0.2878289473684211 0.7894736842105264 0.23848684210526316 0.7908442982456141
1 0.912828947368421 0.38514254385964913 0.9219663742690059 0.2919407894736843 0.9895833333333334 0.2946820175438597 0.9758771929824561 0.38788377192982454
1 0.9046052631578947 0.3892543859649123 0.9722222222222224 0.38788377192982465 0.9621710526315791 0.46600877192982454 0.9365862573099417 0.46875000000000006 0.9018640350877195 0.44407894736842113
1 0.9667397660818714 0.46463815789473684 0.9731359649122808 0.390625 1 0.3865131578947369 0.9996345029239768 0.4632675438596492 0.9703947368421054 0.46463815789473684
0 0.756578947368421 0.7579495614035089 0.7702850877192983 0.6016995614035088 0.8753654970760235 0.5934758771929826 0.8561769005847953 0.7442434210526315
0 0.8589181286549707 0.7456140350877193 0.876279239766082 0.590734649122807 0.9786184210526315 0.5770285087719298 0.9585160818713451 0.7291666666666666
0 0.9612573099415206 0.7291666666666667 0.9804459064327488 0.5742872807017545 0.9996345029239766 0.5729166666666666 0.9987207602339183 0.7209429824561403
0 0.7447002923976608 0.8963815789473686 0.7538377192982458 0.7552083333333334 0.8570906432748538 0.7456140350877194 0.8406432748538012 0.8813048245614037 0.7437865497076024 0.8991228070175439
0 0.8415570175438597 0.8785635964912281 0.857090643274854 0.7415021929824562 0.9576023391812867 0.7291666666666666 0.9375000000000001 0.8675986842105264
0 0.939327485380117 0.8675986842105263 0.9585160818713451 0.7250548245614037 1 0.7209429824561403 1 0.8552631578947368
0 0.7255116959064327 1 0.7273391812865498 0.9484649122807017 0.7337353801169592 0.9484649122807016 0.7492690058479534 0.9827302631578946 0.8214546783625731 0.9731359649122806 0.8196271929824561 0.9978070175438595
0 0.8260233918128655 0.9991776315789473 0.8278508771929827 0.9731359649122808 0.9256213450292398 0.9594298245614035 0.9201388888888888 0.9978070175438597
0 0.9210526315789473 0.9964364035087719 0.9247076023391815 0.9594298245614035 1 0.9512061403508774 0.9968932748538013 1