2 0.2677266081871345 0.42077850877192985 0.360014619883041 0.415296052631579 0.3627558479532164 0.4961622807017544 0.27412280701754393 0.503015350877193
2 0.35910087719298245 0.4139254385964912 0.4459064327485381 0.4084429824561404 0.44956140350877194 0.4920504385964913 0.3645833333333334 0.49479166666666674
2 0.38377192982456143 0.31935307017543857 0.44407894736842113 0.3179824561403509 0.4468201754385966 0.40981359649122806 0.38559941520467844 0.4111842105263159
2 0.3207236842105263 0.3207236842105263 0.3837719298245616 0.3207236842105264 0.38559941520467855 0.4139254385964913 0.32437865497076024 0.41803728070175444
2 0.26224415204678364 0.3275767543859649 0.3216374269005848 0.32346491228070184 0.32620614035087725 0.415296052631579 0.26864035087719296 0.41940789473684215 0.26133040935672514 0.3344298245614036
2 0.27960526315789475 0.5400219298245614 0.34082602339181295 0.5345394736842106 0.3435672514619883 0.5934758771929826 0.2850877192982457 0.6003289473684211
2 0.34173976608187134 0.5359100877192983 0.3965643274853801 0.5345394736842106 0.39839181286549724 0.590734649122807 0.34265350877192985 0.5962171052631579
2 0.39747807017543857 0.5359100877192983 0.45138888888888895 0.5317982456140351 0.45230263157894746 0.5852521929824561 0.39930555555555564 0.5921052631578947
2 0.2832602339181287 0.600328947368421 0.34448099415204686 0.5934758771929824 0.34539473684210525 0.630482456140351 0.2878289473684211 0.630482456140351
2 0.3435672514619883 0.5948464912280702 0.39930555555555564 0.5921052631578947 0.40021929824561414 0.6236293859649124 0.3444809941520469 0.6277412280701754
2 0.3993055555555556 0.5921052631578947 0.4532163742690059 0.5852521929824562 0.45321637426900585 0.6195175438596493 0.40021929824561403 0.6236293859649122
2 0.4925073099415205 0.2713815789473684 0.5281432748538013 0.2713815789473684 0.5290570175438597 0.33991228070175444 0.4934210526315789 0.3385416666666667
2 0.5290570175438597 0.2700109649122807 0.5646929824561404 0.2672697368421053 0.5674342105263158 0.337171052631579 0.5290570175438597 0.33854166666666674
2 0.5646929824561403 0.26864035087719296 0.6149488304093568 0.26589912280701755 0.6167763157894738 0.3330592105263159 0.5674342105263158 0.3358004385964912
2 0.6158625730994152 0.2604166666666667 0.6588084795321637 0.2604166666666667 0.6578947368421054 0.32620614035087725 0.6167763157894739 0.32894736842105265
2 0.489766081871345 0.3412828947368421 0.5381944444444445 0.3412828947368421 0.539108187134503 0.40158991228070173 0.4906798245614036 0.40433114035087725
2 0.5381944444444444 0.3385416666666667 0.584795321637427 0.3371710526315789 0.584795321637427 0.4002192982456141 0.5372807017543859 0.40158991228070184
2 0.5866228070175439 0.3344298245614035 0.6186038011695907 0.3344298245614035 0.6186038011695907 0.3974780701754387 0.5857090643274854 0.3974780701754387
2 0.6176900584795322 0.33168859649122806 0.6514985380116959 0.3303179824561404 0.6514985380116961 0.3933662280701755 0.6195175438596492 0.3933662280701755
2 0.4925073099415205 0.40844298245614036 0.5281432748538013 0.40570175438596495 0.5272295321637427 0.46600877192982454 0.4934210526315789 0.46875
2 0.5272295321637427 0.4029605263157895 0.5610380116959065 0.40158991228070184 0.561951754385965 0.4646381578947369 0.5281432748538012 0.46600877192982454
2 0.5610380116959064 0.40021929824561403 0.609466374269006 0.3974780701754387 0.6085526315789473 0.459155701754386 0.5628654970760234 0.4618969298245615
2 0.6085526315789473 0.39610745614035087 0.6542397660818714 0.3947368421052632 0.6551535087719299 0.45504385964912286 0.6076388888888888 0.4577850877192983
2 0.49890350877192985 0.5057565789473685 0.5299707602339182 0.5043859649122807 0.5317982456140351 0.5592105263157895 0.49890350877192985 0.5605811403508772
2 0.5290570175438597 0.5057565789473685 0.5637792397660819 0.5030153508771931 0.5628654970760235 0.5564692982456141 0.5308845029239767 0.5592105263157896
2 0.5646929824561403 0.503015350877193 0.6112938596491229 0.5002741228070176 0.6103801169590644 0.5550986842105263 0.5637792397660819 0.5578399122807018
2 0.6122076023391813 0.49890350877192985 0.6542397660818714 0.49479166666666674 0.6524122807017544 0.5509868421052632 0.6094663742690059 0.5564692982456142
2 0.49798976608187134 0.5605811403508771 0.5409356725146199 0.5592105263157895 0.5418494152046783 0.6126644736842105 0.495248538011696 0.6140350877192983
2 0.5409356725146199 0.5605811403508771 0.5857090643274854 0.5592105263157896 0.586622807017544 0.611293859649123 0.5418494152046784 0.6126644736842105
2 0.5866228070175439 0.5578399122807017 0.6186038011695907 0.5578399122807018 0.6195175438596491 0.6126644736842106 0.586622807017544 0.611293859649123
2 0.6176900584795322 0.5550986842105263 0.6524122807017544 0.5550986842105263 0.651498538011696 0.6154057017543861 0.6195175438596493 0.6140350877192984
2 0.49798976608187134 0.6140350877192983 0.5281432748538012 0.6140350877192984 0.5299707602339182 0.6702302631578949 0.4989035087719299 0.6716008771929824
2 0.5290570175438597 0.6140350877192983 0.5610380116959064 0.6126644736842106 0.561951754385965 0.6674890350877193 0.5308845029239767 0.6688596491228072
2 0.5610380116959064 0.6126644736842105 0.6058114035087719 0.6126644736842105 0.607638888888889 0.6674890350877194 0.5637792397660819 0.6674890350877194
2 0.6067251461988304 0.6126644736842105 0.6496710526315791 0.611293859649123 0.649671052631579 0.668859649122807 0.6085526315789475 0.668859649122807 0.6058114035087719 0.6195175438596493
1 0.8927266081871345 0.37417763157894735 0.89546783625731 0.30290570175438597 0.9502923976608187 0.30016447368421056 0.9484649122807017 0.3700657894736843
1 0.9475511695906432 0.3728070175438597 0.9502923976608187 0.30153508771929827 1 0.3015350877192983 0.9978070175438598 0.36595394736842113
1 0.8845029239766082 0.4454495614035088 0.8890716374269005 0.37554824561403516 0.9420687134502925 0.371436403508772 0.9347587719298247 0.44682017543859653
1 0.935672514619883 0.4454495614035088 0.9411549707602341 0.371436403508772 0.9950657894736844 0.3700657894736843 0.9877558479532166 0.44133771929824567
1 0.8790204678362573 0.49890350877192985 0.8835891812865498 0.4454495614035088 0.9338450292397662 0.4440789473684212 0.9274488304093569 0.5016447368421054
1 0.9301900584795322 0.49890350877192985 0.9338450292397662 0.44544956140350883 0.9859283625730995 0.4440789473684211 0.9786184210526315 0.4961622807017544
1 0.8717105263157895 0.5605811403508771 0.8790204678362573 0.49890350877192985 0.9292763157894737 0.5002741228070176 0.9210526315789473 0.5674342105263159
1 0.9228801169590644 0.5633223684210527 0.9292763157894737 0.49890350877192985 0.9804459064327488 0.49753289473684226 0.9740497076023393 0.5633223684210527
1 0.8653143274853801 0.6633771929824561 0.8707967836257312 0.605811403508772 0.9192251461988306 0.6003289473684211 0.9128289473684212 0.664747807017544
1 0.9137426900584795 0.6661184210526315 0.9192251461988306 0.6003289473684211 0.9722222222222224 0.5975877192982457 0.9639985380116961 0.6606359649122808
1 0.8598318713450293 0.7195723684210527 0.8653143274853801 0.6633771929824561 0.9119152046783627 0.664747807017544 0.9046052631578949 0.7195723684210528
1 0.9046052631578947 0.7168311403508771 0.9119152046783627 0.664747807017544 0.962171052631579 0.6592653508771931 0.9521198830409359 0.7168311403508771 0.9055190058479534 0.7209429824561405
1 0.8497807017543861 0.7648026315789475 0.858918128654971 0.718201754385965 0.9064327485380117 0.7182017543859649 0.8982090643274854 0.762061403508772
1 0.8972953216374269 0.7634320175438597 0.9046052631578947 0.7195723684210528 0.9512061403508774 0.7154605263157895 0.944809941520468 0.762061403508772
1 0.846125730994152 0.8114035087719298 0.8506944444444444 0.7634320175438597 0.8963815789473685 0.762061403508772 0.889985380116959 0.8141447368421054
1 0.889985380116959 0.8086622807017544 0.8972953216374271 0.7593201754385965 0.9438961988304093 0.7565789473684211 0.9384137426900585 0.8031798245614037
0 0.2567616959064328 0.6962719298245614 0.3389985380116959 0.6880482456140351 0.3453947368421053 0.7935855263157896 0.26589912280701755 0.8018092105263159
0 0.33808479532163743 0.6880482456140351 0.42032163742690065 0.683936403508772 0.423062865497076 0.7894736842105263 0.3435672514619883 0.7935855263157895
0 0.4194078947368421 0.6798245614035088 0.4989035087719299 0.6743421052631579 0.49890350877192985 0.7785087719298246 0.42123538011695916 0.786732456140351
0 0.24853801169590642 0.8908991228070177 0.33808479532163743 0.8799342105263159 0.3435672514619883 0.9841008771929824 0.2567616959064328 0.9936951754385966
0 0.33808479532163743 0.8826754385964913 0.42671783625731 0.8717105263157895 0.4294590643274855 0.9799890350877194 0.34448099415204686 0.990953947368421
0 0.42671783625730997 0.8675986842105263 0.5116959064327486 0.8607456140350879 0.512609649122807 0.9676535087719299 0.4285453216374269 0.9758771929824561
0 0.6907894736842105 0.9772478070175439 0.693530701754386 0.9169407894736843 0.7410453216374269 0.912828947368421 0.7346491228070176 0.9745065789473685
0 0.6862207602339181 0.981359649122807 0.7328216374269005 0.9717653508771931 0.7309941520467836 0.9978070175438598 0.6853070175438597 1