1 0.3134137426900585 0.3673245614035088 0.3737207602339182 0.3645833333333333 0.3782894736842107 0.43174342105263164 0.31798245614035087 0.4358552631578948
1 0.3746345029239766 0.3632127192982456 0.43494152046783624 0.3632127192982456 0.43585526315789475 0.43174342105263164 0.3773757309941521 0.4344846491228071
1 0.43494152046783624 0.3645833333333333 0.49342105263157904 0.36321271929824567 0.49616228070175444 0.4276315789473684 0.43494152046783635 0.4290021929824562 0.43402777777777785 0.36732456140350883
1 0.4934210526315789 0.3632127192982456 0.5509868421052632 0.36047149122807026 0.5537280701754387 0.4290021929824562 0.49616228070175444 0.4303728070175439
1 0.31798245614035087 0.43859649122807015 0.37737573099415206 0.4344846491228071 0.382858187134503 0.5057565789473686 0.32072368421052644 0.5043859649122807
1 0.3782894736842105 0.4331140350877193 0.4367690058479532 0.43174342105263164 0.4395102339181287 0.49753289473684215 0.3801169590643276 0.49890350877192985
1 0.43585526315789475 0.4303728070175439 0.49616228070175444 0.4290021929824562 0.49798976608187134 0.4961622807017544 0.4367690058479532 0.4975328947368421
1 0.4952485380116959 0.42763157894736836 0.5537280701754386 0.4276315789473684 0.5537280701754387 0.4961622807017545 0.49798976608187134 0.49479166666666674
1 0.3252923976608187 0.5043859649122807 0.38103070175438597 0.5016447368421053 0.38377192982456143 0.5633223684210527 0.32803362573099415 0.5646929824561405
1 0.38194444444444453 0.49890350877192985 0.4367690058479533 0.4975328947368421 0.4413377192982457 0.5619517543859649 0.381030701754386 0.5633223684210527
1 0.43859649122807015 0.49890350877192985 0.4961622807017544 0.4975328947368421 0.49798976608187145 0.556469298245614 0.4404239766081872 0.5592105263157895
1 0.49798976608187134 0.4947916666666667 0.5528143274853802 0.49890350877192974 0.5537280701754387 0.5550986842105263 0.49798976608187145 0.5564692982456141
1 0.3271198830409357 0.5646929824561403 0.3828581871345031 0.5605811403508771 0.38651315789473684 0.6304824561403509 0.3307748538011696 0.6291118421052633
1 0.3828581871345029 0.5619517543859649 0.4413377192982456 0.5619517543859649 0.4431652046783627 0.6222587719298246 0.38651315789473695 0.6263706140350879
1 0.4413377192982456 0.5578399122807017 0.49707602339181295 0.5564692982456141 0.5007309941520469 0.6222587719298247 0.4422514619883042 0.6222587719298246
1 0.49890350877192985 0.5564692982456141 0.5528143274853802 0.5564692982456142 0.5509868421052633 0.6167763157894737 0.4998172514619884 0.620888157894737
1 0.33808479532163743 0.6729714912280703 0.38925438596491246 0.6702302631578947 0.3929093567251464 0.7277960526315791 0.33808479532163743 0.7291666666666667
1 0.3892543859649123 0.6716008771929824 0.44590643274853803 0.6702302631578949 0.4468201754385966 0.7264254385964913 0.39016812865497086 0.7291666666666667
1 0.4449926900584795 0.6702302631578947 0.4998172514619884 0.6688596491228072 0.5016447368421053 0.7277960526315791 0.4459064327485381 0.7291666666666666
1 0.5007309941520468 0.668859649122807 0.5537280701754386 0.6674890350877193 0.5528143274853802 0.7264254385964913 0.5007309941520469 0.7264254385964913
1 0.3389985380116959 0.7291666666666666 0.3919956140350877 0.727796052631579 0.39290935672514626 0.7826206140350879 0.3417397660818714 0.7853618421052633
1 0.3919956140350877 0.7264254385964912 0.4449926900584795 0.7264254385964913 0.44773391812865504 0.7812500000000001 0.39382309941520477 0.7826206140350879
1 0.4449926900584795 0.7291666666666666 0.5007309941520469 0.7291666666666667 0.4989035087719299 0.7826206140350879 0.449561403508772 0.7812500000000001
1 0.4998172514619884 0.7277960526315791 0.5528143274853801 0.7291666666666666 0.5509868421052632 0.7785087719298247 0.4989035087719299 0.7798793859649122
1 0.34173976608187134 0.7853618421052632 0.3947368421052632 0.7812500000000001 0.3965643274853801 0.8264802631578947 0.3435672514619883 0.8237390350877194
1 0.39473684210526316 0.78125 0.44864766081871343 0.78125 0.447733918128655 0.8319627192982457 0.3983918128654971 0.8292214912280703
1 0.4468201754385965 0.7798793859649122 0.4998172514619884 0.7826206140350878 0.5007309941520468 0.8305921052631579 0.44590643274853803 0.8305921052631579
1 0.49890350877192985 0.7798793859649122 0.5519005847953217 0.7798793859649124 0.5500730994152048 0.8278508771929826 0.5007309941520469 0.8278508771929826