0 0.047514619883040954 0.17955043859649122 0.0182748538011696 0.30564692982456143 0 0.30564692982456143 0 0.17955043859649122
0 0.01827485380116961 0.30701754385964913 0.04660087719298246 0.17817982456140352 0.14802631578947373 0.1836622807017544 0.1251827485380117 0.30975877192982454
0 0.014619883040935672 0.30290570175438597 0.11787280701754387 0.30975877192982465 0.0959429824561404 0.4317434210526316 0.08954678362573104 0.42489035087719296 0.0018274853801169798 0.42351973684210525 0 0.37143640350877194
0 0.0009137426900585003 0.5276864035087719 0.08680555555555558 0.5276864035087719 0.05665204678362573 0.6990131578947368 0 0.6990131578947368
0 0.0009137426900585003 0.6976425438596491 0.05939327485380117 0.7003837719298247 0.032894736842105296 0.8881578947368423 0.008223684210526347 0.8826754385964913 0.0027412280701754697 0.8826754385964913
0 0.2997076023391813 0.28919956140350883 0.3115862573099415 0.16447368421052633 0.4157529239766082 0.17406798245614039 0.40844298245614036 0.30016447368421056
0 0.40844298245614036 0.3001644736842105 0.4157529239766082 0.17680921052631582 0.5180921052631579 0.18366228070175444 0.518092105263158 0.3070175438596492
0 0.518092105263158 0.3083881578947369 0.5180921052631579 0.18229166666666666 0.6195175438596492 0.1918859649122808 0.6250000000000001 0.31524122807017546 0.5208333333333335 0.30975877192982465
0 0.28691520467836257 0.42489035087719296 0.29970760233918137 0.28645833333333337 0.4130116959064328 0.29742324561403516 0.4066154970760234 0.4290021929824562
0 0.4066154970760234 0.4276315789473684 0.41301169590643283 0.2987938596491228 0.5217470760233918 0.3083881578947369 0.5226608187134503 0.4303728070175439
0 0.5217470760233918 0.4290021929824561 0.5226608187134503 0.30975877192982465 0.628654970760234 0.3152412280701755 0.6359649122807017 0.4372258771929825
0 0.25493421052631576 0.7017543859649122 0.26864035087719296 0.5222039473684211 0.3919956140350877 0.5249451754385965 0.3819444444444444 0.7003837719298247
0 0.38103070175438597 0.7003837719298246 0.38925438596491235 0.5235745614035088 0.5153508771929826 0.5276864035087719 0.5116959064327486 0.7044956140350879
0 0.5116959064327486 0.7058662280701755 0.5153508771929824 0.527686403508772 0.6350511695906433 0.5317982456140351 0.6377923976608187 0.7072368421052632
0 0.23848684210526316 0.8826754385964912 0.2521929824561404 0.6962719298245615 0.3837719298245615 0.7003837719298247 0.3718932748538012 0.8895285087719299
0 0.3718932748538012 0.8881578947368421 0.3828581871345029 0.6962719298245615 0.5135233918128655 0.7017543859649124 0.5116959064327486 0.8922697368421053
0 0.5116959064327486 0.8950109649122808 0.5126096491228072 0.7044956140350879 0.6396198830409356 0.7099780701754386 0.647843567251462 0.8963815789473685
0 0.6880482456140351 0.3262061403508772 0.6770833333333335 0.205592105263158 0.7785087719298246 0.20559210526315788 0.7913011695906432 0.3193530701754387 0.6935307017543859 0.3166118421052632
0 0.7922149122807017 0.32209429824561403 0.7775950292397661 0.20148026315789477 0.8771929824561403 0.2014802631578948 0.8982090643274856 0.3248355263157895
0 0.8963815789473685 0.3262061403508772 0.8790204678362574 0.2083333333333334 0.9722222222222222 0.2083333333333334 0.9978070175438597 0.3262061403508772 0.8972953216374271 0.3262061403508772
0 0.6944444444444444 0.31661184210526316 0.8022660818713451 0.32346491228070184 0.8168859649122808 0.4646381578947369 0.7063230994152049 0.459155701754386
0 0.8022660818713451 0.32346491228070173 0.9073464912280702 0.32620614035087725 0.9292763157894737 0.47012061403508776 0.8168859649122808 0.4646381578947369 0.8013523391812867 0.32346491228070184
0 0.9082602339181286 0.3262061403508772 0.9996345029239768 0.3262061403508772 1 0.4701206140350877 0.9283625730994152 0.46875000000000006
0 0.7291666666666666 0.5413925438596491 0.8488669590643275 0.5413925438596491 0.8698830409356727 0.7113486842105263 0.7456140350877195 0.7113486842105264
0 0.8497807017543859 0.5427631578947368 0.965826023391813 0.5400219298245614 0.9950657894736844 0.7154605263157896 0.8707967836257312 0.7127192982456142
0 0.9676535087719298 0.5427631578947368 1 0.542763157894737 1 0.7168311403508774 0.9932383040935673 0.7154605263157896
0 0.7401315789473685 0.7154605263157895 0.8653143274853801 0.7113486842105263 0.8899853801169593 0.903234649122807 0.7556652046783627 0.9004934210526317
0 0.8662280701754386 0.7127192982456142 0.9923245614035089 0.7154605263157896 1 0.762061403508772 1 0.903234649122807 0.8890716374269008 0.9004934210526315
1 0.40021929824561403 0.08771929824561404 0.40021929824561403 0.034265350877193 0.4596125730994152 0.03289473684210528 0.45778508771929827 0.09183114035087721
1 0.4586988304093567 0.09457236842105264 0.4596125730994153 0.03289473684210528 0.5190058479532165 0.034265350877193 0.5153508771929826 0.09457236842105264
1 0.5171783625730995 0.0959429824561404 0.5171783625730995 0.034265350877193006 0.5765716374269005 0.04111842105263158 0.5774853801169592 0.09731359649122809
1 0.3983918128654971 0.08771929824561404 0.4596125730994153 0.09320175438596494 0.4577850877192983 0.1288377192982456 0.3965643274853801 0.12746710526315788
1 0.4586988304093567 0.09320175438596492 0.519919590643275 0.09457236842105267 0.518092105263158 0.13432017543859653 0.4577850877192983 0.12883771929824564
1 0.5180921052631579 0.09320175438596492 0.5783991228070177 0.09594298245614036 0.5783991228070177 0.13294956140350878 0.519919590643275 0.13294956140350878