0 0.1398026315789474 0.45915570175438597 0.27960526315789475 0.4536732456140352 0.29422514619883045 0.6071820175438597 0.16081871345029244 0.6085526315789473
0 0.28417397660818716 0.45230263157894735 0.42397660818713456 0.45093201754385964 0.4285453216374269 0.6030701754385965 0.2942251461988305 0.6044407894736842
0 0.42580409356725146 0.45915570175438597 0.5244883040935673 0.45504385964912286 0.5235745614035089 0.6071820175438597 0.428545321637427 0.6112938596491229
0 0.1525950292397661 0.6126644736842105 0.2887426900584796 0.6085526315789475 0.2997076023391813 0.7469846491228072 0.16812865497076027 0.7497258771929824
0 0.291483918128655 0.6071820175438597 0.4276315789473684 0.6044407894736843 0.4294590643274855 0.7428728070175439 0.3015350877192984 0.7442434210526315
0 0.4276315789473684 0.6126644736842105 0.5226608187134504 0.6112938596491229 0.5208333333333334 0.7483552631578949 0.43128654970760244 0.7469846491228072
0 0.16812865497076027 0.7483552631578947 0.29513888888888895 0.7442434210526317 0.3051900584795322 0.8717105263157895 0.18000730994152048 0.8717105263157895
0 0.2987938596491228 0.7442434210526315 0.42763157894736853 0.7442434210526317 0.43220029239766083 0.8703399122807018 0.30519005847953223 0.8717105263157895
0 0.4294590643274854 0.7524671052631579 0.5208333333333334 0.7510964912280703 0.5217470760233919 0.8758223684210528 0.43402777777777785 0.8758223684210528
0 0.18823099415204683 0.9566885964912281 0.30153508771929827 0.9566885964912282 0.30427631578947373 1 0.19371345029239767 1
0 0.30153508771929827 0.9594298245614035 0.4203216374269006 0.9580592105263159 0.42214912280701755 1 0.3033625730994153 1
0 0.4203216374269006 0.9580592105263158 0.5052997076023392 0.9580592105263158 0.5052997076023392 1 0.42214912280701755 1
1 0.5610380116959065 0.8621162280701755 0.5610380116959064 0.7757675438596493 0.6323099415204678 0.78125 0.6295687134502924 0.8648574561403509
1 0.6332236842105263 0.7839912280701754 0.7035818713450293 0.786732456140351 0.6990131578947368 0.8689692982456142 0.6304824561403509 0.8662280701754387
1 0.7054093567251462 0.7881030701754386 0.7775950292397661 0.7894736842105264 0.7693713450292398 0.8717105263157896 0.6999269005847953 0.8689692982456142
1 0.5628654970760234 0.7757675438596491 0.5628654970760234 0.708607456140351 0.6332236842105264 0.7099780701754387 0.6313961988304094 0.7771381578947368
1 0.6332236842105263 0.78125 0.6359649122807017 0.7113486842105263 0.7108918128654971 0.7168311403508774 0.7063230994152047 0.7881030701754387
1 0.7035818713450293 0.7867324561403509 0.7090643274853803 0.7168311403508774 0.7839912280701756 0.7195723684210528 0.7766812865497076 0.7894736842105264
1 0.5628654970760234 0.6428179824561403 0.5628654970760234 0.5372807017543861 0.6405336257309941 0.5372807017543859 0.6377923976608187 0.6455592105263158
1 0.6368786549707602 0.6469298245614037 0.6405336257309941 0.5400219298245614 0.7200292397660819 0.5427631578947368 0.7127192982456142 0.6496710526315791
1 0.714546783625731 0.6524122807017544 0.720029239766082 0.5441337719298247 0.7976973684210528 0.546875 0.792214912280702 0.6524122807017544 0.7154605263157896 0.6537828947368423
1 0.5656067251461988 0.5386513157894737 0.5656067251461989 0.42489035087719307 0.6432748538011696 0.4262609649122807 0.6423611111111112 0.5386513157894737
1 0.6423611111111112 0.5413925438596491 0.6423611111111112 0.4290021929824563 0.7255116959064328 0.4276315789473685 0.7209429824561403 0.5455043859649122
1 0.7209429824561403 0.546875 0.7245979532163743 0.4290021929824563 0.805921052631579 0.4290021929824563 0.7976973684210527 0.5482456140350876