0 0.6743421052631579 0.7456140350877193 0.6834795321637427 0.5866228070175439 0.7958698830409356 0.581140350877193 0.7812500000000001 0.737390350877193
0 0.7821637426900586 0.7373903508771931 0.7949561403508774 0.581140350877193 0.9046052631578947 0.5756578947368421 0.8835891812865497 0.7291666666666666
0 0.8845029239766082 0.7291666666666666 0.9046052631578949 0.5742872807017545 1 0.5688048245614037 1 0.6387061403508774 0.988669590643275 0.7195723684210528
0 0.6661184210526315 0.8922697368421053 0.6743421052631579 0.7510964912280702 0.78125 0.7442434210526317 0.765716374269006 0.8799342105263158
0 0.7675438596491229 0.8799342105263159 0.7803362573099417 0.7415021929824562 0.8835891812865498 0.7305372807017544 0.8662280701754386 0.8717105263157895
0 0.8680555555555556 0.8703399122807017 0.8854166666666669 0.7319078947368421 0.9868421052631579 0.7223135964912282 0.96765350877193 0.8607456140350879
0 0.6533260233918129 1 0.6569809941520469 0.9662828947368421 0.6624634502923978 0.9662828947368421 0.6679459064327485 0.9758771929824561 0.758406432748538 0.971765350877193 0.7565789473684212 1
0 0.7556652046783626 1 0.7584064327485381 0.9745065789473683 0.8616593567251464 0.9621710526315789 0.8561769005847955 1
0 0.857090643274854 1 0.8625730994152047 0.9594298245614035 0.9539473684210527 0.9566885964912281 0.9448099415204678 1
0 0.3892543859649123 0.9608004385964912 0.47514619883040937 0.9470942982456141 0.4769736842105263 1 0.3919956140350877 1
0 0.0018274853801169798 0.8950109649122807 0.013706140350877197 0.8950109649122808 0.03563596491228071 0.9991776315789475 0 1
0 0.01827485380116961 0.8950109649122807 0.11695906432748537 0.8908991228070177 0.13066520467836257 0.9936951754385966 0.035635964912280715 0.9964364035087719
1 0.0009137426900585003 0.3262061403508772 0.05025584795321637 0.32620614035087725 0.0630482456140351 0.415296052631579 0 0.4166666666666667
1 0.05116959064327487 0.3275767543859649 0.12609649122807018 0.32483552631578955 0.133406432748538 0.4098135964912281 0.0630482456140351 0.4152960526315789
1 0.1260964912280702 0.3248355263157895 0.20010964912280707 0.3220942982456141 0.20833333333333334 0.4084429824561404 0.13432017543859648 0.4084429824561404
1 0.049342105263157916 0.4166666666666667 0.06213450292397664 0.5112390350877193 0 0.5112390350877194 1.0388051692399125e-17 0.4166666666666668
1 0.050255847953216394 0.4166666666666667 0.12426900584795325 0.4125548245614036 0.13706140350877194 0.5057565789473685 0.06396198830409361 0.5112390350877193
1 0.12975146198830412 0.4139254385964912 0.19919590643274854 0.41118421052631576 0.21198830409356725 0.49890350877192985 0.13980263157894737 0.5030153508771931
1 0.06030701754385967 0.5112390350877193 0.07309941520467839 0.5921052631578947 0.0018274853801169798 0.5934758771929824 0 0.5153508771929824
1 0.0630482456140351 0.5139802631578947 0.135233918128655 0.5126096491228072 0.13980263157894737 0.5866228070175439 0.07309941520467836 0.5893640350877193
1 0.13614766081871346 0.5112390350877193 0.2065058479532164 0.5057565789473685 0.21290204678362573 0.5825109649122807 0.1452850877192983 0.5852521929824562
2 0.34195659346222534 0.2264419881097419 0.3390374518107186 0.1695187259053593 0.3945011431893478 0.16951872590535932 0.39658624436899553 0.22456539704805903
2 0.3974202848408546 0.22519092740195332 0.39450114318934787 0.16951872590535932 0.4499648345679772 0.16701660448978203 0.4520499357476248 0.22456539704805897
2 0.4520499357476248 0.22331433634027034 0.4499648345679771 0.1701442562592536 0.5062625664184653 0.167016604489782 0.5087646878340426 0.2220632756324817
2 0.3452927553496617 0.2808631288985473 0.34237361369815494 0.22519092740195332 0.39658624436899553 0.22519092740195334 0.3999224062564319 0.2796120681907587
2 0.3999224062564319 0.2796120681907587 0.39616922413306604 0.22581645775584766 0.4520499357476248 0.224565397048059 0.45413503692727253 0.2771099467751814 0.4003394264923615 0.27961206819075873
2 0.4545520571632021 0.27836100748297005 0.4520499357476248 0.2233143363402704 0.5083476675981131 0.22143774527858745 0.5091817080699722 0.2746078253596042
2 0.34529275534966175 0.2808631288985473 0.3999224062564319 0.2796120681907587 0.4028415479079387 0.3309055572100925 0.34904593747302765 0.33153108756398686
2 0.39950538602050234 0.2789865378368644 0.45496907739913167 0.2771099467751814 0.45705417857877934 0.3296544965023039 0.4024245276720092 0.3309055572100925
2 0.4545520571632021 0.2771099467751814 0.5091817080699723 0.2752333557134985 0.5100157485418313 0.32777790544062096 0.45705417857877934 0.3296544965023039
2 0.34862891723709805 0.3302800268561981 0.4028415479079387 0.3309055572100925 0.40409260861572727 0.3784458641060604 0.35279911959639354 0.37969692481384903 0.34862891723709805 0.3334076786256698
2 0.4028415479079387 0.3302800268561981 0.45705417857877934 0.3296544965023039 0.4578882190506384 0.3778203337521661 0.40409260861572727 0.3784458641060604
2 0.45622013810692025 0.32965449650230383 0.5100157485418312 0.32840343579451525 0.5108497890136904 0.3778203337521661 0.4578882190506384 0.3784458641060604
2 0.35405018030418217 0.3784458641060604 0.405343669323516 0.37907139445995475 0.4070117502672342 0.42285851923255685 0.3561352814838299 0.42348404958645114
2 0.40492664908758635 0.3784458641060604 0.45830523928656797 0.3784458641060604 0.4599733202302862 0.4216074585247682 0.4074287705031636 0.42285851923255685
2 0.4578882190506384 0.3784458641060604 0.5095987283059017 0.3784458641060604 0.5100157485418313 0.42285851923255685 0.4599733202302862 0.4216074585247682
2 0.3615565445509139 0.5091817080699722 0.35822038266347755 0.4678967047129475 0.4090968514468818 0.4685222350668418 0.4111819526265296 0.5098072384238665
2 0.41034791215467054 0.5091817080699723 0.40951387168281145 0.4685222350668417 0.4603903404662157 0.4678967047129475 0.4616414011740044 0.5073051170082894
2 0.4616414011740044 0.5079306473621836 0.4608073607021453 0.4685222350668418 0.5091817080699723 0.4666456440051588 0.5104327687777608 0.5060540563005006
2 0.36280760525870254 0.5529688328425741 0.35988846360719573 0.5098072384238665 0.4099308919187409 0.5098072384238665 0.41159897286245917 0.5492156507192083
2 0.4120159930983887 0.5510922417808913 0.4099308919187409 0.5091817080699722 0.4616414011740043 0.5079306473621836 0.46247544164586346 0.5485901203653141
2 0.46289246188179284 0.5510922417808913 0.4616414011740042 0.5085561777160779 0.5095987283059017 0.5079306473621835 0.5104327687777608 0.5460879989497367
2 0.36197356478684345 0.5535943631964685 0.4111819526265295 0.5517177721347856 0.4136840740421069 0.5936283058457047 0.3653097266742798 0.5948793665534933
2 0.41159897286245906 0.5517177721347856 0.4624754416458634 0.5510922417808913 0.463726502353652 0.5917517147840219 0.4128500335702477 0.592377245137916
2 0.46205842140993386 0.5510922417808912 0.5116838294855495 0.550466711426997 0.5125178699574086 0.5917517147840217 0.46330948211772244 0.592377245137916
2 0.36489270643835026 0.5948793665534933 0.4141010942780363 0.5936283058457047 0.41535215498582506 0.6336622484949408 0.36656078738206843 0.6336622484949408
2 0.41326705380617723 0.5930027754918105 0.46289246188179295 0.592377245137916 0.46414352258958164 0.631785657433258 0.41535215498582506 0.6324111877871522
2 0.46289246188179295 0.592377245137916 0.5125178699574086 0.5911261844301274 0.5121008497214791 0.629909066371575 0.46414352258958164 0.631785657433258
2 0.36656078738206843 0.6336622484949408 0.4141010942780363 0.6349133092027295 0.41743725616547267 0.6774493732675427 0.3703139695054343 0.6768238429136486
2 0.4141010942780363 0.6336622484949408 0.4641435225895815 0.6330367181410466 0.46622862376922924 0.6730706607902827 0.41743725616547267 0.6749472518519655
2 0.46414352258958147 0.6305345967254692 0.5112668092496199 0.6305345967254693 0.5125178699574086 0.6730706607902827 0.4666456440051588 0.6724451304363885
2 0.5504667114269969 0.304007751992637 0.6017602004463308 0.3027566912848484 0.6013431802104013 0.34967146782692193 0.5508837316629266 0.34967146782692193
2 0.6013431802104011 0.302131160930954 0.6376239407362715 0.3008801002231654 0.6376239407362715 0.3421651035801902 0.6021772206822603 0.347794876765239
2 0.638040960972201 0.3002545698692711 0.6722366203184236 0.2996290395153767 0.6726536405543532 0.33966298216461294 0.637206920500342 0.34153957322629586 0.6363728800284829 0.30213116093095405
2 0.6726536405543531 0.2977524484536938 0.7076833403724349 0.29837797880758815 0.7068492999005758 0.3402885125185072 0.6722366203184236 0.33966298216461294 0.6730706607902827 0.2996290395153767
2 0.6638962155998326 0.21956115421690445 0.7126875832035893 0.2170590328013272 0.7076833403724347 0.2983779788075881 0.6613940941842554 0.2990035091614825
2 0.6276154550739624 0.22018668457079876 0.6630621751279737 0.2201866845707988 0.6613940941842554 0.3002545698692711 0.6267814146021035 0.30025456986927107 0.6276154550739624 0.22206327563248174
2 0.5905006540762331 0.224565397048059 0.627198434838033 0.22331433634027034 0.6276154550739625 0.30088010022316536 0.5913346945480923 0.30275669128484833
2 0.5554709542581514 0.2264419881097419 0.5905006540762332 0.22331433634027037 0.5913346945480922 0.302131160930954 0.5554709542581514 0.3033822216387426