2 0.29366984930368223 0.22805794152396894 0.3389194408758983 0.22805794152396894 0.34344440003311993 0.3081497186067914 0.29728981662945947 0.3088284624803746
2 0.34389689594884204 0.3101859502275411 0.33982443270734264 0.22805794152396897 0.4045313486556116 0.22670045377680248 0.4067938282342224 0.3047559992388752
2 0.40769882006566666 0.3054347431124584 0.4049838445713338 0.225342966029636 0.4678807768567141 0.22398547828246948 0.4692382646038806 0.3033985114917087
2 0.2990998002923481 0.30882846248037465 0.3438968959488421 0.30882846248037465 0.34751686327461934 0.3828115447009479 0.30226727170240336 0.3834902885745311
2 0.34344440003311993 0.3074709747332081 0.4099612996442776 0.3074709747332081 0.41041379555999974 0.37806033758586516 0.34842185510606377 0.38281154470094786
2 0.4090563078128332 0.3054347431124584 0.4715007441824913 0.3033985114917087 0.4719532400982135 0.37670284983869873 0.4113187873914439 0.37806033758586516
2 0.30362475944956974 0.3834902885745311 0.34977934285323015 0.38281154470094786 0.3524943183475631 0.4466134688177726 0.30905471043823574 0.4493284443121055
2 0.3529468142632853 0.4472922126913557 0.3488743510217859 0.3821328008273646 0.41222377922288833 0.3780603375858652 0.41448625880149914 0.44593472494418923
2 0.41448625880149914 0.44593472494418923 0.4117712833071662 0.37806033758586527 0.4728582319296579 0.37670284983869873 0.4737632237611022 0.44525598107060604
2 0.3086022145225135 0.49480428384218256 0.34932684693750804 0.4948042838421826 0.3543043020104517 0.5558912324646743 0.312674677764013 0.5572487202118408
2 0.3488743510217858 0.49480428384218256 0.41131878739144406 0.49276805222143294 0.4131287710543326 0.5511400253495916 0.3529468142632853 0.5538550008439246
2 0.4117712833071661 0.4934467960950161 0.4715007441824913 0.49276805222143294 0.4724057360139357 0.5491037937288419 0.41358126697005476 0.5484250498552588
2 0.31312717367973514 0.5565699763382576 0.3543043020104517 0.5558912324646743 0.3565667815890626 0.6142632055928331 0.31629464508979027 0.6156206933399995
2 0.35385180609472955 0.5538550008439246 0.414033762885777 0.5504612814760084 0.41539125063294347 0.6129057178456666 0.3565667815890626 0.6149419494664162
2 0.41358126697005476 0.5497825376024251 0.4728582319296579 0.5470675621080923 0.4737632237611022 0.6095119984777504 0.41629624246438773 0.6115482300985
2 0.31629464508979027 0.6156206933399995 0.3561142856733404 0.6149419494664162 0.36018674891483987 0.6753501542153248 0.3194621164998454 0.6780651297096576
2 0.3565667815890626 0.6142632055928331 0.41629624246438773 0.6129057178456666 0.4176537302115543 0.6699202032266588 0.35928175708339555 0.6739926664681581
2 0.41629624246438773 0.6108694862249168 0.4728582319296578 0.6095119984777504 0.47331072784538003 0.6678839716059091 0.4167487383801099 0.6699202032266588
2 0.49638801954721024 0.41742748225369314 0.4950305318000438 0.3305482664350384 0.5515925212653138 0.329869522561455 0.552045017181036 0.4147125067593603
2 0.5529500090124801 0.41539125063294347 0.5515925212653138 0.3319057541822048 0.6099644943934724 0.32647580319353886 0.6081545107305839 0.411318787391444
2 0.6090595025620282 0.411318787391444 0.6095119984777504 0.3278332909407054 0.6656214920272983 0.3217245960784562 0.6647165001958539 0.4065675802763613
2 0.4977455072943767 0.4948042838421826 0.49593552363148796 0.4160699945065268 0.5529500090124801 0.414033762885777 0.5524975130967581 0.4920893083478497
2 0.5529500090124804 0.4920893083478497 0.552045017181036 0.41471250675936017 0.6099644943934724 0.4099612996442776 0.6090595025620282 0.4893743328535167
2 0.6099644943934724 0.4900530767271 0.6095119984777504 0.4092825557706943 0.6642640042801318 0.40453134865561163 0.6633590124486876 0.484623125738434
2 0.5081529133559862 0.5979733526268353 0.5081529133559863 0.5416376111194263 0.5592849518325906 0.5396013794986765 0.560642439579757 0.5966158648796687
2 0.5597374477483126 0.5959371210060855 0.5588324559168684 0.5402801233722598 0.6113219821406389 0.5368864040043436 0.6117744780563611 0.5905071700174196
2 0.6122269739720834 0.5898284261438363 0.6117744780563611 0.5355289162571771 0.6633590124486876 0.5307777091420944 0.6624540206172432 0.5816834996608375
2 0.5081529133559862 0.6678839716059091 0.5086054092717086 0.5979733526268354 0.5597374477483127 0.5959371210060855 0.5597374477483128 0.6651689961115761
2 0.5597374477483126 0.6651689961115761 0.5588324559168684 0.594579633258919 0.6113219821406389 0.5905071700174197 0.6131319658035277 0.6604177889964933
2 0.6131319658035276 0.6590603012493269 0.6122269739720835 0.58847093839667 0.6624540206172431 0.5823622435344206 0.6610965328700765 0.6529516063870777