0 0.15168128654970767 0.4468201754385965 0.2923976608187135 0.4427083333333333 0.3006213450292398 0.5975877192982456 0.16538742690058483 0.5989583333333334
0 0.29239766081871343 0.4413377192982456 0.43311403508771945 0.44407894736842113 0.43585526315789475 0.5962171052631579 0.29970760233918137 0.5989583333333334
0 0.43128654970760233 0.4454495614035088 0.5308845029239766 0.4427083333333333 0.5299707602339181 0.5989583333333335 0.4331140350877193 0.6016995614035088
0 0.16355994152046785 0.5989583333333334 0.30062134502923976 0.596217105263158 0.3079312865497076 0.7373903508771931 0.17726608187134502 0.7415021929824562
0 0.2987938596491228 0.5975877192982456 0.43585526315789475 0.5934758771929826 0.4358552631578949 0.7332785087719299 0.30701754385964913 0.737390350877193
0 0.43494152046783624 0.600328947368421 0.5272295321637428 0.5962171052631579 0.5254020467836257 0.7373903508771931 0.43585526315789475 0.7415021929824562
0 0.17817982456140352 0.7401315789473685 0.30884502923976614 0.7360197368421054 0.31524122807017546 0.8675986842105264 0.1900584795321638 0.8730811403508771
0 0.3079312865497076 0.737390350877193 0.43585526315789475 0.7360197368421053 0.4395102339181288 0.864857456140351 0.31432748538011696 0.8689692982456142
0 0.43585526315789475 0.7387609649122807 0.5254020467836257 0.7360197368421053 0.5244883040935673 0.8634868421052633 0.43951023391812866 0.8689692982456142
0 0.6652046783625731 0.4454495614035088 0.7629751461988306 0.44133771929824567 0.7510964912280702 0.6016995614035088 0.6588084795321637 0.6030701754385965
0 0.7638888888888888 0.4413377192982456 0.9000365497076024 0.43311403508771934 0.8826754385964912 0.5879934210526315 0.7510964912280702 0.5989583333333334
0 0.9000365497076024 0.4303728070175439 1 0.4235197368421053 1 0.5797697368421054 0.8826754385964914 0.5838815789473685
0 0.6551535087719298 0.6016995614035088 0.7483552631578947 0.5975877192982456 0.737390350877193 0.7456140350877193 0.6487573099415205 0.7456140350877193
0 0.7474415204678364 0.5907346491228072 0.8799342105263158 0.5879934210526315 0.8634868421052632 0.727796052631579 0.7364766081871347 0.7305372807017545
0 0.8790204678362573 0.5838815789473685 1 0.5783991228070176 1 0.6222587719298247 0.988669590643275 0.7168311403508774 0.8616593567251462 0.7209429824561403
0 0.6487573099415205 0.7428728070175439 0.7364766081871345 0.742872807017544 0.7273391812865497 0.8771929824561405 0.6423611111111113 0.8758223684210528
0 0.737390350877193 0.7291666666666666 0.8625730994152047 0.7223135964912281 0.8470394736842105 0.8703399122807018 0.7273391812865497 0.8689692982456142
0 0.8625730994152047 0.7209429824561403 0.9850146198830411 0.7127192982456142 0.9658260233918129 0.8525219298245615 0.8497807017543861 0.8593750000000001
0 0.1964546783625731 0.9635416666666666 0.28965643274853803 0.9608004385964912 0.29331140350877194 1 0.2010233918128655 1
0 0.28965643274853803 0.9594298245614035 0.41118421052631576 0.9566885964912282 0.41392543859649134 1 0.2914839181286551 1
0 0.4102704678362573 0.9539473684210527 0.5290570175438597 0.9470942982456142 0.5272295321637427 1 0.4102704678362573 1
0 0.6368786549707602 0.9512061403508771 0.7236842105263158 0.951206140350877 0.7209429824561405 1 0.6377923976608189 1
0 0.720029239766082 0.9525767543859649 0.8452119883040936 0.9539473684210527 0.8397295321637427 1 0.7172880116959064 1
0 0.8424707602339181 0.9525767543859649 0.9649122807017545 0.9525767543859649 0.9594298245614037 1 0.8379020467836259 1