0 0.08497807017543861 0.6620065789473685 0.2074195906432749 0.6606359649122807 0.2238669590643275 0.8237390350877194 0.10508040935672515 0.8237390350877194 0.08315058479532164 0.6661184210526317
0 0.2065058479532164 0.6606359649122807 0.3316885964912281 0.6578947368421054 0.34265350877192985 0.8196271929824562 0.22295321637426901 0.8223684210526317
0 0.3307748538011696 0.659265350877193 0.45321637426900585 0.6565241228070177 0.4586988304093567 0.8209978070175439 0.34082602339181295 0.8223684210526317
0 0.10782163742690061 0.8237390350877193 0.22569444444444445 0.8223684210526315 0.23848684210526316 0.9703947368421053 0.12792397660818713 0.9703947368421053
0 0.22569444444444445 0.8237390350877193 0.3426535087719299 0.8223684210526315 0.3499634502923976 0.971765350877193 0.23757309941520477 0.9703947368421053
0 0.3435672514619883 0.8209978070175439 0.45869883040935683 0.8196271929824562 0.4641812865497077 0.9676535087719298 0.3499634502923977 0.9703947368421053
0 0.5857090643274854 0.8114035087719298 0.5893640350877193 0.6455592105263159 0.7136330409356725 0.6483004385964912 0.7026681286549707 0.8114035087719299
0 0.7026681286549707 0.8114035087719298 0.7127192982456141 0.6483004385964912 0.8369883040935673 0.649671052631579 0.8232821637426903 0.8155153508771931
0 0.82328216374269 0.8168859649122807 0.8360745614035089 0.6510416666666667 0.9639985380116959 0.6510416666666667 0.9438961988304093 0.8182565789473686
0 0.5820540935672515 0.9566885964912281 0.586622807017544 0.8059210526315791 0.7026681286549707 0.8086622807017545 0.6944444444444444 0.9580592105263159
0 0.6935307017543859 0.9608004385964912 0.7017543859649122 0.8072916666666667 0.8223684210526317 0.8114035087719299 0.8086622807017545 0.962171052631579
0 0.8077485380116959 0.962171052631579 0.8205409356725146 0.8114035087719299 0.9448099415204678 0.815515350877193 0.9247076023391815 0.9649122807017545 0.8059210526315791 0.9594298245614035