0 0.08491875783589589 0.5789915306992901 0.10207406244920818 0.45418668963744313 0 0.4529000417914447 0 0.5738449393152966
0 0.08663428829722712 0.5789915306992901 0.10550512337187064 0.45675998532943995 0.17584187228645107 0.4606199288674353 0.15954433290380438 0.5841381220832839
0 0.1664064547491293 0.5802781785452885 0.18184622890111035 0.45675998532944007 0.253898508277022 0.45675998532944007 0.24103202981703786 0.5802781785452885
0 0.24617862120103148 0.5854247699292823 0.2590450996610157 0.46190657671343377 0.33023961380626177 0.4644798724054305 0.32166196149960563 0.5867114177752807
0 0.030021783073296525 0.5764182350072933 0.006004356614659304 0.7115162588371277 0.0008577652306656068 0.7115162588371277 5.1940258461995625e-18 0.5751315871612949
0 0.030879548303962143 0.5764182350072934 0.1097939495251987 0.5764182350072934 0.09092311445055518 0.7140895545291246 0.010293182767987364 0.7115162588371278
0 0.09178087968122081 0.7140895545291245 0.11236724521719556 0.5777048828532919 0.18699282028510408 0.5828514742372856 0.16983751567179178 0.7179494980671197
0 0.1775574027477823 0.7192361459131181 0.19471270736109464 0.5789915306992901 0.32080419626894 0.5841381220832838 0.31051101350095267 0.7205227937591165
0 0.06347462706925552 0.7153762023751229 0.043746026763946344 0.846614282666962 0 0.846614282666962 0 0.7115162588371277
0 0.06347462706925552 0.7128029066831261 0.14238902829049208 0.7153762023751231 0.12780701936917666 0.8479009305129604 0.04288826153328077 0.8453276348209635
0 0.14582008921315454 0.7153762023751229 0.227307786126388 0.7205227937591165 0.2127257772050725 0.8543341697429526 0.12780701936917668 0.8504742262049575
0 0.2298810818183848 0.7192361459131181 0.31051101350095267 0.7218094416051152 0.2959290045796372 0.8569074654349494 0.21272577720507257 0.8556208175889509
0 0.4417490937927918 0.6651969363811845 0.6167332008485772 0.6677702320731813 0.6253108531552334 0.8659140003569384 0.4391757981007949 0.8672006482029367
0 0.6253108531552334 0.8646273525109399 0.6167332008485772 0.666483584227183 0.7282426808351072 0.6677702320731813 0.7453979854484195 0.8684872960489352
0 0.7479712811404163 0.8684872960489352 0.730815976527104 0.6690568799191798 0.8431832217442996 0.6690568799191798 0.8680584134336023 0.8684872960489353
0 0.4443223894847886 0.6690568799191796 0.44518015471545425 0.49021282932539895 0.6098710790032523 0.49535942070939276 0.6167332008485773 0.6690568799191796
0 0.6175909660792429 0.6677702320731812 0.6098710790032524 0.4953594207093926 0.7145184371444574 0.49407277286339435 0.7291004460657728 0.6703435277651782
0 0.7316737417577697 0.6651969363811845 0.7179494980671198 0.48506623794140524 0.8251701519003217 0.48249294224940853 0.8448987522056309 0.6651969363811846
0 0.4443223894847886 0.4927861250173958 0.4460379199461198 0.33324179211359145 0.6021511919272619 0.340961679189582 0.6064400180805899 0.4979327164013896
0 0.6124443746952491 0.490212829325399 0.6047244876192586 0.32938184857559616 0.7025097239151387 0.33195514426759304 0.7145184371444574 0.49407277286339424
0 0.7145184371444574 0.4940727728633943 0.7033674891458044 0.34482162272757727 0.7994371949803534 0.3512548619575694 0.810588142979006 0.48635288578740377 0.7179494980671198 0.48635288578740377
0 0.4477534504074511 0.26762275196767193 0.45032674609944784 0.13381137598383594 0.5944313048512712 0.14281791090582488 0.5978623657739337 0.2727693433516656
0 0.5987201310045993 0.27405599119766405 0.5952890700819368 0.14410455875182332 0.6844966540711608 0.14796450228981858 0.693074306377817 0.2766292868896608
0 0.695647602069814 0.2766292868896609 0.6853544193018265 0.14539120659782176 0.7745620032910502 0.1479645022898186 0.7891440122123657 0.27920258258165764
0 0.45118451133011356 0.1312380802918391 0.45633110271410715 0.010293182767987366 0.5901424786979431 0.02315966122797161 0.5944313048512712 0.14539120659782176
0 0.5952890700819369 0.13895796736782962 0.5901424786979431 0.015439774151981086 0.6750612365338391 0.021873013381973186 0.6844966540711609 0.14281791090582488
0 0.6879277149938232 0.14024461521382806 0.6776345322258358 0.016726421997979492 0.7625532900617317 0.025732956919968436 0.777993064213713 0.14410455875182332
2 0.21596738876244712 0.3365822033579881 0.22389279752437177 0.2726835952149705 0.2625291652387545 0.2704545740006792 0.25658510866731105 0.3358391962865577
2 0.25559443257207043 0.338068217500849 0.26302450328637483 0.2711975810721097 0.3046328992864793 0.2726835952149705 0.3001748568578967 0.3358391962865577
2 0.30017485685789663 0.33732521042941854 0.3046328992864793 0.27268359521497054 0.3447552811437229 0.2749126164292618 0.3417832528580011 0.338068217500849
2 0.34128791481038084 0.3395542316437098 0.34475528114372295 0.2756556235006922 0.4101399034296014 0.27416960935783136 0.4081585512391202 0.3388112245722794
2 0.2050699517148007 0.4056818610010187 0.2120046843814848 0.33435318214369675 0.27887532081022415 0.3365822033579881 0.27243592619116036 0.4041958468581579
2 0.2734266022864009 0.4027098327152971 0.280361334953085 0.3358391962865577 0.3219697309531895 0.33732521042941854 0.3165210124293663 0.4027098327152971
2 0.319493040715088 0.40196682564386665 0.3229604070484301 0.33732521042941854 0.3655594791437752 0.3388112245722794 0.3611014367151925 0.40419584685815785
2 0.36209211281043313 0.4049388539295883 0.3660548171913955 0.338068217500849 0.40716787514387964 0.3395542316437098 0.40370050881053754 0.4034528397867274
2 0.1996212331909775 0.45620634185828846 0.205565289762421 0.4056818610010187 0.24717368576252552 0.4056818610010188 0.24073429114346165 0.45694934892971895
2 0.24122962919108196 0.45620634185828846 0.2476690238101458 0.4049388539295883 0.2887820817626299 0.4034528397867274 0.28333336323880676 0.4628934055011625 0.2580711228101719 0.46140739135830156 0.25262240428634875 0.45694934892971895
2 0.28382870128642707 0.4614073913583015 0.2897727578578706 0.40048081150100573 0.3323718299532156 0.4012238185724362 0.32840912557225327 0.46215039842973193
2 0.3338578440960765 0.47329550450118857 0.3289044636198736 0.46437941964402335 0.33286716800083593 0.40122381857243605 0.40320517076291723 0.4034528397867274 0.40023314247719555 0.4755245257154799
2 0.35367136600088817 0.5342220843584844 0.35664339428660996 0.47329550450118857 0.3997378044295753 0.47403851157261906 0.3972611141914738 0.5297640419299018