2 0.08160228564282389 0.25997188346386374 0.14731740062952273 0.2599718834638637 0.15887170656125008 0.3639606368494092 0.09460087981601707 0.3661270692116081
2 0.14731740062952278 0.2578054511016649 0.23469683923821033 0.2567222349205654 0.24336256868700573 0.35746133976281264 0.15670527419905117 0.360710988306111
2 0.23397469511747737 0.25563901873946604 0.32207627784689785 0.2513061540150683 0.32785343081276147 0.35421169121951435 0.2433625686870057 0.35746133976281264
2 0.09604516805748292 0.3639606368494092 0.15598313007831824 0.36287742066830975 0.16753743601004548 0.4592836607861592 0.1083216181099432 0.4625333093294576
2 0.1567052741990512 0.3607109883061109 0.24480685692847162 0.3574613397628126 0.2527504422565342 0.45603401224286094 0.16753743601004548 0.4582004446050598
2 0.2433625686870058 0.35637812358171317 0.32857557493349443 0.35312847503841494 0.33435272789935805 0.453867579880662 0.25130615401506823 0.4582004446050598
2 0.11048805047214208 0.4614500931483581 0.16970386837224444 0.4582004446050598 0.1790917419417728 0.5546066847229093 0.12204235640386936 0.5567731170851081
2 0.16898172425151142 0.4571172284239604 0.25275044225653415 0.4560340122428609 0.2614161717053296 0.5556899009040087 0.1783695978210398 0.5556899009040087
2 0.2527504422565342 0.45495079606176153 0.3336305837786251 0.45170114751846324 0.3401298808652217 0.551357036179611 0.2614161717053296 0.5546066847229093
2 0.1249309328868012 0.6076842775967816 0.18125817430397165 0.606601061415682 0.18775747139056825 0.677010113187145 0.13359666233559664 0.679176545549344
2 0.18053603018323872 0.606601061415682 0.2614161717053296 0.6076842775967816 0.2664711805504604 0.6715940322816478 0.1877574713905683 0.6759268970060456
2 0.2606940275845967 0.6055178452345826 0.33940773674448876 0.6044346290534832 0.34157416910668764 0.6715940322816478 0.2664711805504603 0.6737604646438468
2 0.1343188064563296 0.679176545549344 0.18847961551130119 0.677010113187145 0.19570105671863075 0.7560848944074037 0.14298453590512505 0.7582513267696026
2 0.18920175963203414 0.6748436808249463 0.26791546879192624 0.6715940322816478 0.27369262175778986 0.7539184620452049 0.19642320083936368 0.7528352458641053
2 0.2657490364297274 0.6726772484627475 0.34301845734815345 0.6705108161005485 0.34735132207255137 0.7474191649586083 0.272248333516324 0.749585597320807
2 0.143706680025858 0.7571681105885031 0.1971453449600966 0.7550016782263043 0.20436678616742618 0.8275771623599661 0.15237240947465341 0.829743594722165 0.14515096826732385 0.7593345429507019
2 0.19714534496009667 0.7528352458641053 0.2744147658785228 0.7506688135019065 0.2794697747236535 0.8254107299977672 0.20508893028815914 0.8286603785410654
2 0.27297047763705695 0.7495855973208071 0.34807346619328416 0.7474191649586083 0.3531284750384149 0.8210778652733697 0.27874763060292057 0.8232442976355685
2 0.35890562800427855 0.39212425755799446 0.4368971930434376 0.3921242575579944 0.4412300577678354 0.5047787403923354 0.36540492509087513 0.5058619565734349
2 0.43617504892270476 0.39212425755799446 0.5134444698411308 0.3877913928335967 0.5163330463240626 0.5004458756679377 0.43978576952636944 0.503695524211236
2 0.5127223257203979 0.3877913928335967 0.590713890759557 0.3834585281091989 0.5899917466388241 0.49719622712463934 0.5156109022033297 0.4993626594868382 0.5120001815996649 0.391041041376895
2 0.36540492509087513 0.503695524211236 0.4426743460093012 0.5026123080301366 0.44484077837150016 0.6044346290534831 0.3719042221774717 0.6076842775967816
2 0.44050791364710246 0.503695524211236 0.5170551904447956 0.49719622712463934 0.5177773345655287 0.6033514128723838 0.4441186342507672 0.6044346290534831
2 0.5156109022033297 0.4993626594868382 0.590713890759557 0.49394657858134106 0.590713890759557 0.6001017643290855 0.5184994786862616 0.6022681966912842
2 0.39212425755799446 0.6694275999194492 0.46000580490689225 0.6661779513761508 0.4636165255105569 0.7322541384232161 0.39356854579946027 0.734420570785415
2 0.45928366078615923 0.6661779513761508 0.5286094963765229 0.661845086651753 0.5300537846179888 0.7246716251555201 0.46072794902762504 0.7300877060610172
2 0.52788735225579 0.6596786542895542 0.5964910437254206 0.6553457895651564 0.5957688996046876 0.7181723280689236 0.5293316404972558 0.7225051927933211
2 0.3935685457994603 0.7333373546043156 0.462172237269091 0.7311709222421165 0.462894381389824 0.8134953520056737 0.397901410523858 0.8156617843678725
2 0.46072794902762515 0.7257548413366196 0.5300537846179888 0.7235884089744208 0.5307759287387217 0.8091624872812759 0.4628943813898241 0.812412135824574
2 0.5286094963765229 0.7225051927933213 0.5972131878461536 0.7181723280689234 0.5950467554839548 0.8113289196434748 0.5307759287387217 0.8102457034623753