2 0.48908505812146624 0.2955878142530221 0.524698047790505 0.2946974895112961 0.524698047790505 0.36414281936592174 0.4884915082936489 0.36592346884937377
2 0.5241044979626877 0.2955878142530221 0.5585303879760919 0.2946974895112961 0.5591239378039092 0.3614718451407439 0.5246980477905051 0.36325249462419573
2 0.5579368381482747 0.29380716476957014 0.606014374201477 0.29024586580266626 0.606014374201477 0.35702022143211404 0.5573432883204573 0.35969119565729196
2 0.6054208243736596 0.29024586580266626 0.6511241611155929 0.2866845668357624 0.6505306112877755 0.35434924720693617 0.6054208243736596 0.356129896690388
2 0.48611730898237965 0.36503314410764776 0.5330077453799474 0.36325249462419573 0.5330077453799474 0.4264655512867397 0.4855237591545623 0.4273558760284656
2 0.5330077453799474 0.3632524946241958 0.5793046319496978 0.3596911956572919 0.5798981817775152 0.4255752265450137 0.5324141955521301 0.4273558760284656
2 0.5787110821218805 0.35791054617383994 0.61194987247965 0.356129896690388 0.6125434223074674 0.42112360283638384 0.5787110821218805 0.42379457706156176
2 0.61194987247965 0.35523957194866207 0.645782212665237 0.35345892246521016 0.6445951130096024 0.41845262861120597 0.6125434223074674 0.4202332780946579
2 0.48789795846583156 0.4273558760284656 0.5217302986514185 0.4255752265450137 0.5223238484792357 0.4861173089823796 0.48908505812146624 0.48700763372410555
2 0.5217302986514184 0.4264655512867397 0.5561561886648226 0.4246849018032878 0.5555626388370053 0.4870076337241056 0.5223238484792357 0.4870076337241056
2 0.55674973849264 0.4246849018032878 0.6018595254067558 0.4202332780946579 0.6018595254067558 0.4843366594989277 0.5561561886648226 0.4870076337241056
2 0.6018595254067558 0.4202332780946579 0.647562862148689 0.41756230386948 0.6469693123208716 0.48255601001547577 0.6018595254067558 0.4834463347572018
2 0.4926463570883701 0.5252915976183223 0.5258851474461397 0.5235109481348704 0.5258851474461398 0.5796014068636066 0.49264635708837023 0.5813820563470585
2 0.5258851474461397 0.5226206233931444 0.5579368381482747 0.5226206233931443 0.5579368381482747 0.5778207573801545 0.5252915976183223 0.5787110821218806
2 0.5579368381482747 0.5226206233931444 0.6036401748902077 0.5208399739096925 0.6024530752345731 0.5778207573801546 0.5573432883204573 0.5796014068636066
2 0.6036401748902077 0.5199496491679665 0.6481564119765062 0.5172786749427887 0.6469693123208716 0.5760401078967026 0.6024530752345731 0.5760401078967026
2 0.49086570760491816 0.5813820563470585 0.534194845035582 0.5796014068636066 0.5347883948633994 0.6339112161088908 0.4902721577771008 0.6339112161088907
2 0.534194845035582 0.5787110821218806 0.5787110821218805 0.5778207573801546 0.5781175322940632 0.6321305666254388 0.534194845035582 0.6330208913671647
2 0.5804917316053325 0.5778207573801546 0.6125434223074675 0.5760401078967026 0.6107627728240156 0.6312402418837129 0.5798981817775152 0.6321305666254387
2 0.6149176216187366 0.5751497831549768 0.6463757624930543 0.5751497831549767 0.6434080133539678 0.6312402418837129 0.6125434223074674 0.6303499171419868
2 0.4926463570883701 0.6339112161088908 0.5235109481348704 0.6339112161088908 0.5241044979626877 0.6864403758707229 0.4920528072605528 0.6864403758707229
2 0.5241044979626877 0.6339112161088908 0.55674973849264 0.6330208913671648 0.5555626388370053 0.6855500511289969 0.524698047790505 0.686440375870723
2 0.55674973849264 0.6321305666254388 0.6000788759233039 0.6312402418837129 0.6000788759233039 0.683769401645545 0.5555626388370053 0.684659726387271
2 0.6006724257511211 0.6312402418837127 0.6434080133539678 0.6312402418837127 0.6422209136983331 0.6837694016455449 0.5994853260954864 0.6828790769038191
2 0.26294257372306984 0.3481169740148543 0.32407820598825315 0.3472266492731283 0.327639504955157 0.43714944818745133 0.268878072001243 0.4371494481874514
2 0.3234846561604358 0.3472266492731283 0.3810589894587151 0.3454459997896764 0.3852138382534363 0.4335881492205474 0.3264524052995224 0.4362591234457253
2 0.3810589894587152 0.3445556750479504 0.43922687258481186 0.34277502556449846 0.44278817155171585 0.4309171749953695 0.3846202884256191 0.4335881492205474
2 0.2736264706237815 0.4362591234457253 0.3590976458294746 0.4335881492205474 0.3620653949685611 0.5137173759758847 0.27896841907413733 0.5163883502010627
2 0.3596911956572919 0.4335881492205474 0.44456882103516765 0.4300268502536435 0.4451623708629851 0.5119367264924327 0.36325249462419584 0.5146077007176107
2 0.28252971804104116 0.5555626388370053 0.3377298520280513 0.5528916646118274 0.34307180047840713 0.629459592400261 0.28727811666357966 0.6303499171419868
2 0.33772985202805134 0.5520013398701015 0.3947106354985134 0.5493303656449235 0.39767838463759997 0.6258982934333569 0.34307180047840713 0.6276789429168089
2 0.3953041853263307 0.5520013398701015 0.4493172196577063 0.5493303656449235 0.4505043193133408 0.6232273192081791 0.39827193446541737 0.6267886181750829
1 0.8713912823015051 0.41430610060333034 0.87604118242051 0.3445575988182579 0.929980023800966 0.341767658746855 0.9262601037057621 0.4101211904962259
1 0.9262601037057621 0.410121190496226 0.9299800238009659 0.34316262878255643 0.9774090050148152 0.34316262878255643 0.9662492447292036 0.410121190496226
1 0.8630214620872965 0.47986969228129844 0.8667413821825003 0.41291113056762885 0.9225401836105582 0.4087262204605244 0.9169603034677524 0.4742898121384926
1 0.9141703633963495 0.4756847821741941 0.9225401836105581 0.4101211904962259 0.9681092047768055 0.4087262204605245 0.9588094045387958 0.47847472224559695
1 0.8574415819444906 0.5370634637450578 0.8611615020396943 0.47847472224559695 0.9132403833725485 0.47568478217419397 0.9076605032297427 0.5356684937093562
1 0.9076605032297426 0.5356684937093563 0.9113804233249466 0.4756847821741941 0.9578794245149949 0.47428981213849264 0.9522995443721889 0.5356684937093563 0.9113804233249465 0.5328785536379536
1 0.8509317217778838 0.5956522052445187 0.8565116019206896 0.5370634637450576 0.9085904832535437 0.5356684937093562 0.900220663039335 0.5942572352088172
1 0.901150643063136 0.5942572352088172 0.9085904832535435 0.5356684937093562 0.9513695643483883 0.5356684937093562 0.9439297241579805 0.5956522052445187
1 0.846281821658879 0.696090047815023 0.8509317217778838 0.6416862164226665 0.899290683015534 0.6375013063155621 0.8937108028727283 0.6946950777793215
1 0.8909208628013253 0.696090047815023 0.900220663039335 0.6375013063155622 0.9374198639913737 0.6361063362798607 0.9299800238009657 0.6946950777793216
1 0.8407019415160732 0.7463089691002752 0.8453518416350779 0.69330010774362 0.8927808228489272 0.6946950777793215 0.8862709626823205 0.7463089691002751 0.8397719614922722 0.7504938792073793
1 0.8853409826585197 0.7504938792073795 0.8927808228489272 0.6946950777793215 0.9290500437771648 0.69330010774362 0.9206802235629562 0.7490989091716781
1 0.8323321213018646 0.7951329203498259 0.8369820214208691 0.7477039391359767 0.8853409826585195 0.7463089691002751 0.8788311224919125 0.7937379503141243
1 0.8769711624443108 0.7951329203498259 0.8844110026347186 0.7463089691002752 0.9216102035867573 0.7463089691002751 0.9132403833725485 0.7979228604212288
1 0.8267522411590585 0.8383769914565709 0.8304721612542625 0.792342980278423 0.8788311224919125 0.7909480102427215 0.8704613022777039 0.8425619015636749
1 0.870461302277704 0.8411669315279736 0.8779011424681117 0.7923429802784229 0.9178902834915532 0.7923429802784229 0.9095204632773448 0.8439568715993766
0 0.6565658968034819 0.9960086054908343 0.6584258568510839 0.9471846542412836 0.7086447781363361 0.9443947141698807 0.7039948780173312 0.9960086054908345
0 0.2510946064262608 0.8104775907425418 0.243654766235853 0.7114347182077388 0.32363304828273615 0.7086447781363361 0.32735296837794 0.8076876506711388
0 0.326422988354139 0.8062926806354374 0.3217730882351342 0.7072498081006345 0.39803145018681335 0.7044598680292316 0.4017513702820173 0.8035027405640345
0 0.39989141023441543 0.8035027405640346 0.3989614302106145 0.7016699279578287 0.4752197921622935 0.7002749579221272 0.4770797522098954 0.7993178304569303
0 0.22877508585503767 0.8969657329560317 0.3134032680209255 0.8941757928846286 0.32084310821133316 0.9932186654194315 0.23807488609304728 1
0 0.3143332480447265 0.8913858528132258 0.39896143021061437 0.8872009427061216 0.4026813503058182 0.9904287253480286 0.3208431082113332 0.9960086054908345
0 0.39989141023441543 0.8844110026347186 0.47986969228129844 0.8816210625633156 0.4817296523289004 0.9834538751695214 0.40268135030581825 0.9862438152409242