0 0.6533260233918129 0.48656798245614036 0.6597222222222222 0.38240131578947373 0.7501827485380117 0.3851425438596492 0.7419590643274854 0.48793859649122806
0 0.7693713450292398 0.5249451754385965 0.7803362573099415 0.41392543859649134 0.8963815789473686 0.415296052631579 0.8854166666666669 0.5276864035087719
0 0.8598318713450293 0.3755482456140351 0.9265350877192984 0.38103070175438597 0.9137426900584797 0.4810855263157895 0.8908991228070177 0.47834429824561403 0.8972953216374271 0.4139254385964912
0 0.9265350877192983 0.3782894736842105 1 0.3796600877192983 1 0.4824561403508772 0.912828947368421 0.47971491228070173
0 0.6578947368421053 0.5235745614035088 0.758406432748538 0.5331688596491229 0.7492690058479534 0.6291118421052633 0.6533260233918129 0.6291118421052632
0 0.756578947368421 0.5386513157894737 0.8570906432748538 0.5441337719298247 0.8470394736842105 0.6455592105263158 0.7492690058479532 0.6428179824561405
0 0.8561769005847953 0.5427631578947368 0.9566885964912283 0.5386513157894737 0.944809941520468 0.6469298245614035 0.8461257309941522 0.6441885964912281
0 0.9557748538011696 0.5386513157894737 1 0.5386513157894738 0.9978070175438597 0.6483004385964912 0.9438961988304095 0.6455592105263158
0 0.6487573099415205 0.6304824561403509 0.7492690058479532 0.6345942982456141 0.7492690058479534 0.6455592105263158 0.7584064327485381 0.6455592105263159 0.7529239766081871 0.7305372807017544 0.6432748538011697 0.727796052631579
0 0.783077485380117 0.6414473684210527 0.8908991228070177 0.6455592105263159 0.8808479532163743 0.7319078947368423 0.7748538011695907 0.7305372807017545
0 0.9036915204678363 0.7346491228070176 0.9146564327485381 0.6441885964912282 1 0.6428179824561403 0.9978070175438597 0.7360197368421054
0 0.6332236842105263 0.8223684210526315 0.6368786549707603 0.7305372807017544 0.7309941520467836 0.7346491228070177 0.7236842105263158 0.8292214912280703
0 0.7236842105263158 0.8292214912280702 0.7309941520467836 0.737390350877193 0.8241959064327485 0.7387609649122808 0.8132309941520469 0.8333333333333335
0 0.8150584795321637 0.834703947368421 0.8241959064327488 0.7428728070175439 0.9201388888888891 0.7456140350877194 0.9091739766081873 0.8374451754385965
0 0.9082602339181286 0.8388157894736842 0.9201388888888888 0.7415021929824561 1 0.7442434210526317 0.9996345029239766 0.8401864035087719
0 0.6195175438596491 0.9745065789473685 0.6195175438596492 0.8908991228070177 0.6240862573099417 0.8922697368421054 0.6259137426900585 0.9004934210526317 0.7099780701754388 0.908717105263158 0.7044956140350878 0.9758771929824562
0 0.7044956140350878 0.990953947368421 0.7099780701754386 0.9059758771929826 0.8004385964912281 0.9141995614035088 0.7913011695906432 0.9936951754385966
0 0.7922149122807017 0.9950657894736843 0.8004385964912281 0.9114583333333335 0.8854166666666666 0.9155701754385965 0.8799342105263158 0.9978070175438598
0 0.8799342105263158 0.9950657894736843 0.8854166666666666 0.9183114035087719 0.9749634502923976 0.9196820175438598 0.9621710526315791 0.9950657894736843
1 0.31432748538011696 0.24945175438596492 0.39290935672514626 0.249451754385965 0.39473684210526316 0.3262061403508772 0.3161549707602339 0.32346491228070173
1 0.3919956140350877 0.24671052631578946 0.47057748538011696 0.24671052631578946 0.46875000000000006 0.32620614035087725 0.39382309941520477 0.32620614035087725
1 0.46875 0.24945175438596492 0.5473318713450294 0.24808114035087725 0.5482456140350878 0.3248355263157895 0.4678362573099416 0.32757675438596495
1 0.31889619883040937 0.32209429824561403 0.3929093567251464 0.32346491228070173 0.3965643274853801 0.39062500000000006 0.31889619883040937 0.38788377192982465 0.316154970760234 0.3330592105263159
1 0.3929093567251462 0.32346491228070173 0.47057748538011707 0.32483552631578955 0.47057748538011707 0.3947368421052632 0.3947368421052632 0.39199561403508776
1 0.4696637426900585 0.32346491228070173 0.5464181286549707 0.32346491228070184 0.5455043859649122 0.39062500000000006 0.46875000000000006 0.3919956140350877
1 0.3207236842105263 0.3892543859649123 0.3956505847953217 0.38925438596491235 0.39747807017543857 0.45504385964912286 0.32346491228070173 0.45367324561403516 0.31980994152046793 0.3988486842105264
1 0.3956505847953216 0.3892543859649123 0.47057748538011707 0.39062500000000006 0.47057748538011696 0.4577850877192983 0.3965643274853801 0.4564144736842105
1 0.4696637426900585 0.390625 0.5436769005847955 0.3933662280701755 0.542763157894737 0.45641447368421056 0.47057748538011707 0.4564144736842105
1 0.3225511695906433 0.4536732456140351 0.3965643274853801 0.4564144736842105 0.39930555555555564 0.5180921052631579 0.3262061403508773 0.5167214912280703
1 0.3965643274853801 0.4564144736842105 0.47057748538011707 0.4577850877192984 0.47149122807017546 0.5235745614035089 0.3974780701754387 0.5180921052631579
1 0.47149122807017546 0.4564144736842105 0.542763157894737 0.4550438596491228 0.5436769005847955 0.5208333333333334 0.46966374269005856 0.522203947368421
1 0.3262061403508772 0.5153508771929824 0.3993055555555556 0.518092105263158 0.40113304093567254 0.5825109649122807 0.32894736842105265 0.5825109649122807
1 0.3983918128654971 0.5167214912280702 0.47057748538011707 0.5194627192982456 0.47057748538011696 0.5825109649122807 0.40021929824561403 0.5825109649122807
1 0.46875 0.5194627192982456 0.5418494152046784 0.5208333333333333 0.5427631578947368 0.5797697368421053 0.4696637426900585 0.5797697368421053
1 0.3262061403508772 0.6222587719298246 0.3947368421052632 0.6222587719298246 0.3965643274853801 0.6798245614035089 0.32529239766081885 0.678453947368421
1 0.39473684210526316 0.6236293859649122 0.4641812865497076 0.625 0.46600877192982465 0.6853070175438598 0.3956505847953217 0.6798245614035088
1 0.46326754385964913 0.625 0.5336257309941521 0.6263706140350878 0.5345394736842105 0.6907894736842105 0.46692251461988304 0.6866776315789473
1 0.3298611111111112 0.678453947368421 0.3983918128654971 0.6798245614035089 0.3993055555555556 0.7319078947368421 0.32894736842105265 0.7319078947368423
1 0.39747807017543857 0.6811951754385965 0.46600877192982465 0.6825657894736842 0.46600877192982454 0.737390350877193 0.3965643274853802 0.7332785087719298 0.39747807017543857 0.6853070175438597
1 0.46600877192982454 0.6839364035087719 0.5354532163742691 0.6866776315789475 0.5345394736842106 0.7346491228070177 0.46600877192982465 0.7346491228070176
1 0.33168859649122806 0.7305372807017544 0.39930555555555564 0.7305372807017545 0.4002192982456142 0.7812500000000001 0.3326023391812866 0.7785087719298247
1 0.40021929824561414 0.7332785087719298 0.46692251461988304 0.7360197368421054 0.46600877192982454 0.7853618421052633 0.39930555555555564 0.7839912280701755
1 0.46692251461988304 0.7319078947368421 0.5336257309941521 0.7319078947368421 0.5336257309941521 0.7839912280701755 0.46600877192982465 0.7853618421052633
1 0.333516081871345 0.7785087719298246 0.4002192982456142 0.7785087719298247 0.3993055555555556 0.8305921052631579 0.33534356725146197 0.8292214912280702
1 0.3993055555555556 0.78125 0.46692251461988304 0.7839912280701755 0.46600877192982454 0.8333333333333334 0.40021929824561403 0.834703947368421
1 0.4650950292397661 0.8374451754385966 0.46600877192982465 0.7826206140350879 0.533625730994152 0.7826206140350879 0.5317982456140351 0.8333333333333334
1 0.3344298245614035 0.8319627192982456 0.40021929824561403 0.8319627192982456 0.4020467836257311 0.8840460526315791 0.33625730994152053 0.8813048245614037
1 0.40021929824561403 0.8305921052631579 0.46600877192982454 0.830592105263158 0.46600877192982454 0.8799342105263159 0.402046783625731 0.8813048245614035
1 0.46600877192982454 0.8292214912280702 0.5290570175438597 0.830592105263158 0.5290570175438597 0.8854166666666667 0.46600877192982454 0.8813048245614037