0 0.18000730994152048 0.600328947368421 0.2905701754385965 0.6099232456140351 0.2997076023391813 0.7661732456140352 0.19279970760233922 0.7593201754385966
0 0.291483918128655 0.6181469298245614 0.4093567251461988 0.625 0.4139254385964914 0.786732456140351 0.2987938596491228 0.7771381578947368
0 0.41118421052631576 0.6181469298245614 0.5317982456140351 0.6250000000000001 0.5299707602339181 0.7839912280701754 0.4130116959064328 0.7785087719298246
0 0.18914473684210525 0.7648026315789473 0.29788011695906436 0.7716557017543861 0.3088450292397661 0.912828947368421 0.20193713450292405 0.9059758771929824
0 0.2997076023391813 0.7757675438596493 0.4130116959064328 0.78125 0.41758040935672514 0.9196820175438598 0.30884502923976614 0.9114583333333335
0 0.41301169590643283 0.7743969298245614 0.5299707602339181 0.7839912280701755 0.5254020467836257 0.9251644736842106 0.4157529239766082 0.9169407894736842
0 0.625 0.6620065789473685 0.6332236842105263 0.5304276315789473 0.695358187134503 0.5359100877192983 0.6871345029239767 0.664747807017544
0 0.6880482456140351 0.668859649122807 0.695358187134503 0.5345394736842105 0.7584064327485381 0.5386513157894737 0.7501827485380117 0.6674890350877193
0 0.7492690058479534 0.6702302631578947 0.7593201754385966 0.5359100877192983 0.8223684210526315 0.5386513157894737 0.8086622807017544 0.6716008771929824
0 0.8086622807017544 0.6743421052631579 0.8223684210526317 0.5372807017543859 0.8854166666666669 0.5386513157894738 0.8735380116959066 0.6716008771929826
0 0.8744517543859649 0.668859649122807 0.8872441520467838 0.5386513157894738 0.9502923976608189 0.5386513157894737 0.9338450292397661 0.6716008771929824
0 0.6176900584795322 0.6702302631578947 0.7300804093567252 0.6688596491228072 0.7255116959064329 0.7894736842105264 0.6140350877192983 0.7881030701754386
0 0.7309941520467836 0.6674890350877194 0.8433845029239768 0.6674890350877194 0.8324195906432749 0.7949561403508774 0.7236842105263159 0.7922149122807017
0 0.8424707602339181 0.6702302631578947 0.9548611111111112 0.664747807017544 0.9375 0.7853618421052632 0.832419590643275 0.7935855263157895 0.8433845029239766 0.6729714912280703
0 0.6085526315789473 0.7881030701754386 0.6679459064327486 0.7867324561403509 0.6624634502923976 0.9004934210526317 0.6048976608187134 0.9018640350877194
0 0.6679459064327485 0.7881030701754386 0.7291666666666667 0.786732456140351 0.7209429824561405 0.9032346491228072 0.6624634502923976 0.9004934210526317
0 0.7273391812865497 0.7908442982456141 0.7876461988304095 0.7894736842105264 0.7775950292397661 0.9018640350877194 0.7191154970760235 0.9004934210526317
0 0.7867324561403509 0.7894736842105263 0.8479532163742691 0.7908442982456142 0.8351608187134505 0.9018640350877194 0.7757675438596491 0.8991228070175439
0 0.8470394736842105 0.7881030701754386 0.9064327485380118 0.7867324561403509 0.8918128654970762 0.8963815789473685 0.8360745614035088 0.8950109649122808
0 0.600328947368421 0.9703947368421053 0.6588084795321637 0.9703947368421054 0.6578947368421053 1 0.600328947368421 1
0 0.6578947368421053 0.9690241228070176 0.7172880116959066 0.9690241228070177 0.7136330409356726 1 0.6578947368421053 1
0 0.7182017543859649 0.9731359649122807 0.7757675438596491 0.9758771929824562 0.7730263157894739 1 0.7136330409356725 1
0 0.7748538011695907 0.9758771929824561 0.8315058479532164 0.9758771929824561 0.8269371345029239 1 0.7721125730994154 0.9991776315789472
0 0.8305921052631579 0.9649122807017544 0.8863304093567254 0.9662828947368421 0.8790204678362574 1 0.8260233918128657 0.9991776315789473
2 0.3088450292397661 0.15487938596491227 0.3910818713450294 0.15487938596491227 0.3929093567251462 0.24945175438596492 0.3134137426900585 0.24945175438596492
2 0.3919956140350877 0.15625 0.4449926900584795 0.15487938596491233 0.4449926900584795 0.25082236842105265 0.3929093567251462 0.25082236842105265
2 0.4468201754385965 0.15487938596491227 0.4989035087719299 0.15487938596491227 0.49707602339181295 0.2521929824561404 0.4440789473684211 0.25219298245614036
2 0.30975877192982454 0.24945175438596492 0.3910818713450293 0.24945175438596492 0.3919956140350877 0.33991228070175444 0.3134137426900585 0.3412828947368421
2 0.3919956140350877 0.24945175438596492 0.44499269005847963 0.25219298245614036 0.4440789473684211 0.34128289473684215 0.3910818713450293 0.3399122807017544
2 0.4440789473684211 0.24945175438596492 0.4952485380116959 0.2508223684210527 0.4934210526315789 0.3399122807017544 0.44316520467836257 0.3399122807017544