0 0.18183479532163746 0.746984649122807 0.16721491228070176 0.8703399122807018 2.077610338479825e-17 0.8662280701754386 0 0.742872807017544
0 0.10142543859649125 0.746984649122807 0.1178728070175439 0.6318530701754387 0.013706140350877213 0.625 0 0.7058662280701755 2.077610338479825e-17 0.7442434210526317 0.09777046783625733 0.7469846491228072
0 0.02010233918128657 0.6236293859649124 0.0402046783625731 0.5208333333333334 0.21381578947368426 0.5304276315789473 0.20010964912280702 0.6359649122807018
0 0.0411184210526316 0.5208333333333334 0.05939327485380119 0.4262609649122808 0.15807748538011696 0.4344846491228071 0.1425438596491228 0.5290570175438596
0 0.0767543859649123 0.42626096491228077 0.09137426900584793 0.3412828947368421 0.24853801169590647 0.34813596491228077 0.2366593567251462 0.43722587719298245
0 0.14528508771929827 0.5249451754385965 0.15899122807017543 0.4303728070175438 0.2567616959064328 0.43722587719298256 0.24671052631578952 0.5317982456140352
0 0.23757309941520469 0.43722587719298245 0.24853801169590647 0.34813596491228077 0.3371710526315789 0.3536184210526316 0.3298611111111111 0.4440789473684211
0 0.3307748538011696 0.44544956140350883 0.337171052631579 0.35498903508771934 0.4276315789473684 0.36047149122807015 0.42397660818713456 0.45230263157894746
0 0.25219298245614036 0.5290570175438597 0.2631578947368421 0.4372258771929825 0.42214912280701755 0.45093201754385964 0.4166666666666667 0.5413925438596491
0 0.20193713450292397 0.6332236842105263 0.21381578947368426 0.5290570175438597 0.3125 0.5345394736842105 0.30153508771929827 0.6387061403508774
0 0.3088450292397661 0.6373355263157896 0.31524122807017546 0.5331688596491229 0.41301169590643294 0.5413925438596493 0.4093567251461988 0.6441885964912281
0 0.10325292397660821 0.7456140350877193 0.11970029239766086 0.6318530701754386 0.22478070175438597 0.6359649122807017 0.2138157894736842 0.7497258771929824
0 0.21655701754385964 0.7524671052631579 0.22843567251461994 0.6359649122807017 0.405701754385965 0.6428179824561403 0.40113304093567254 0.7579495614035088
0 0.17178362573099418 0.8717105263157895 0.18548976608187134 0.7497258771929826 0.2951388888888889 0.7538377192982457 0.2850877192982456 0.8758223684210527
0 0.28691520467836257 0.8771929824561403 0.2978801169590644 0.7552083333333335 0.40478801169590645 0.7579495614035089 0.39930555555555564 0.8771929824561403
1 0.5025584795321637 0.34539473684210525 0.5034722222222223 0.2576754385964912 0.5957602339181287 0.26452850877192985 0.5985014619883042 0.35224780701754393
1 0.5975877192982456 0.3522478070175439 0.5948464912280702 0.26315789473684215 0.6524122807017544 0.26864035087719307 0.6569809941520468 0.3508771929824562
1 0.6569809941520468 0.3522478070175439 0.6524122807017544 0.26452850877192985 0.7099780701754386 0.26864035087719296 0.7182017543859651 0.3536184210526316
1 0.4998172514619883 0.34539473684210525 0.5939327485380117 0.35361842105263164 0.5957602339181287 0.44544956140350883 0.49890350877192985 0.4344846491228071
1 0.5975877192982456 0.3508771929824561 0.6588084795321639 0.3536184210526316 0.6633771929824561 0.44407894736842113 0.5994152046783627 0.44270833333333337
1 0.6578947368421053 0.3508771929824561 0.718201754385965 0.3522478070175439 0.7264254385964913 0.44682017543859653 0.6633771929824563 0.44270833333333337
1 0.5034722222222222 0.43448464912280704 0.6021564327485381 0.44133771929824567 0.605811403508772 0.5400219298245614 0.5034722222222223 0.5359100877192983
1 0.6030701754385965 0.4399671052631579 0.6661184210526315 0.44270833333333337 0.6716008771929824 0.542763157894737 0.605811403508772 0.5413925438596493
1 0.6679459064327485 0.4427083333333333 0.7291666666666666 0.4454495614035088 0.737390350877193 0.5455043859649124 0.6716008771929824 0.542763157894737
1 0.5025584795321637 0.5838815789473686 0.607638888888889 0.5893640350877193 0.6103801169590644 0.7003837719298247 0.5025584795321638 0.6949013157894737
1 0.6076388888888888 0.5866228070175439 0.676169590643275 0.5921052631578949 0.6807383040935673 0.7017543859649122 0.609466374269006 0.7003837719298246
1 0.6761695906432749 0.5948464912280702 0.7401315789473686 0.5975877192982457 0.7474415204678364 0.7044956140350879 0.6798245614035089 0.7003837719298246
1 0.4998172514619883 0.6935307017543859 0.6103801169590644 0.7017543859649124 0.6140350877192984 0.8251096491228072 0.4998172514619883 0.8168859649122808
1 0.6122076023391813 0.7017543859649122 0.6853070175438598 0.7017543859649124 0.691703216374269 0.8264802631578949 0.6167763157894737 0.8223684210526315
1 0.6853070175438597 0.7003837719298246 0.7538377192982456 0.7017543859649122 0.762061403508772 0.8264802631578949 0.6907894736842106 0.8251096491228072
1 0.5062134502923976 0.8196271929824561 0.6186038011695907 0.825109649122807 0.6222587719298246 0.9553179824561405 0.5052997076023392 0.952576754385965
1 0.6195175438596491 0.8237390350877193 0.6926169590643275 0.8251096491228072 0.699013157894737 0.9594298245614037 0.6222587719298246 0.9566885964912282
1 0.6935307017543859 0.825109649122807 0.7657163742690059 0.825109649122807 0.7775950292397662 0.9594298245614037 0.6999269005847955 0.9608004385964913
1 0.828764619883041 0.2590460526315789 0.9146564327485381 0.26864035087719307 0.9283625730994154 0.35910087719298245 0.8406432748538013 0.3495065789473684
1 0.8415570175438597 0.3481359649122807 0.9292763157894739 0.3577302631578948 0.9457236842105263 0.45367324561403516 0.8516081871345029 0.44407894736842113
1 0.8497807017543859 0.4454495614035088 0.9429824561403509 0.45367324561403516 0.9557748538011696 0.5523574561403508 0.8607456140350878 0.5496162280701754
1 0.8598318713450294 0.6016995614035088 0.9566885964912283 0.6071820175438598 0.9731359649122808 0.7127192982456142 0.8753654970760234 0.7127192982456141
1 0.8762792397660819 0.7099780701754386 0.9777046783625732 0.7113486842105263 0.9987207602339181 0.8347039473684211 0.8918128654970761 0.8319627192982457
1 0.8918128654970761 0.8305921052631579 0.9941520467836259 0.834703947368421 1 0.8785635964912282 0.9996345029239766 0.9635416666666667 0.9073464912280702 0.9594298245614035
1 0.9585160818713451 0.6071820175438597 0.9987207602339181 0.6071820175438598 0.9996345029239768 0.7140899122807018 0.9731359649122808 0.7127192982456142