0 0.3389985380116959 0.9786184210526315 0.42580409356725146 0.9608004385964913 0.42580409356725146 1 0.33625730994152053 1
0 0.055738304093567254 0.9155701754385966 0.06944444444444445 1 0 0.9991776315789473 0 0.9155701754385965
0 0.6131213450292398 0.7579495614035088 0.6195175438596492 0.6003289473684211 0.7319078947368421 0.5948464912280702 0.7200292397660819 0.752467105263158
0 0.7209429824561403 0.7497258771929824 0.733735380116959 0.596217105263158 0.8397295321637427 0.5893640350877194 0.825109649122807 0.7415021929824562
0 0.8260233918128655 0.7387609649122807 0.8415570175438598 0.5879934210526315 0.9466374269005848 0.5783991228070177 0.9274488304093569 0.7305372807017545
0 0.6067251461988304 0.9087171052631579 0.6122076023391814 0.7661732456140352 0.7182017543859651 0.7552083333333334 0.7081505847953217 0.8963815789473685
0 0.7090643274853801 0.8950109649122807 0.7191154970760234 0.7552083333333334 0.82328216374269 0.7428728070175439 0.8077485380116959 0.8826754385964912
0 0.8095760233918129 0.8813048245614037 0.82328216374269 0.7442434210526315 0.92562134502924 0.7346491228070177 0.9055190058479534 0.8703399122807018
1 0.07218567251461991 0.3262061403508772 0.14619883040935672 0.32483552631578955 0.1535087719298246 0.4207785087719299 0.08406432748538012 0.42489035087719296
1 0.07858187134502927 0.42489035087719296 0.1535087719298246 0.4207785087719299 0.16264619883040934 0.5098684210526315 0.089546783625731 0.512609649122807
1 0.08589181286549706 0.5180921052631579 0.15533625730994152 0.5153508771929824 0.16447368421052633 0.596217105263158 0.09594298245614036 0.6016995614035088
1 0.011878654970760254 0.5263157894736842 0.08406432748538013 0.5263157894736842 0.09228801169590645 0.6044407894736843 0.02284356725146201 0.6085526315789473
1 0.0036549707602339387 0.4399671052631579 0.07218567251461991 0.4358552631578948 0.08315058479532167 0.5249451754385966 0.013706140350877218 0.5276864035087719
1 0.07035818713450294 0.33305921052631576 0.08315058479532166 0.4290021929824562 0.051169590643274865 0.4276315789473684 0.03929093567251464 0.33168859649122806
2 0.29795261816693996 0.17695002650962374 0.3530326509285141 0.17499837180547345 0.3560685582460812 0.230945806657781 0.30142222652987377 0.2315963582258311
2 0.35346635197388077 0.1762994749415737 0.4102811889169218 0.17499837180547345 0.41158229205302194 0.23354801292998137 0.3560685582460812 0.2315963582258311
2 0.41071488996228844 0.17434782023742343 0.46536122167849586 0.17174561396522306 0.4679634279506962 0.2270424972494805 0.4120159930983887 0.230945806657781
2 0.30098852548450705 0.230945806657781 0.35606855824608113 0.23094580665778103 0.35953816660901494 0.28624268994203844 0.3040244328020742 0.2862426899420385
2 0.3556348572007144 0.23029525508973092 0.411582292053022 0.23159635822583113 0.41375079727985564 0.282989932101788 0.3582370634729148 0.28559213837398834
2 0.4120159930983887 0.230945806657781 0.4675297269053294 0.2276930488175306 0.4701319331775298 0.2836404836698381 0.4141844983252223 0.2849415868059383
2 0.3053255359381743 0.2862426899420385 0.35997186765438166 0.2862426899420385 0.36257407392658203 0.33893736695409554 0.3087951443011081 0.33828681538604544
2 0.36040556869974844 0.2855921383739884 0.4141844983252223 0.2855921383739884 0.41591930250668924 0.3369857122499453 0.36344147601731547 0.33893736695409554
2 0.4141844983252223 0.28298993210178797 0.46926453108679633 0.28168882896568787 0.4701319331775298 0.3343835059777449 0.41722040564278934 0.33828681538604544
2 0.3092288453464749 0.3389373669540955 0.3617066718358486 0.33828681538604544 0.3647425791534156 0.38772873455785206 0.3131321547547754 0.38902983769395216
2 0.36430887810804896 0.33893736695409554 0.4176541066881561 0.33828681538604544 0.41895520982425627 0.38642763142175185 0.36517628019878234 0.38837928612590206 0.3612729707904819 0.34219012479434596
2 0.4180878077335228 0.3369857122499453 0.4701319331775298 0.3343835059777449 0.47143303631362987 0.3844759767176016 0.4185215087788895 0.38772873455785206
2 0.3131321547547754 0.38968038926200227 0.36647738333488256 0.38772873455785206 0.36777848647098277 0.4352189990255084 0.3161680620723425 0.43586955059355853
2 0.36560998124414906 0.387728734557852 0.4198226119149897 0.38902983769395216 0.4202563129603564 0.43391789588940827 0.3677784864709827 0.43391789588940827
2 0.41852150877888955 0.3864276314217519 0.4701319331775298 0.38512652828565164 0.47186673735899676 0.43131568961720795 0.4206900140057232 0.4326167927533081
2 0.3187702683445428 0.47685429938071405 0.3703806927431831 0.47685429938071405 0.3729828990153834 0.5197907028720199 0.3218061756621099 0.5204412544400698
2 0.3222398767074766 0.5191401513039697 0.3725491979700167 0.5171884965998195 0.37428400215148366 0.5562215906828246 0.3239746808889435 0.5607754516591753
2 0.3244083819343102 0.5601249000911253 0.3738503011061169 0.558823796955025 0.3755851052875838 0.5991579941741305 0.32657688716114386 0.6011096488782808 0.32310727879821005 0.5614260032272255
2 0.3265768871611439 0.5998085457421805 0.3764525073783172 0.5991579941741305 0.37818731155978413 0.6388416398251858 0.3287453923879775 0.640142742961286
2 0.3291790934333442 0.6401427429612859 0.3786210126051509 0.640142742961286 0.38035581678661773 0.6811274917484413 0.3313475986601778 0.6830791464525917
2 0.370380692743183 0.47620374781266395 0.4232922202779235 0.4749026446765638 0.4237259213232903 0.5158873934637193 0.3725491979700167 0.5178390481678695
2 0.37211549692464996 0.5171884965998195 0.4232922202779235 0.5171884965998195 0.4241596223686569 0.558173245386975 0.3738503011061169 0.5575226938189248
2 0.3747177031968503 0.5562215906828246 0.4245933234140237 0.5555710391147746 0.4263281275954906 0.5978568910380303 0.3764525073783172 0.5998085457421805
2 0.37645250737831726 0.5978568910380304 0.4258944265501239 0.59590523633388 0.42806293177695753 0.6375405366890856 0.3777536105144174 0.6388416398251858
2 0.37905471365051757 0.6381910882571358 0.42762923073159076 0.6368899851210356 0.4284966328223243 0.6785252854762412 0.38035581678661784 0.6798263886123412
2 0.4237259213232902 0.4729509899724136 0.4718667373589966 0.4716498868363133 0.47273413944973014 0.5126346356234688 0.4237259213232903 0.5158873934637193
2 0.4232922202779235 0.5152368418956691 0.4723004384043634 0.5132851871915189 0.47316784049509697 0.558173245386975 0.42415962236865706 0.5575226938189249
2 0.42459332341402367 0.5568721422508748 0.4736015415404635 0.5562215906828247 0.47403524258583035 0.59590523633388 0.42632812759549066 0.5978568910380303
2 0.42676182864085727 0.59590523633388 0.47533634572193045 0.5965557879019301 0.476203747812664 0.6368899851210356 0.4284966328223243 0.6381910882571357
2 0.42806293177695753 0.6368899851210356 0.47577004676729723 0.6362394335529854 0.4762037478126639 0.6765736307720909 0.4280629317769574 0.6778747339081911
2 0.5143694398049357 0.2315963582258311 0.5508003276157406 0.22899415195363074 0.5525351317972076 0.3064097885515912 0.5161042439864026 0.3090119948237915
2 0.5508003276157407 0.2276930488175306 0.5872312154265455 0.2263919456814304 0.5876649164719122 0.30510868541549097 0.5521014307518407 0.305759236983541 0.551667729706474 0.23029525508973092
2 0.5872312154265454 0.2270424972494805 0.6232284021919837 0.22444029097728016 0.6223610001012503 0.3031570307113407 0.5876649164719122 0.3051086854154909
2 0.6223610001012503 0.22313918784117998 0.6705018161369567 0.22053698156897963 0.6678996098647564 0.3018559275752405 0.6232284021919837 0.30185592757524055
2 0.5161042439864026 0.30771089168769133 0.562943956886009 0.3064097885515911 0.5638113589767424 0.3545506045872976 0.5148031408503024 0.3558517077233978
2 0.5625102558406422 0.3051086854154909 0.5985074426060804 0.30380758227939086 0.5993748446968138 0.35129784674704717 0.562943956886009 0.3525989498831474
2 0.5985074426060802 0.3051086854154909 0.6345046293715185 0.30315703071134076 0.6332035262354183 0.34804508890679675 0.5993748446968137 0.3493461920428969
2 0.6336372272807851 0.30250647914329065 0.6678996098647563 0.30315703071134076 0.6670322077740228 0.3460934342026465 0.633637227280785 0.3460934342026465