2 0.2841739766081872 0.22615131578947367 0.33260233918128657 0.22478070175438597 0.3371710526315789 0.30290570175438597 0.2887426900584796 0.30290570175438597
2 0.33260233918128657 0.22478070175438597 0.39747807017543857 0.22478070175438603 0.40113304093567254 0.29605263157894735 0.3344298245614035 0.30016447368421056
2 0.3965643274853801 0.22341008771929824 0.4596125730994152 0.2206688596491228 0.4632675438596492 0.2974232456140351 0.3983918128654971 0.2960526315789475
2 0.2878289473684211 0.3042763157894737 0.33625730994152053 0.3001644736842105 0.34265350877192985 0.37828947368421056 0.293311403508772 0.37691885964912286
2 0.33534356725146197 0.2987938596491228 0.3993055555555556 0.29605263157894735 0.402046783625731 0.37280701754385964 0.338998538011696 0.3769188596491228
2 0.3983918128654971 0.29468201754385964 0.46235380116959074 0.29605263157894735 0.4650950292397661 0.37280701754385964 0.40387426900584805 0.37554824561403516
2 0.2951388888888889 0.3769188596491228 0.3417397660818714 0.37554824561403516 0.34630847953216376 0.4481907894736843 0.29970760233918137 0.44956140350877194
2 0.34173976608187134 0.3769188596491228 0.40478801169590645 0.37417763157894746 0.40752923976608185 0.4331140350877193 0.3435672514619884 0.4344846491228071
2 0.4029605263157895 0.3755482456140351 0.46235380116959063 0.37143640350877194 0.46509502923976614 0.43311403508771934 0.405701754385965 0.43174342105263164
2 0.2997076023391813 0.4934210526315789 0.3444809941520468 0.49067982456140363 0.3472222222222222 0.552357456140351 0.30153508771929827 0.5550986842105263
2 0.3444809941520468 0.4906798245614035 0.40387426900584794 0.4906798245614035 0.4057017543859649 0.5482456140350879 0.3444809941520468 0.5509868421052632
2 0.402046783625731 0.48930921052631576 0.46235380116959063 0.48519736842105265 0.46235380116959074 0.5413925438596493 0.40478801169590645 0.5455043859649124
2 0.3024488304093567 0.5537280701754386 0.3472222222222223 0.552357456140351 0.34904970760233917 0.6154057017543859 0.3061038011695907 0.6154057017543861
2 0.3444809941520468 0.5523574561403509 0.4047880116959065 0.5468750000000001 0.40752923976608196 0.6126644736842105 0.3472222222222222 0.6126644736842105
2 0.40478801169590645 0.5455043859649122 0.4641812865497077 0.5400219298245615 0.46235380116959074 0.6044407894736842 0.4057017543859649 0.6085526315789473
2 0.30610380116959063 0.6167763157894737 0.34904970760233917 0.6140350877192983 0.34996345029239767 0.6716008771929826 0.30975877192982454 0.6729714912280703
2 0.3472222222222222 0.6140350877192983 0.40661549707602346 0.6044407894736843 0.40752923976608196 0.6661184210526315 0.3481359649122807 0.6702302631578947
2 0.4057017543859649 0.6058114035087719 0.46235380116959074 0.600328947368421 0.4650950292397661 0.6620065789473685 0.40844298245614036 0.6674890350877193
2 0.48519736842105265 0.32346491228070173 0.5400219298245614 0.3207236842105264 0.5418494152046784 0.40844298245614036 0.48702485380116967 0.4139254385964912
2 0.5391081871345029 0.3248355263157895 0.5994152046783627 0.3207236842105264 0.600328947368421 0.40981359649122806 0.5445906432748538 0.4111842105263159
2 0.5975877192982456 0.32346491228070173 0.6551535087719299 0.3179824561403509 0.6542397660818714 0.40433114035087725 0.5985014619883041 0.4084429824561404
2 0.4870248538011696 0.4139254385964912 0.5445906432748538 0.4084429824561404 0.5445906432748538 0.48656798245614036 0.4897660818713451 0.48519736842105265
2 0.5418494152046783 0.40981359649122806 0.5994152046783626 0.4070723684210527 0.5985014619883042 0.4810855263157895 0.5445906432748538 0.4838267543859649
2 0.5975877192982456 0.40844298245614036 0.6542397660818714 0.40296052631578955 0.653326023391813 0.48245614035087725 0.5994152046783627 0.48245614035087725
2 0.49798976608187134 0.5372807017543859 0.5482456140350878 0.5345394736842106 0.5491593567251463 0.5921052631578947 0.49798976608187145 0.5921052631578947
2 0.5473318713450293 0.5345394736842105 0.6012426900584796 0.5290570175438597 0.5994152046783626 0.5866228070175439 0.5473318713450293 0.590734649122807
2 0.600328947368421 0.5276864035087719 0.6514985380116959 0.5235745614035089 0.6524122807017544 0.5866228070175439 0.5994152046783626 0.5852521929824561
2 0.49798976608187134 0.5934758771929824 0.5509868421052632 0.5893640350877194 0.5500730994152047 0.659265350877193 0.49798976608187134 0.6620065789473685
2 0.5491593567251462 0.5893640350877193 0.600328947368421 0.5866228070175439 0.6021564327485381 0.6524122807017544 0.5509868421052633 0.6592653508771931
2 0.5985014619883041 0.5866228070175439 0.6514985380116959 0.5838815789473685 0.6505847953216374 0.6496710526315791 0.6012426900584795 0.6510416666666667