0 0.3718932748538012 0.5057565789473685 0.45230263157894735 0.5084978070175439 0.4532163742690059 0.640076754385965 0.37737573099415206 0.6387061403508771
0 0.45321637426900585 0.5057565789473685 0.5308845029239766 0.5057565789473686 0.5299707602339181 0.6387061403508771 0.45230263157894735 0.6359649122807017
0 0.5317982456140351 0.5084978070175439 0.6103801169590644 0.508497807017544 0.6085526315789475 0.6387061403508771 0.5308845029239767 0.6359649122807018
0 0.6112938596491229 0.5057565789473685 0.6871345029239766 0.5043859649122807 0.6834795321637427 0.6359649122807018 0.6067251461988304 0.6359649122807018
0 0.36641081871345027 0.6373355263157895 0.4769736842105264 0.6359649122807018 0.4778874269005849 0.7552083333333334 0.37280701754385975 0.7538377192982456
0 0.4760599415204678 0.6373355263157895 0.5857090643274855 0.6359649122807018 0.5820540935672515 0.756578947368421 0.4778874269005848 0.7552083333333335
0 0.5857090643274854 0.6359649122807017 0.6953581871345029 0.6359649122807017 0.6880482456140351 0.7579495614035089 0.58296783625731 0.7565789473684211
0 0.38377192982456143 0.7538377192982456 0.4550438596491229 0.7565789473684211 0.45595760233918137 0.8662280701754387 0.38651315789473695 0.8662280701754387
0 0.4541301169590643 0.7552083333333334 0.5281432748538013 0.7579495614035089 0.5281432748538013 0.8689692982456142 0.45595760233918137 0.8689692982456141
0 0.5345394736842105 0.7579495614035088 0.607638888888889 0.7565789473684211 0.6067251461988304 0.8703399122807017 0.5345394736842106 0.8689692982456141
0 0.6094663742690059 0.7579495614035088 0.6834795321637429 0.7579495614035089 0.6789108187134504 0.8675986842105264 0.6067251461988304 0.8689692982456142
0 0.38742690058479534 0.9279057017543859 0.4550438596491229 0.9279057017543861 0.4559576023391813 1 0.3883406432748538 0.9991776315789475
0 0.4550438596491228 0.9292763157894737 0.5254020467836258 0.9279057017543861 0.5244883040935673 1 0.4550438596491228 1
0 0.5244883040935673 0.9292763157894737 0.5930190058479532 0.9292763157894738 0.5921052631578948 1 0.5244883040935673 1
0 0.5930190058479532 0.9306469298245614 0.6606359649122807 0.9279057017543861 0.6560672514619883 1 0.5921052631578947 1