0 0.30153508771929827 0.4947916666666667 0.38103070175438597 0.49479166666666674 0.38468567251462 0.6277412280701754 0.30793128654970764 0.6291118421052632
0 0.38103070175438597 0.4934210526315789 0.46235380116959074 0.4920504385964913 0.46235380116959074 0.6236293859649124 0.38377192982456143 0.625 0.3782894736842105 0.4975328947368421
0 0.46235380116959063 0.4934210526315789 0.5381944444444445 0.4920504385964913 0.5400219298245614 0.6181469298245614 0.46235380116959063 0.620888157894737
0 0.5381944444444444 0.4920504385964912 0.6158625730994152 0.48656798245614047 0.6131213450292399 0.6154057017543859 0.539108187134503 0.6195175438596491
0 0.2987938596491228 0.6277412280701754 0.409356725146199 0.625 0.4139254385964912 0.7428728070175439 0.30610380116959074 0.7428728070175439
0 0.4093567251461988 0.6263706140350878 0.5171783625730995 0.6222587719298247 0.518092105263158 0.7401315789473685 0.41301169590643283 0.7442434210526315
0 0.516264619883041 0.6208881578947368 0.6259137426900586 0.6154057017543861 0.6231725146198831 0.7360197368421054 0.518092105263158 0.7428728070175439
0 0.31706871345029247 0.7442434210526317 0.3901681286549709 0.742872807017544 0.39473684210526333 0.8566337719298246 0.3225511695906432 0.859375
0 0.39016812865497075 0.7428728070175439 0.4632675438596492 0.7428728070175439 0.4641812865497077 0.8538925438596493 0.39382309941520477 0.855263157894737
0 0.46875 0.7428728070175439 0.5418494152046784 0.7401315789473686 0.5427631578947368 0.8511513157894737 0.4724049707602339 0.8538925438596491
0 0.5427631578947368 0.7401315789473685 0.6158625730994152 0.7360197368421054 0.6140350877192984 0.8470394736842106 0.5445906432748538 0.8497807017543861
0 0.3262061403508772 0.9183114035087719 0.39473684210526333 0.9183114035087719 0.3974780701754387 1 0.3307748538011697 1 0.32803362573099426 0.9196820175438597
0 0.39473684210526316 0.9183114035087719 0.46235380116959074 0.9169407894736842 0.46509502923976614 1 0.3956505847953216 1
0 0.46235380116959063 0.9169407894736842 0.5308845029239767 0.9141995614035089 0.5308845029239766 1 0.4641812865497076 0.9991776315789475
0 0.5308845029239766 0.9155701754385965 0.5975877192982457 0.9100877192982457 0.5975877192982457 1 0.5299707602339182 1