0 0.13614766081871346 0.1425438596491228 0.15442251461988304 0.05345394736842109 0.2138157894736842 0.061677631578947414 0.20010964912280707 0.15213815789473684
0 0.20010964912280702 0.15076754385964913 0.21381578947368426 0.05619517543859649 0.34265350877192985 0.06853070175438597 0.33534356725146197 0.15899122807017546
0 0.3371710526315789 0.16036184210526316 0.34265350877192985 0.07812500000000001 0.4678362573099416 0.08634868421052631 0.4650950292397661 0.16447368421052633
0 0.13614766081871346 0.15350877192982457 0.2695540935672515 0.15899122807017546 0.2576754385964912 0.259046052631579 0.11970029239766082 0.25082236842105265
0 0.2713815789473684 0.15487938596491227 0.40478801169590645 0.16310307017543862 0.3974780701754387 0.2576754385964912 0.2585891812865498 0.25356359649122806
0 0.40478801169590645 0.1631030701754386 0.4678362573099416 0.16310307017543862 0.46600877192982465 0.2617872807017544 0.4020467836257311 0.2617872807017544
0 0.10142543859649125 0.36321271929824567 0.11970029239766082 0.2535635964912281 0.18274853801169594 0.2549342105263159 0.16904239766081872 0.36184210526315796
0 0.17635233918128657 0.3618421052631579 0.1873172514619883 0.2617872807017544 0.32255116959064334 0.2617872807017544 0.32072368421052627 0.3645833333333333
0 0.31980994152046793 0.3645833333333333 0.32803362573099415 0.26452850877192985 0.46326754385964913 0.2658991228070176 0.46235380116959074 0.3686951754385965
0 0.08132309941520466 0.5646929824561403 0.10051169590643275 0.44819078947368424 0.1699561403508772 0.45093201754385975 0.1535087719298246 0.5701754385964912
0 0.1525950292397661 0.5688048245614037 0.16904239766081874 0.44682017543859653 0.31889619883040937 0.45093201754385964 0.3088450292397661 0.5756578947368423
0 0.3070175438596492 0.5756578947368423 0.3179824561403509 0.45230263157894746 0.46600877192982465 0.4564144736842105 0.46235380116959063 0.5756578947368421
0 0.046600877192982476 0.7044956140350878 0.06944444444444448 0.5633223684210528 0.2275219298245614 0.5701754385964912 0.21472953216374274 0.7099780701754387
0 0.22295321637426901 0.708607456140351 0.23574561403508773 0.5701754385964913 0.39108187134502925 0.5742872807017545 0.38559941520467844 0.7127192982456141
0 0.3910818713450293 0.7127192982456141 0.39747807017543857 0.5729166666666667 0.4696637426900585 0.5729166666666667 0.4678362573099416 0.7086074561403509 0.3956505847953217 0.7127192982456141
0 0.02467105263157897 0.8552631578947368 0.04660087719298247 0.7031250000000001 0.1251827485380117 0.7044956140350879 0.10873538011695906 0.8580043859649122
0 0.11421783625730997 0.8580043859649122 0.13432017543859648 0.7058662280701755 0.3033625730994152 0.7099780701754387 0.29331140350877194 0.8607456140350879
0 0.29239766081871343 0.8621162280701754 0.3024488304093568 0.708607456140351 0.46509502923976614 0.7140899122807018 0.46509502923976614 0.8662280701754386
0 0.5857090643274854 0.5413925438596491 0.5802266081871345 0.40570175438596506 0.6615497076023392 0.40296052631578955 0.6688596491228072 0.5413925438596493
0 0.6716008771929824 0.5372807017543859 0.6615497076023393 0.40570175438596506 0.7447002923976609 0.40296052631578955 0.7574926900584795 0.5372807017543859
0 0.756578947368421 0.5345394736842105 0.7437865497076024 0.4029605263157895 0.8260233918128655 0.4015899122807019 0.8442982456140352 0.5345394736842105
0 0.8452119883040936 0.5359100877192983 0.8260233918128657 0.40296052631578955 0.9046052631578947 0.4043311403508772 0.9292763157894737 0.5372807017543859
0 0.5729166666666667 0.6949013157894738 0.5674342105263158 0.5455043859649122 0.6944444444444446 0.5413925438596491 0.7072368421052633 0.6880482456140352
0 0.7072368421052632 0.6894188596491229 0.6935307017543859 0.5386513157894738 0.8214546783625731 0.5372807017543859 0.8433845029239766 0.6894188596491229
0 0.8424707602339181 0.6935307017543859 0.8214546783625731 0.5400219298245615 0.9429824561403509 0.5400219298245614 0.9731359649122808 0.6907894736842105
0 0.5884502923976608 0.6921600877192983 0.6789108187134503 0.6894188596491229 0.6926169590643275 0.8607456140350879 0.5957602339181286 0.8593750000000001 0.5902777777777778 0.6962719298245615
0 0.6871345029239766 0.6866776315789473 0.7794225146198832 0.6853070175438598 0.7986111111111112 0.8566337719298246 0.6999269005847953 0.8566337719298246
0 0.7976973684210527 0.6880482456140351 0.8854166666666666 0.6866776315789475 0.9128289473684212 0.8552631578947368 0.8159722222222222 0.8552631578947368 0.7949561403508774 0.6976425438596491
0 0.889985380116959 0.6921600877192983 0.981359649122807 0.6894188596491229 1 0.805921052631579 0.9987207602339181 0.855263157894737 0.9164839181286549 0.8538925438596493
1 0.5381944444444445 0.3508771929824562 0.5884502923976609 0.3495065789473684 0.5893640350877193 0.4029605263157895 0.5802266081871346 0.40296052631578955 0.5738304093567252 0.4276315789473685 0.5400219298245615 0.42626096491228077
1 0.5911915204678363 0.40433114035087725 0.5884502923976608 0.3508771929824562 0.6350511695906433 0.3508771929824561 0.6377923976608187 0.40570175438596495
1 0.6377923976608187 0.4029605263157895 0.6332236842105263 0.3508771929824562 0.6825657894736843 0.3495065789473684 0.6862207602339181 0.40296052631578955
1 0.6862207602339181 0.40296052631578944 0.6834795321637427 0.34676535087719296 0.7309941520467838 0.3481359649122807 0.7355628654970761 0.40158991228070173