0 0.11970029239766083 0.9279057017543859 0.2987938596491228 0.9114583333333335 0.3061038011695907 1 0.12975146198830415 1
0 0.2978801169590644 0.9114583333333335 0.46966374269005856 0.8963815789473686 0.4733187134502924 1 0.3042763157894738 1
1 0.18366228070175442 0.2275219298245614 0.3134137426900585 0.22203947368421056 0.3225511695906432 0.35224780701754393 0.1964546783625731 0.36047149122807015
1 0.3125 0.22203947368421054 0.4395102339181287 0.21381578947368426 0.44407894736842113 0.3412828947368421 0.3207236842105263 0.3495065789473684
1 0.19736842105263158 0.35910087719298245 0.3252923976608188 0.3495065789473684 0.33260233918128657 0.46737938596491235 0.21016081871345038 0.4742324561403509
1 0.32437865497076024 0.3481359649122807 0.4468201754385965 0.3412828947368421 0.4504751461988304 0.4577850877192983 0.3307748538011696 0.46600877192982465
1 0.21564327485380116 0.47560307017543857 0.3380847953216375 0.46326754385964913 0.3444809941520468 0.5729166666666667 0.23117690058479531 0.5825109649122807 0.2147295321637427 0.4838267543859649
1 0.33808479532163743 0.46326754385964913 0.45687134502923976 0.4536732456140351 0.45869883040935683 0.5619517543859649 0.3463084795321638 0.5742872807017544
1 0.535453216374269 0.2850877192982456 0.5381944444444445 0.18777412280701755 0.5866228070175439 0.19051535087719298 0.584795321637427 0.2837171052631579
1 0.5857090643274854 0.28097587719298245 0.5875365497076024 0.18640350877192985 0.6377923976608187 0.18777412280701755 0.6341374269005848 0.27960526315789475
1 0.6332236842105263 0.28097587719298245 0.6368786549707603 0.18640350877192985 0.6862207602339183 0.19051535087719298 0.6843932748538013 0.27960526315789475
1 0.6843932748538012 0.27960526315789475 0.6871345029239766 0.18777412280701755 0.7684576023391813 0.18640350877192982 0.7629751461988306 0.27823464912280704
1 0.533625730994152 0.37143640350877194 0.5345394736842106 0.28508771929824567 0.6140350877192983 0.27960526315789475 0.6122076023391813 0.3700657894736843
1 0.6131213450292398 0.37280701754385964 0.6149488304093568 0.27686403508771934 0.6652046783625732 0.2796052631578948 0.6615497076023392 0.3700657894736843
1 0.6624634502923976 0.37417763157894735 0.6642909356725146 0.2796052631578948 0.7136330409356725 0.27549342105263164 0.7099780701754386 0.36869517543859653
1 0.7090643274853801 0.37006578947368424 0.7127192982456141 0.27686403508771934 0.7620614035087719 0.27686403508771934 0.7556652046783627 0.36732456140350883
1 0.5308845029239766 0.45778508771929827 0.5299707602339181 0.37006578947368424 0.5793128654970761 0.3700657894736843 0.5774853801169592 0.45641447368421056
1 0.5765716374269005 0.4550438596491228 0.5783991228070177 0.37006578947368424 0.626827485380117 0.371436403508772 0.6240862573099415 0.45504385964912286
1 0.6240862573099415 0.4550438596491228 0.6259137426900585 0.36869517543859653 0.6770833333333334 0.3700657894736843 0.6725146198830411 0.45641447368421056
1 0.6734283625730995 0.4564144736842105 0.6761695906432749 0.3686951754385965 0.7556652046783626 0.36595394736842113 0.7529239766081873 0.4509320175438597
1 0.5254020467836257 0.5386513157894737 0.5254020467836258 0.4550438596491228 0.6039839181286549 0.45230263157894735 0.6021564327485381 0.5331688596491229
1 0.602156432748538 0.5359100877192983 0.603983918128655 0.45230263157894735 0.6514985380116959 0.4564144736842105 0.6487573099415205 0.5359100877192983
1 0.6487573099415205 0.5345394736842105 0.6514985380116959 0.4536732456140352 0.6980994152046783 0.45230263157894735 0.6944444444444446 0.5331688596491229
1 0.6953581871345029 0.5317982456140351 0.6990131578947368 0.4523026315789475 0.7437865497076024 0.44956140350877194 0.7392178362573101 0.5290570175438597
1 0.5235745614035088 0.659265350877193 0.5226608187134504 0.6016995614035089 0.5692616959064328 0.600328947368421 0.5692616959064328 0.6510416666666667
1 0.5692616959064327 0.6510416666666666 0.5692616959064328 0.5975877192982457 0.6122076023391814 0.5948464912280702 0.6122076023391814 0.6496710526315791
1 0.6131213450292398 0.6551535087719298 0.6112938596491229 0.5962171052631579 0.6588084795321637 0.5948464912280703 0.6569809941520469 0.6537828947368423
1 0.6578947368421053 0.6510416666666666 0.6588084795321637 0.596217105263158 0.7319078947368421 0.5934758771929824 0.7291666666666666 0.6428179824561403
1 0.5190058479532164 0.6633771929824561 0.5921052631578948 0.6510416666666667 0.5921052631578948 0.7223135964912281 0.519919590643275 0.7332785087719298
1 0.5939327485380117 0.6510416666666666 0.6377923976608187 0.6524122807017545 0.6350511695906433 0.7209429824561405 0.5930190058479533 0.7223135964912282
1 0.6423611111111113 0.6510416666666666 0.6843932748538012 0.6524122807017545 0.6825657894736842 0.7223135964912282 0.6377923976608187 0.7236842105263158
1 0.6834795321637429 0.7236842105263158 0.6862207602339181 0.6524122807017545 0.7309941520467836 0.6537828947368423 0.7255116959064328 0.7236842105263159
1 0.5208333333333334 0.7949561403508771 0.519919590643275 0.7305372807017545 0.5637792397660819 0.727796052631579 0.5637792397660819 0.7922149122807018
1 0.5646929824561404 0.7922149122807017 0.5656067251461989 0.7250548245614037 0.6076388888888888 0.7209429824561405 0.6076388888888888 0.7839912280701755
1 0.6076388888888888 0.7894736842105263 0.6094663742690059 0.7209429824561405 0.6524122807017545 0.7209429824561405 0.649671052631579 0.786732456140351
1 0.649671052631579 0.7867324561403509 0.651498538011696 0.7209429824561405 0.7236842105263158 0.7236842105263158 0.7200292397660819 0.7853618421052632
1 0.5226608187134503 0.7949561403508771 0.5921052631578948 0.7881030701754386 0.5911915204678363 0.8470394736842105 0.5235745614035089 0.8538925438596493
1 0.5930190058479532 0.7867324561403509 0.6341374269005848 0.7867324561403509 0.6323099415204679 0.8484100877192984 0.5921052631578948 0.8497807017543859
1 0.6341374269005848 0.7867324561403509 0.676169590643275 0.7853618421052633 0.6734283625730996 0.8442982456140351 0.6323099415204678 0.8456688596491229
1 0.6770833333333334 0.7839912280701754 0.7182017543859649 0.7853618421052632 0.714546783625731 0.8429276315789475 0.6734283625730995 0.8442982456140351