0 0.20376461988304093 0.28234649122807015 0.2814327485380117 0.28645833333333337 0.28691520467836257 0.4276315789473684 0.21564327485380122 0.4262609649122807
0 0.2814327485380117 0.2837171052631579 0.3609283625730995 0.2850877192982456 0.36458333333333337 0.42489035087719296 0.2860014619883042 0.42626096491228077
0 0.3618421052631579 0.2850877192982456 0.4404239766081872 0.2837171052631579 0.4431652046783627 0.42351973684210525 0.36366959064327486 0.42626096491228077
0 0.44042397660818716 0.27960526315789475 0.5692616959064328 0.28097587719298245 0.5674342105263158 0.41803728070175444 0.4413377192982457 0.41803728070175444
0 0.18183479532163746 0.4413377192982456 0.31250000000000006 0.4372258771929825 0.3207236842105263 0.5688048245614037 0.19279970760233928 0.5701754385964912
0 0.3115862573099415 0.43585526315789475 0.39199561403508787 0.4317434210526316 0.3956505847953216 0.5660635964912282 0.31980994152046793 0.5701754385964912
0 0.40478801169590645 0.43448464912280715 0.4851973684210527 0.43585526315789475 0.4851973684210527 0.5674342105263158 0.41027046783625737 0.5701754385964912
0 0.48428362573099415 0.43448464912280704 0.5610380116959065 0.4290021929824562 0.5582967836257311 0.5564692982456141 0.4861111111111112 0.5646929824561403
0 0.1964546783625731 0.5770285087719298 0.2732090643274854 0.5756578947368421 0.2805190058479532 0.6990131578947368 0.20650584795321641 0.7017543859649124
0 0.2768640350877193 0.5797697368421053 0.35544590643274865 0.5742872807017544 0.3572733918128656 0.699013157894737 0.2869152046783626 0.7072368421052632
0 0.35635964912280704 0.5729166666666666 0.43128654970760233 0.5674342105263159 0.4322002923976609 0.6921600877192984 0.36001461988304095 0.6949013157894738
0 0.43220029239766083 0.5674342105263158 0.5564692982456141 0.5646929824561405 0.5546418128654971 0.6935307017543861 0.43220029239766083 0.6949013157894738
0 0.19919590643274854 0.7113486842105263 0.32529239766081874 0.7099780701754387 0.33077485380116967 0.8196271929824562 0.2110745614035088 0.8237390350877193
0 0.3271198830409357 0.7058662280701754 0.39930555555555564 0.7031250000000001 0.40296052631578966 0.8182565789473685 0.3307748538011696 0.8196271929824561
0 0.402046783625731 0.7017543859649122 0.4724049707602339 0.699013157894737 0.474232456140351 0.8127741228070177 0.4047880116959065 0.815515350877193
0 0.4760599415204678 0.6990131578947368 0.5473318713450294 0.6962719298245615 0.5464181286549709 0.8086622807017544 0.47880116959064334 0.8114035087719299 0.47605994152046793 0.708607456140351
0 0.24031432748538012 0.990953947368421 0.23300438596491233 0.9402412280701754 0.3015350877192983 0.9333881578947368 0.30610380116959063 0.981359649122807
0 0.30701754385964913 0.9827302631578947 0.3006213450292398 0.9333881578947368 0.36915204678362573 0.9306469298245615 0.37189327485380125 0.9745065789473686
0 0.37372076023391815 0.9882127192982457 0.3682383040935673 0.9292763157894737 0.4376827485380117 0.9265350877192983 0.4413377192982457 0.9854714912280703 0.3737207602339182 0.990953947368421
0 0.44316520467836257 0.9786184210526315 0.4395102339181287 0.9251644736842105 0.5509868421052633 0.9196820175438598 0.5509868421052633 0.9745065789473686
0 0.6505847953216374 0.5071271929824561 0.6569809941520468 0.3015350877192983 0.7748538011695908 0.30016447368421056 0.7620614035087719 0.5016447368421053
0 0.7638888888888888 0.4975328947368421 0.7748538011695908 0.29331140350877194 0.8927266081871347 0.28919956140350883 0.8726242690058481 0.4920504385964913
0 0.8753654970760234 0.4920504385964912 0.8927266081871345 0.2864583333333333 1 0.28234649122807026 1 0.48108552631578955
0 0.6460160818713451 0.6976425438596491 0.6533260233918129 0.5098684210526317 0.7638888888888888 0.5057565789473686 0.7520102339181286 0.6866776315789473
0 0.7529239766081871 0.6866776315789473 0.7638888888888891 0.4975328947368421 0.8762792397660819 0.4934210526315789 0.8598318713450293 0.6743421052631579
0 0.8598318713450293 0.6716008771929826 0.876279239766082 0.49067982456140363 1 0.4810855263157895 0.9996345029239766 0.6647478070175439
0 0.6432748538011696 0.8511513157894737 0.6451023391812867 0.6921600877192984 0.7529239766081871 0.6866776315789475 0.7428728070175439 0.8415570175438598
0 0.7447002923976608 0.8401864035087719 0.7538377192982458 0.6798245614035088 0.857090643274854 0.6729714912280702 0.8433845029239766 0.8319627192982457
0 0.8433845029239766 0.8319627192982456 0.858918128654971 0.6702302631578949 1 0.6620065789473685 0.9996345029239768 0.8223684210526315
0 0.6551535087719298 0.9333881578947368 0.7556652046783626 0.9251644736842106 0.7492690058479534 1 0.6514985380116959 1
0 0.756578947368421 0.9251644736842105 0.8534356725146199 0.9155701754385965 0.8442982456140351 1 0.7474415204678363 1
0 0.8552631578947368 0.9114583333333334 0.9968932748538012 0.8963815789473685 0.9786184210526315 1 0.8433845029239768 0.9978070175438597 0.8552631578947371 0.9169407894736842