0 0.13249269005847955 0.8497807017543859 0.15625 0.6674890350877194 0.2677266081871345 0.6688596491228072 0.2512792397660819 0.855263157894737
0 0.15807748538011698 0.668859649122807 0.1800073099415205 0.5043859649122808 0.28417397660818716 0.5057565789473685 0.268640350877193 0.6702302631578949
0 0.18092105263157895 0.503015350877193 0.1991959064327486 0.36047149122807015 0.29422514619883045 0.3618421052631579 0.2823464912280702 0.5084978070175439
0 0.25493421052631576 0.8552631578947368 0.27138157894736853 0.6702302631578949 0.4276315789473684 0.6770833333333335 0.4194078947368422 0.8525219298245615
0 0.27046783625731 0.664747807017544 0.2850877192982456 0.5057565789473685 0.4340277777777778 0.5098684210526317 0.42671783625730997 0.6770833333333334
0 0.2850877192982457 0.5057565789473685 0.29605263157894735 0.3632127192982456 0.4413377192982456 0.3700657894736843 0.43311403508771945 0.5098684210526315
0 0.4331140350877193 0.5112390350877193 0.44042397660818716 0.3686951754385965 0.5793128654970761 0.3700657894736843 0.5793128654970761 0.5139802631578948
0 0.42671783625730997 0.678453947368421 0.4331140350877193 0.508497807017544 0.5793128654970761 0.5139802631578947 0.5811403508771931 0.6770833333333334
0 0.42123538011695905 0.8538925438596491 0.42671783625730997 0.6757127192982457 0.5838815789473685 0.6784539473684211 0.5884502923976609 0.859375
0 0.2238669590643275 0.2713815789473684 0.23483187134502928 0.17406798245614036 0.3618421052631579 0.17269736842105263 0.3536184210526316 0.2713815789473684
0 0.23574561403508773 0.17132675438596498 0.2503654970760234 0.061677631578947366 0.3691520467836258 0.06578947368421056 0.36092836257309946 0.17269736842105265
0 0.25127923976608185 0.0630482456140351 0.26041666666666674 0 0.3746345029239767 0 0.37006578947368424 0.06578947368421052
0 0.37006578947368424 0.06716008771929827 0.3746345029239766 0 0.48793859649122817 0 0.48702485380116967 0.06578947368421054
0 0.36184210526315796 0.17406798245614036 0.3700657894736843 0.06304824561403509 0.4870248538011696 0.06441885964912283 0.4861111111111112 0.17406798245614036
0 0.35453216374269003 0.2727521929824561 0.3609283625730994 0.17406798245614039 0.4870248538011696 0.17543859649122806 0.4861111111111111 0.2713815789473684
0 0.48428362573099415 0.26864035087719307 0.4870248538011696 0.16447368421052636 0.5747441520467836 0.16858552631578946 0.5774853801169592 0.2727521929824561
0 0.48519736842105265 0.1631030701754386 0.48702485380116967 0.05756578947368426 0.5720029239766082 0.057565789473684244 0.5738304093567252 0.16584429824561409
0 0.4870248538011696 0.06030701754385966 0.48702485380116967 0 0.5710891812865497 0 0.5720029239766082 0.057565789473684216
2 0.5802266081871345 0.5564692982456141 0.5783991228070177 0.48930921052631576 0.6149488304093568 0.48930921052631576 0.6176900584795322 0.5550986842105263
2 0.6176900584795322 0.5550986842105263 0.6140350877192984 0.48519736842105265 0.6752558479532164 0.48519736842105277 0.6807383040935673 0.5509868421052633
2 0.6798245614035088 0.5509868421052632 0.6752558479532164 0.4810855263157896 0.7182017543859651 0.4810855263157895 0.7255116959064327 0.546875 0.6825657894736842 0.5496162280701754
2 0.581140350877193 0.6263706140350878 0.5802266081871345 0.5550986842105263 0.6186038011695907 0.5523574561403509 0.6240862573099416 0.625
2 0.625 0.6263706140350878 0.6213450292397661 0.5523574561403509 0.6834795321637427 0.5509868421052633 0.6898757309941521 0.6236293859649124
2 0.6889619883040936 0.6222587719298246 0.6843932748538012 0.5482456140350879 0.7300804093567251 0.5482456140350879 0.7355628654970762 0.6195175438596493
2 0.5838815789473685 0.6949013157894737 0.5820540935672515 0.6250000000000001 0.6259137426900585 0.6236293859649124 0.6304824561403509 0.6907894736842106
2 0.6304824561403509 0.6935307017543859 0.626827485380117 0.6236293859649124 0.6926169590643275 0.6222587719298247 0.6962719298245614 0.6907894736842105
2 0.6990131578947368 0.6907894736842105 0.6926169590643275 0.6208881578947368 0.73921783625731 0.620888157894737 0.7456140350877195 0.6880482456140352
2 0.5866228070175439 0.8182565789473685 0.5857090643274855 0.7373903508771931 0.6359649122807018 0.737390350877193 0.6405336257309941 0.815515350877193
2 0.5893640350877193 0.903234649122807 0.5884502923976609 0.8182565789473686 0.6414473684210528 0.8182565789473686 0.6460160818713451 0.8963815789473686
2 0.5921052631578947 0.9745065789473685 0.5893640350877194 0.9004934210526319 0.6487573099415205 0.899122807017544 0.6533260233918129 0.977247807017544
2 0.6405336257309941 0.8141447368421053 0.6359649122807017 0.7360197368421054 0.7035818713450294 0.7360197368421054 0.7090643274853801 0.8141447368421053
2 0.6451023391812866 0.8991228070175439 0.6405336257309941 0.8141447368421054 0.7099780701754386 0.8127741228070176 0.7182017543859649 0.8963815789473685
2 0.6524122807017544 0.9745065789473685 0.647843567251462 0.8963815789473686 0.7200292397660819 0.8950109649122809 0.7282529239766082 0.977247807017544
2 0.7090643274853801 0.8141447368421054 0.7035818713450294 0.7332785087719298 0.7510964912280702 0.7319078947368421 0.7593201754385965 0.8100328947368423 0.7108918128654972 0.8127741228070177
2 0.7209429824561403 0.8936403508771931 0.7127192982456142 0.8100328947368423 0.7620614035087719 0.8086622807017545 0.7711988304093568 0.8922697368421054
2 0.7273391812865497 0.9745065789473685 0.7218567251461988 0.8963815789473686 0.7739400584795322 0.8922697368421054 0.7821637426900585 0.9786184210526317