0 0.4592697956190412 0.8693321131360422 0.46239407994298026 0.7498282377453733 0.588927595062512 0.7509998443668507 0.5928329504674359 0.8775333594863822
0 0.5912708083054663 0.8728469330004738 0.5881465239815272 0.747485024502419 0.7138989680200742 0.7509998443668505 0.7217096788299219 0.8705037197575194
0 0.7224907499109067 0.874018539621951 0.7154611101820437 0.7498282377453734 0.8388703409776366 0.7533430576098049 0.8537106915163469 0.8787049661078594 0.7248339631538607 0.8728469330004738
0 0.46161300886199547 0.7521714509883277 0.46161300886199547 0.6385256087050444 0.5842411685766035 0.6396972153265217 0.5873654529005425 0.7521714509883277
0 0.5858033107385728 0.7509998443668505 0.5842411685766034 0.642040428569476 0.7053071861292418 0.6443836418124302 0.7131178969390894 0.7509998443668507
0 0.7131178969390894 0.7498282377453733 0.7053071861292418 0.6385256087050446 0.8255921326008955 0.6443836418124302 0.8388703409776366 0.7568578774742363
0 0.46395622210494974 0.6408688219479989 0.46395622210494974 0.536595832636533 0.5842411685766035 0.5365958326365328 0.5865843818195577 0.6443836418124302
0 0.5865843818195577 0.6408688219479989 0.5834600974956186 0.5354242260150557 0.7006207596433333 0.5389390458794872 0.7076503993721961 0.6432120351909532
0 0.7084314704531809 0.642040428569476 0.7021829018053029 0.5389390458794872 0.8154382085480935 0.54596868560835 0.8255921326008955 0.6478984616768617
0 0.4655183642669193 0.5354242260150556 0.4655183642669193 0.433494449946544 0.5803358131716795 0.4358376631894983 0.5850222396575882 0.5389390458794872
0 0.5818979553336492 0.53776743925801 0.5795547420906949 0.43818087643245257 0.6935911199144705 0.4428673029183611 0.6990586174813639 0.5389390458794872 0.585803310738573 0.5354242260150557
0 0.6990586174813637 0.5401106525009642 0.6920289777525008 0.43935248305392977 0.804503213414307 0.44638212278279266 0.8146571374671088 0.5447970789868729
0 0.46473729318593443 0.4370092698109753 0.4670805064288889 0.34913877320018943 0.5748683156047862 0.35499680630757524 0.57877367100971 0.4381808764324525
0 0.5795547420906948 0.4381808764324525 0.5748683156047862 0.3526535930646209 0.6842182669426532 0.3561684129290523 0.6935911199144704 0.44169569629688404 0.5811168842526644 0.43818087643245257
0 0.6920289777525007 0.441695696296884 0.6842182669426532 0.3561684129290524 0.794349289361505 0.3631980526579152 0.8021600001713526 0.44638212278279266
0 0.4670805064288889 0.27064112956122066 0.4686426485908583 0.20268794551554617 0.5709629601998624 0.20268794551554623 0.5717440312808472 0.27532755604712933
0 0.5717440312808472 0.2753275560471293 0.5709629601998625 0.20385955213702345 0.6732832718088665 0.20620276537997775 0.6779696982947752 0.2764991626686064
0 0.6787507693757597 0.27767076929008355 0.6740643428898513 0.20503115875850061 0.7740414412559011 0.2120607984873635 0.7826332231467337 0.2823571957759922
0 0.4670805064288888 0.2026879455155462 0.46786157750987356 0.12301869525510031 0.5678386758759234 0.12536190849805456 0.5717440312808473 0.20620276537997767
0 0.5717440312808472 0.20620276537997767 0.5678386758759233 0.12419030187657748 0.6646914899180341 0.12887672836248604 0.668596845322958 0.20971758524440912
0 0.671721129646897 0.2026879455155462 0.6678157742419731 0.13121994160544037 0.7646685882840838 0.13590636809134893 0.7748225123368858 0.21440401173031762
0 0.4670805064288888 0.12184708863362319 0.46786157750987356 0.045692658237608715 0.5647143915519843 0.0503790847235173 0.5670576047949385 0.12536190849805467
0 0.5647143915519842 0.1253619084980546 0.5654954626329691 0.05037908472351722 0.6600050634321255 0.05506551120942587 0.6670347031609883 0.1300483349839632
0 0.6662536320800037 0.13239154822691748 0.6615672055940951 0.055065511209425884 0.754514664231282 0.06209515093828874 0.7646685882840838 0.13590636809134896
0 0.4678615775098736 0.044521051616131554 0.4694237196718431 0 0.5647143915519844 0 0.5662765337139539 0.052722297966471564
0 0.6568807791081865 0 0.6607861345131103 0.05623711783090296 0.5678386758759234 0.04686426485908585 0.5654954626329691 0
0 0.6600050634321255 0.058580331073857295 0.6537564947842475 0 0.7490471666643885 0 0.7537335931502973 0.06678157742419734 0.6662536320800037 0.06209515093828872
1 0.09216638755620211 0.9279124442098996 0.1101310224188517 0.8060653555762765 0.22740790794326327 0.8072369621977536 0.214910770647507 0.9372852971817168
1 0.21412969956652222 0.9372852971817167 0.22740790794326327 0.8060653555762765 0.3008285895558311 0.8084085688192306 0.29379894982696814 0.9419717236676253
1 0.29379894982696814 0.939628510424671 0.30160966063681577 0.8072369621977535 0.3742492711683988 0.8095801754407078 0.36565748927756636 0.9431433302891025
1 0.10712296147160956 0.8060653555762765 0.1258686674152439 0.6795318404567446 0.241467187400989 0.6795318404567446 0.22584576578129373 0.811923388683662 0.10946617471456392 0.8025505357118449
1 0.22662683686227844 0.8084085688192306 0.23990504523901945 0.6807034470782218 0.3094203714466634 0.6842182669426531 0.3023907317178006 0.8130949953051393
1 0.3039528738797701 0.8072369621977535 0.3117635846896178 0.6842182669426533 0.38049783981627694 0.6924195132929932 0.37346820008741405 0.8154382085480937
1 0.12743080957721342 0.6795318404567446 0.14305223119690877 0.5635427849305072 0.24927789821083662 0.5717440312808473 0.2383429030770499 0.6853898735641303
1 0.23990504523901945 0.6853898735641304 0.24927789821083662 0.57057242465937 0.3172310822565111 0.5752588511452786 0.3086393003656787 0.6853898735641304
1 0.30863930036567866 0.6877330868070847 0.3187932244184806 0.5740872445238016 0.3875274795451399 0.5822884908741415 0.37815462657332266 0.6971059397789018 0.3148878690135568 0.6853898735641304
1 0.15554936849266496 0.5201933399358527 0.1672654347074364 0.4088907108955239 0.27114788847841 0.41826356386734104 0.26099396442560807 0.5225365531788071 0.16257900822152782 0.5143353068284671
1 0.25943182226363853 0.5201933399358527 0.26724253307348617 0.4135771373814325 0.33753893036211485 0.41943517048881823 0.32894714847128254 0.5248797664217614
1 0.3289471484712825 0.5260513730432385 0.3367578592811302 0.4182635638673411 0.3976814035979418 0.425293203596204 0.3945571192740026 0.5307377995291471 0.3359767882001453 0.5272229796647157
1 0.16648436362645164 0.4124055307599553 0.17820042984122314 0.31164736131292087 0.2781775282072729 0.31750539442030656 0.2703668173974252 0.42294999035324965 0.17117079011236022 0.41709195724586395
1 0.2688046752354557 0.42294999035324965 0.2750532438833338 0.3163337877988294 0.3430064279290083 0.3221918209062151 0.33910107252408445 0.42412159697472684
1 0.3398821436050692 0.42177838373177257 0.3430064279290083 0.32453503414916945 0.4015867590028655 0.33156467387803235 0.4015867590028656 0.42529320359620404
1 0.17820042984122308 0.31281896793439795 0.18991649605599453 0.22612007794508918 0.2859882390171205 0.2343213242954292 0.27739645712628813 0.31750539442030656 0.18366792740811644 0.312818967934398
1 0.27739645712628813 0.31984860766326084 0.2859882390171205 0.2319781110524749 0.34691178333393213 0.23900775078133782 0.3430064279290083 0.32453503414916945 0.2852071679361358 0.3186770010417837
1 0.04619941715479799 0.41240553075995534 0.02589156904919413 0.5155069134499443 0 0.51316370020699 0.0008972944576816682 0.40594599481358523
1 0.34173976608187134 0.32346491228070173 0.3435672514619884 0.23574561403508773 0.407529239766082 0.2412280701754387 0.4020467836257311 0.33168859649122806
1 0.001827485380116959 0.31524122807017546 0.06944444444444445 0.3152412280701756 0.05116959064327485 0.41666666666666685 0 0.40844298245614036
1 0.01827485380116959 0.23026315789473684 0.0804093567251462 0.23300438596491224 0.0712719298245614 0.31524122807017557 0.003654970760233918 0.31250000000000017 0.02010233918128655 0.23848684210526336