0 0.18092105263157895 0.10142543859649124 0.1973684210526316 0.00959429824561402 0.30975877192982454 0.015076754385964912 0.3024488304093568 0.10827850877192985
0 0.3033625730994152 0.11101973684210528 0.3115862573099416 0.01644736842105264 0.4239766081871345 0.020559210526315805 0.42123538011695905 0.11650219298245613
0 0.42214912280701755 0.11101973684210528 0.4239766081871345 0.010964912280701747 0.5034722222222222 0.012335526315789474 0.5034722222222222 0.11513157894736842
0 0.15990497076023394 0.21107456140350878 0.17543859649122806 0.09868421052631579 0.29879385964912286 0.10827850877192982 0.2905701754385965 0.2179276315789474
0 0.28965643274853803 0.22203947368421054 0.29970760233918137 0.1069078947368421 0.41849415204678364 0.11513157894736842 0.4157529239766083 0.224780701754386
0 0.41666666666666674 0.22478070175438597 0.4203216374269006 0.11239035087719298 0.5034722222222223 0.1137609649122807 0.5043859649122808 0.22615131578947373
0 0.1398026315789474 0.3289473684210527 0.15625000000000003 0.20970394736842116 0.2878289473684211 0.21792763157894737 0.27777777777777785 0.33168859649122806
0 0.27869152046783624 0.33305921052631576 0.2887426900584795 0.2234100877192983 0.4130116959064328 0.22752192982456143 0.41301169590643283 0.33305921052631576
0 0.41301169590643283 0.3358004385964913 0.4166666666666667 0.22615131578947367 0.5034722222222223 0.22615131578947367 0.5034722222222222 0.33991228070175444
0 0.12335526315789476 0.5674342105263158 0.14163011695906436 0.41666666666666674 0.2823464912280702 0.4194078947368421 0.2713815789473684 0.5688048245614035
0 0.27046783625730997 0.5674342105263158 0.2814327485380117 0.41940789473684215 0.42032163742690065 0.42351973684210525 0.41483918128654973 0.5729166666666667
0 0.4139254385964912 0.5701754385964912 0.42032163742690065 0.42351973684210525 0.514437134502924 0.4262609649122807 0.514437134502924 0.5729166666666666
0 0.09777046783625733 0.7319078947368421 0.11695906432748542 0.5660635964912281 0.26407163742690065 0.5646929824561405 0.25402046783625737 0.7305372807017545
0 0.25584795321637427 0.7332785087719298 0.2695540935672515 0.5660635964912282 0.41209795321637427 0.5688048245614035 0.4093567251461988 0.7332785087719299
0 0.4102704678362573 0.7319078947368423 0.41666666666666674 0.5674342105263158 0.5171783625730995 0.571546052631579 0.5171783625730995 0.7360197368421054
0 0.07218567251461991 0.903234649122807 0.09411549707602339 0.7305372807017545 0.25036549707602346 0.7319078947368423 0.23665935672514624 0.908717105263158
0 0.23757309941520469 0.9087171052631579 0.2540204678362573 0.7291666666666667 0.40752923976608196 0.7360197368421053 0.4029605263157895 0.9100877192982456
0 0.4029605263157895 0.912828947368421 0.4093567251461988 0.7346491228070177 0.5153508771929826 0.7346491228070177 0.5153508771929826 0.9100877192982457
0 0.6048976608187134 0.31524122807017546 0.6003289473684211 0.19599780701754393 0.6990131578947368 0.2001096491228071 0.7099780701754386 0.317982456140351 0.6103801169590645 0.30975877192982454
0 0.7099780701754388 0.31798245614035087 0.6990131578947367 0.20148026315789475 0.7995248538011698 0.20559210526315796 0.8177997076023393 0.32209429824561403
0 0.8168859649122807 0.32209429824561403 0.8004385964912283 0.20422149122807018 0.899122807017544 0.20970394736842113 0.9210526315789476 0.32483552631578955
0 0.6176900584795322 0.44819078947368424 0.609466374269006 0.30838815789473684 0.7191154970760235 0.3152412280701755 0.7300804093567251 0.43174342105263164 0.625 0.4276315789473685
0 0.7291666666666666 0.43311403508771934 0.7182017543859649 0.3166118421052632 0.8278508771929824 0.3220942982456141 0.846125730994152 0.43859649122807015
0 0.846125730994152 0.4399671052631579 0.8278508771929824 0.3207236842105263 0.9338450292397662 0.32346491228070184 0.9585160818713452 0.44133771929824567
0 0.6359649122807017 0.7236842105263158 0.6195175438596493 0.5345394736842105 0.7419590643274854 0.533168859649123 0.7648026315789473 0.718201754385965
0 0.7675438596491229 0.7195723684210527 0.7492690058479532 0.5304276315789475 0.8726242690058481 0.5345394736842106 0.8972953216374271 0.7168311403508774
0 0.8972953216374269 0.7182017543859649 0.8717105263157895 0.5345394736842106 0.9895833333333334 0.5413925438596493 1 0.6181469298245615 0.9996345029239766 0.7209429824561403 0.8991228070175439 0.7127192982456142
0 0.6387061403508771 0.7250548245614035 0.7693713450292398 0.7154605263157896 0.7903874269005849 0.9087171052631579 0.6606359649122808 0.9087171052631579
0 0.7748538011695907 0.7168311403508771 0.9046052631578947 0.7154605263157895 0.9320175438596493 0.9114583333333335 0.792214912280702 0.9128289473684211
0 0.9046052631578947 0.7154605263157895 1 0.718201754385965 1 0.9114583333333335 0.9311038011695907 0.908717105263158
1 0.0411184210526316 0.5701754385964912 0.052997076023391834 0.5016447368421052 0.1069078947368421 0.5030153508771931 0.09594298245614036 0.5701754385964913
1 0.028326023391812886 0.6400767543859649 0.04020467836257312 0.5674342105263159 0.09868421052631579 0.5688048245614035 0.089546783625731 0.6414473684210528
1 0.01644736842105265 0.7099780701754386 0.028326023391812886 0.6387061403508771 0.0904605263157895 0.6387061403508774 0.08223684210526316 0.7099780701754387
1 0.09685672514619885 0.571546052631579 0.10690789473684213 0.5016447368421054 0.133406432748538 0.5043859649122806 0.12061403508771934 0.5729166666666666
1 0.09046052631578949 0.6414473684210527 0.09777046783625733 0.5701754385964912 0.11787280701754388 0.5715460526315791 0.10873538011695909 0.6414473684210528
1 0.08223684210526318 0.7072368421052633 0.09137426900584797 0.6387061403508771 0.10964912280701754 0.6414473684210528 0.09959795321637431 0.7113486842105264
1 0.0009137426900585003 0.8305921052631579 0 0.805921052631579 0.006396198830409356 0.7606907894736843 0.07218567251461991 0.762061403508772 0.06487573099415207 0.8319627192982457
1 0.05665204678362575 0.9114583333333335 0.06578947368421055 0.8319627192982457 0 0.8264802631578949 0 0.912828947368421
1 0.05847953216374271 0.912828947368421 0.045687134502924 1 0.011878654970760244 0.9978070175438597 0 0.9512061403508771 0 0.9100877192982456
1 0.0630482456140351 0.8333333333333335 0.07401315789473686 0.7620614035087719 0.09137426900584793 0.7634320175438597 0.08223684210526316 0.834703947368421
1 0.05665204678362575 0.912828947368421 0.06578947368421055 0.8333333333333334 0.08132309941520473 0.834703947368421 0.07218567251461988 0.9046052631578947 0.06853070175438597 0.9046052631578947 0.06396198830409357 0.9169407894736843