0 0.11604532163742692 0.5139802631578947 0.22295321637426904 0.5194627192982455 0.23300438596491233 0.6647478070175439 0.12792397660818713 0.6606359649122807
0 0.22295321637426901 0.512609649122807 0.33168859649122806 0.5139802631578949 0.3380847953216375 0.6606359649122807 0.2320906432748538 0.6606359649122808
0 0.3371710526315789 0.5084978070175439 0.4897660818713451 0.5071271929824561 0.4925073099415205 0.6469298245614035 0.3435672514619883 0.6441885964912282
0 0.13157894736842107 0.6647478070175439 0.2860014619883041 0.6578947368421053 0.29422514619883045 0.7922149122807017 0.14711257309941525 0.7949561403508771
0 0.2878289473684211 0.6647478070175439 0.3929093567251462 0.6633771929824562 0.3965643274853802 0.796326754385965 0.29422514619883045 0.796326754385965
0 0.39382309941520466 0.6620065789473685 0.4989035087719299 0.6592653508771931 0.49798976608187145 0.7922149122807017 0.3974780701754387 0.7922149122807017
0 0.14894005847953218 0.8018092105263158 0.2531067251461988 0.7990679824561405 0.2640716374269006 0.9210526315789475 0.16538742690058483 0.9251644736842106
0 0.25584795321637427 0.7976973684210527 0.35544590643274854 0.7949561403508774 0.36366959064327486 0.9155701754385966 0.2640716374269006 0.9196820175438597
0 0.35910087719298245 0.7963267543859649 0.5043859649122807 0.7922149122807017 0.5052997076023392 0.9100877192982457 0.36366959064327486 0.9155701754385966
0 0.5783991228070176 0.5660635964912281 0.5793128654970761 0.40981359649122817 0.6743421052631579 0.4098135964912281 0.66703216374269 0.5660635964912281
0 0.668859649122807 0.5578399122807017 0.6734283625730995 0.40570175438596506 0.8068347953216376 0.4057017543859649 0.7958698830409356 0.5564692982456141
0 0.7967836257309941 0.5509868421052632 0.8077485380116959 0.40707236842105265 0.8050073099415205 0.4029605263157895 0.9347587719298247 0.3947368421052633 0.9201388888888891 0.5441337719298246
0 0.5729166666666666 0.7099780701754386 0.5747441520467836 0.5674342105263159 0.7072368421052632 0.5646929824561403 0.7017543859649122 0.7072368421052632
0 0.7026681286549707 0.7086074561403509 0.7090643274853803 0.5646929824561403 0.8406432748538013 0.5605811403508771 0.8305921052631581 0.7003837719298247
0 0.8351608187134503 0.7044956140350878 0.8452119883040937 0.5605811403508774 0.9338450292397661 0.5509868421052633 0.9183114035087719 0.6949013157894738
0 0.5793128654970761 0.8415570175438597 0.5802266081871346 0.7113486842105263 0.66703216374269 0.708607456140351 0.6615497076023392 0.8415570175438598
0 0.6652046783625731 0.8388157894736842 0.6697733918128655 0.7099780701754387 0.7940423976608187 0.7031250000000001 0.7849049707602339 0.8333333333333334
0 0.7885599415204678 0.8333333333333334 0.7967836257309944 0.7017543859649124 0.9210526315789473 0.6949013157894738 0.9064327485380117 0.8278508771929824
0 0.5793128654970761 0.9333881578947368 0.6615497076023392 0.9320175438596493 0.6578947368421053 1 0.5783991228070177 1
0 0.6624634502923976 0.9333881578947368 0.7803362573099417 0.9279057017543859 0.7757675438596491 1 0.6588084795321638 1
0 0.7821637426900585 0.9306469298245614 0.8963815789473686 0.9279057017543861 0.8863304093567251 1 0.7739400584795323 1