0 0.05939327485380119 0.12198464912280703 0.03289473684210527 0.2563048245614035 0 0.2563048245614035 0 0.12198464912280704
0 0.031980994152046804 0.2576754385964912 0.0018274853801169928 0.4002192982456141 2.5970129230997812e-17 0.2576754385964913
0 0.13797514619883047 0.8470394736842106 0.15625 0.6921600877192983 0.2997076023391813 0.6907894736842106 0.2887426900584795 0.8484100877192984
0 0.1571637426900585 0.6921600877192983 0.17361111111111116 0.542763157894737 0.3097587719298246 0.5413925438596491 0.2997076023391813 0.6907894736842105
0 0.17361111111111116 0.542763157894737 0.1854897660818714 0.40021929824561403 0.31889619883040937 0.40296052631578944 0.3088450292397661 0.5413925438596491
0 0.30975877192982454 0.5386513157894737 0.3188961988304094 0.40158991228070184 0.449561403508772 0.39747807017543857 0.4468201754385965 0.5372807017543859
0 0.3088450292397661 0.5413925438596491 0.44864766081871343 0.5400219298245615 0.44407894736842113 0.6907894736842106 0.2987938596491229 0.6907894736842106
0 0.2887426900584795 0.8484100877192983 0.2987938596491228 0.689418859649123 0.4449926900584797 0.6866776315789473 0.44316520467836257 0.8538925438596491
0 0.4440789473684211 0.8552631578947368 0.44407894736842113 0.6853070175438597 0.5482456140350878 0.6866776315789473 0.5509868421052633 0.8525219298245614
0 0.4440789473684211 0.6866776315789473 0.44773391812865504 0.5359100877192983 0.5455043859649122 0.5386513157894738 0.5473318713450294 0.6866776315789473
0 0.4468201754385965 0.5386513157894737 0.449561403508772 0.3947368421052633 0.5418494152046784 0.39473684210526316 0.542763157894737 0.5372807017543859
0 0.19462719298245615 0.2987938596491228 0.2074195906432749 0.18777412280701755 0.29696637426900585 0.19051535087719298 0.2905701754385965 0.29605263157894735
0 0.20833333333333334 0.18503289473684212 0.2211257309941521 0.07127192982456143 0.3088450292397661 0.07538377192982461 0.29605263157894735 0.19325657894736847
0 0.22203947368421054 0.07127192982456142 0.23117690058479537 0 0.31432748538011696 3.895519384649672e-17 0.3079312865497077 0.07675438596491227
0 0.30701754385964913 0.08634868421052633 0.31432748538011696 1.5582077538598687e-17 0.4276315789473686 0.0013706140350877348 0.42580409356725146 0.0918311403508772
0 0.29605263157894735 0.19736842105263158 0.3070175438596492 0.08360745614035091 0.42671783625730997 0.08908991228070176 0.42214912280701755 0.20285087719298245
0 0.2905701754385965 0.2974232456140351 0.2978801169590644 0.19325657894736842 0.42123538011695916 0.20010964912280707 0.4184941520467838 0.2946820175438597
0 0.41849415204678364 0.2974232456140351 0.42123538011695916 0.1987390350877194 0.5455043859649124 0.20285087719298245 0.5473318713450294 0.2974232456140351
0 0.4230628654970761 0.20010964912280707 0.4258040935672515 0.08634868421052634 0.5436769005847955 0.0904605263157895 0.5455043859649124 0.20285087719298248
0 0.42580409356725146 0.08908991228070177 0.42580409356725146 0 0.5409356725146199 0.0027412280701754775 0.5418494152046784 0.09046052631578949
0 0.6743421052631579 0.5386513157894737 0.6597222222222224 0.40296052631578944 0.7903874269005848 0.3947368421052632 0.8104897660818714 0.5263157894736842
0 0.6871345029239768 0.6866776315789475 0.6725146198830411 0.5359100877192984 0.8086622807017544 0.5249451754385966 0.8315058479532164 0.6825657894736842
0 0.6962719298245615 0.845668859649123 0.6834795321637428 0.683936403508772 0.8305921052631579 0.6770833333333334 0.8506944444444446 0.8484100877192984
0 0.8497807017543859 0.8511513157894737 0.8305921052631581 0.6784539473684211 0.97953216374269 0.674342105263158 1 0.8018092105263159 0.9996345029239768 0.8497807017543861
0 0.8305921052631579 0.6798245614035088 0.8114035087719298 0.5263157894736842 0.9530336257309941 0.5194627192982457 0.981359649122807 0.6743421052631579
0 0.8104897660818714 0.5263157894736842 0.7913011695906432 0.39336622807017546 0.9283625730994152 0.38651315789473684 0.9548611111111112 0.5208333333333334
0 0.9566885964912281 0.522203947368421 0.9292763157894739 0.38651315789473684 1 0.3837719298245615 0.9996345029239768 0.5194627192982457 0.9594298245614037 0.5235745614035088
0 0.9557748538011696 0.522203947368421 0.9996345029239768 0.5180921052631579 1 0.6729714912280702 0.9804459064327485 0.6743421052631579
0 0.6505847953216374 0.30153508771929827 0.6441885964912281 0.19736842105263158 0.7684576023391813 0.19325657894736842 0.7803362573099415 0.302905701754386
0 0.6505847953216374 0.19736842105263158 0.6405336257309941 0.08634868421052634 0.7574926900584797 0.08086622807017547 0.7702850877192984 0.19325657894736847
0 0.6405336257309941 0.08634868421052633 0.6295687134502924 0 0.7456140350877194 7.791038769299344e-18 0.7556652046783626 0.08086622807017543
0 0.7556652046783626 0.0836074561403509 0.7437865497076024 0.0013706140350877348 0.8616593567251462 0 0.8753654970760234 0.07675438596491228
0 0.7702850877192983 0.19599780701754385 0.7574926900584795 0.07949561403508774 0.8753654970760234 0.07675438596491228 0.8982090643274854 0.18777412280701755
0 0.7812500000000001 0.3015350877192983 0.7684576023391813 0.19325657894736842 0.8918128654970761 0.18777412280701758 0.9137426900584795 0.3001644736842105
0 0.9128289473684212 0.3001644736842105 0.8918128654970761 0.18777412280701763 0.97953216374269 0.18366228070175442 1 0.28371710526315796 1 0.30016447368421056
0 0.8982090643274854 0.18503289473684217 0.8744517543859649 0.07264254385964912 0.9594298245614035 0.07264254385964912 0.9831871345029242 0.1836622807017544
0 0.8744517543859651 0.07264254385964918 0.8607456140350878 0 0.9402412280701754 2.337311630789803e-17 0.9576023391812867 0.07401315789473688