0 0.043859649122807036 0.9361293859649122 0.019188596491228095 0.7908442982456141 2.5970129230997812e-17 0.7935855263157895 2.077610338479825e-17 0.9361293859649122
0 0.17635233918128657 0.6016995614035088 0.15899122807017543 0.43859649122807015 0.30610380116959063 0.4427083333333335 0.3179824561403509 0.600328947368421
0 0.179093567251462 0.6016995614035088 0.31889619883040937 0.5989583333333334 0.32894736842105265 0.7497258771929826 0.19188596491228066 0.7483552631578949
0 0.19462719298245615 0.7510964912280702 0.32894736842105265 0.7497258771929824 0.33808479532163743 0.8826754385964913 0.20741959064327486 0.8826754385964913
0 0.30610380116959063 0.4399671052631579 0.4550438596491229 0.43996710526315796 0.45778508771929827 0.5975877192982456 0.3170687134502924 0.5989583333333335
0 0.3198099415204678 0.5989583333333335 0.4577850877192983 0.5948464912280702 0.46144005847953223 0.6044407894736843 0.4641812865497076 0.746984649122807 0.32803362573099415 0.7497258771929826
0 0.3298611111111111 0.7524671052631579 0.46509502923976614 0.7442434210526317 0.46692251461988304 0.8813048245614037 0.33717105263157904 0.8813048245614037
0 0.4550438596491228 0.4399671052631579 0.5592105263157896 0.43722587719298245 0.5582967836257311 0.6030701754385965 0.4605263157894738 0.6044407894736842 0.4577850877192983 0.5962171052631579
0 0.4641812865497076 0.6044407894736843 0.561951754385965 0.6030701754385965 0.560124269005848 0.7524671052631579 0.4650950292397661 0.7538377192982456
0 0.4650950292397661 0.7524671052631579 0.5610380116959064 0.7510964912280703 0.560124269005848 0.884046052631579 0.46875 0.8881578947368423
0 0.6451023391812867 0.542763157894737 0.649671052631579 0.3865131578947368 0.7867324561403509 0.38651315789473684 0.7785087719298246 0.5413925438596491
0 0.7785087719298247 0.542763157894737 0.7867324561403509 0.38514254385964913 0.9292763157894737 0.38377192982456143 0.9173976608187137 0.5441337719298246
0 0.9164839181286549 0.5455043859649122 0.9301900584795323 0.38240131578947373 1 0.37966008771929827 0.9996345029239768 0.5427631578947368
0 0.6524122807017544 0.7099780701754386 0.6569809941520468 0.5592105263157896 0.7520102339181286 0.5592105263157896 0.7410453216374269 0.708607456140351
0 0.758406432748538 0.7209429824561403 0.7684576023391813 0.5715460526315791 0.9046052631578947 0.5605811403508771 0.8899853801169593 0.7127192982456141
0 0.8908991228070176 0.7072368421052632 0.9046052631578949 0.5578399122807018 1 0.5496162280701754 0.9996345029239766 0.699013157894737
0 0.6551535087719298 0.8607456140350878 0.6588084795321638 0.7236842105263159 0.7949561403508771 0.7236842105263159 0.7849049707602339 0.8607456140350879
0 0.7876461988304093 0.8607456140350878 0.7995248538011696 0.7209429824561403 0.9347587719298247 0.7195723684210528 0.9192251461988306 0.8593750000000001
0 0.9210526315789473 0.859375 0.9347587719298246 0.7195723684210528 1 0.7154605263157896 1 0.8552631578947368
0 0.6569809941520468 0.9512061403508771 0.7876461988304093 0.9512061403508771 0.7839912280701754 1 0.65515350877193 1
0 0.7922149122807017 0.9539473684210527 0.9237938596491229 0.9512061403508774 0.9173976608187137 1 0.7867324561403509 1
0 0.9247076023391813 0.9498355263157895 1 0.9484649122807017 1 1 0.9183114035087719 1