0 0.06122076023391815 0.47834429824561403 0.2065058479532164 0.4810855263157895 0.21929824561403513 0.6373355263157895 0.08315058479532164 0.6318530701754387
0 0.2065058479532164 0.4810855263157895 0.3499634502923977 0.4879385964912281 0.35910087719298245 0.6441885964912281 0.22021198830409358 0.6387061403508771
0 0.3517909356725146 0.4961622807017544 0.4577850877192983 0.49753289473684226 0.4596125730994153 0.6578947368421053 0.358187134502924 0.6565241228070177
0 0.0767543859649123 0.6400767543859649 0.2165570175438597 0.6428179824561405 0.22934941520467841 0.7839912280701755 0.09685672514619884 0.7812500000000001
0 0.21747076023391812 0.6400767543859649 0.35727339181286555 0.6428179824561405 0.3645833333333334 0.786732456140351 0.22934941520467841 0.7839912280701755
0 0.36001461988304095 0.6565241228070176 0.4586988304093567 0.6565241228070177 0.4614400584795322 0.7990679824561405 0.3664108187134504 0.796326754385965
0 0.0950292397660819 0.78125 0.22569444444444448 0.78125 0.24031432748538012 0.9114583333333334 0.11147660818713455 0.9059758771929824
0 0.23026315789473684 0.7853618421052632 0.3645833333333333 0.7881030701754387 0.3709795321637427 0.9169407894736843 0.24214181286549707 0.9114583333333335
0 0.3645833333333333 0.7949561403508771 0.4605263157894737 0.7990679824561405 0.4641812865497076 0.9292763157894738 0.37189327485380125 0.9265350877192984
1 0.5665204678362573 0.34676535087719296 0.5683479532163743 0.2713815789473685 0.626827485380117 0.2713815789473684 0.6240862573099415 0.34676535087719296
1 0.6240862573099415 0.34402412280701755 0.626827485380117 0.27001096491228077 0.7236842105263159 0.2727521929824562 0.7200292397660819 0.3440241228070176
1 0.7200292397660819 0.34402412280701755 0.7245979532163743 0.27412280701754393 0.8196271929824563 0.2727521929824561 0.8141447368421054 0.34265350877192985
1 0.5619517543859649 0.4152960526315789 0.5628654970760235 0.3453947368421053 0.6578947368421053 0.3440241228070176 0.6560672514619884 0.4125548245614036
1 0.6569809941520468 0.4139254385964912 0.6588084795321638 0.3440241228070176 0.7538377192982458 0.3426535087719299 0.7501827485380117 0.4152960526315789
1 0.7520102339181286 0.4166666666666667 0.7574926900584795 0.3426535087719299 0.8132309941520469 0.3426535087719299 0.8077485380116959 0.415296052631579
1 0.5656067251461988 0.4824561403508772 0.5665204678362574 0.4139254385964912 0.6204312865497077 0.4139254385964912 0.6186038011695907 0.4783442982456141
1 0.6186038011695907 0.47834429824561403 0.6204312865497076 0.41118421052631576 0.7136330409356725 0.4125548245614036 0.7099780701754386 0.48245614035087725
1 0.7099780701754386 0.4824561403508772 0.7127192982456141 0.4139254385964913 0.8068347953216376 0.4139254385964913 0.8040935672514622 0.48245614035087725
1 0.5610380116959064 0.5441337719298246 0.5646929824561404 0.4824561403508773 0.6533260233918129 0.47971491228070184 0.649671052631579 0.5413925438596493
1 0.649671052631579 0.5427631578947368 0.6533260233918129 0.47834429824561403 0.7447002923976609 0.4810855263157895 0.7419590643274854 0.5427631578947368
1 0.7437865497076024 0.546875 0.7474415204678363 0.4824561403508772 0.8022660818713451 0.4824561403508772 0.7986111111111112 0.5455043859649122
1 0.5619517543859649 0.600328947368421 0.561951754385965 0.5427631578947368 0.6131213450292398 0.542763157894737 0.6122076023391813 0.5989583333333335
1 0.6122076023391813 0.5989583333333334 0.6140350877192983 0.5413925438596491 0.7035818713450294 0.5413925438596493 0.700840643274854 0.5989583333333334
1 0.7008406432748538 0.5989583333333334 0.7044956140350878 0.5400219298245615 0.7940423976608189 0.5441337719298246 0.7894736842105263 0.6044407894736842
1 0.5473318713450294 0.7099780701754387 0.5491593567251463 0.6469298245614037 0.5994152046783626 0.649671052631579 0.5975877192982457 0.7072368421052632 0.5491593567251463 0.7086074561403509
1 0.5975877192982456 0.7058662280701754 0.5994152046783626 0.6483004385964912 0.6862207602339182 0.6537828947368421 0.6843932748538013 0.7058662280701754
1 0.6843932748538012 0.7058662280701754 0.6880482456140351 0.6537828947368421 0.7748538011695907 0.6592653508771931 0.7711988304093568 0.7099780701754387
1 0.5445906432748538 0.7593201754385965 0.5445906432748538 0.7072368421052633 0.6295687134502925 0.7072368421052632 0.628654970760234 0.7634320175438597
1 0.6323099415204678 0.7634320175438598 0.6359649122807017 0.7058662280701754 0.7227704678362573 0.7127192982456142 0.7172880116959064 0.767543859649123
1 0.7191154970760234 0.7620614035087719 0.7227704678362573 0.7058662280701755 0.7702850877192983 0.708607456140351 0.7648026315789476 0.7606907894736843
1 0.5464181286549707 0.8127741228070176 0.5455043859649124 0.7593201754385966 0.5930190058479533 0.7606907894736843 0.5921052631578948 0.8141447368421054
1 0.5939327485380117 0.8072916666666666 0.5948464912280702 0.7634320175438598 0.6779970760233918 0.7661732456140352 0.6779970760233918 0.8114035087719299
1 0.6770833333333334 0.8114035087719298 0.6807383040935673 0.767543859649123 0.7182017543859649 0.767543859649123 0.7191154970760234 0.7620614035087719 0.765716374269006 0.7634320175438598 0.758406432748538 0.8127741228070176
1 0.5418494152046783 0.8648574561403509 0.5418494152046784 0.8127741228070176 0.6231725146198831 0.8114035087719298 0.6231725146198831 0.8607456140350879
1 0.6240862573099415 0.8648574561403509 0.6259137426900585 0.8127741228070176 0.7099780701754386 0.8141447368421053 0.7054093567251464 0.8662280701754387
1 0.7072368421052632 0.8607456140350878 0.7099780701754386 0.8114035087719299 0.7574926900584795 0.8141447368421053 0.7538377192982456 0.859375
1 0.5445906432748538 0.9155701754385965 0.5436769005847953 0.8634868421052633 0.5911915204678364 0.8621162280701755 0.5921052631578948 0.9141995614035089
1 0.5921052631578947 0.903234649122807 0.5921052631578947 0.8593750000000001 0.672514619883041 0.8621162280701755 0.6716008771929824 0.9046052631578947
1 0.672514619883041 0.9046052631578949 0.672514619883041 0.8634868421052632 0.7063230994152049 0.8675986842105264 0.7063230994152048 0.8607456140350879 0.7565789473684212 0.8607456140350879 0.7529239766081871 0.9073464912280702 0.6734283625730995 0.9018640350877194