0 0.07766812865497078 0.9169407894736842 0.05756578947368422 0.7908442982456142 0 0.7935855263157896 0 0.9292763157894738
0 0.05939327485380119 0.7908442982456141 0.036549707602339214 0.6537828947368423 0 0.6578947368421054 0 0.7976973684210527
0 0.030153508771929825 0.6510416666666667 0.00639619883040938 0.5002741228070176 2.5970129230997812e-17 0.5002741228070176 0 0.6578947368421053
0 0.691703216374269 0.47286184210526316 0.6999269005847953 0.37417763157894746 0.8324195906432749 0.37417763157894735 0.8241959064327485 0.47149122807017546
0 0.8241959064327485 0.4701206140350877 0.8333333333333335 0.37417763157894746 0.9685672514619883 0.37417763157894735 0.9576023391812866 0.46875000000000006
0 0.9576023391812866 0.46875 0.9685672514619885 0.37006578947368424 1 0.36869517543859653 0.9996345029239768 0.4742324561403509
0 0.6935307017543859 0.5729166666666666 0.7017543859649122 0.4824561403508772 0.7775950292397661 0.4810855263157896 0.7684576023391813 0.571546052631579
0 0.7702850877192983 0.5564692982456142 0.779422514619883 0.4824561403508772 0.7730263157894737 0.4728618421052633 0.900950292397661 0.47149122807017546 0.8908991228070177 0.5564692982456141
0 0.8918128654970761 0.5550986842105263 0.9018640350877193 0.47012061403508765 1 0.4701206140350877 0.9987207602339181 0.5550986842105263
0 0.6798245614035088 0.6578947368421053 0.6871345029239767 0.5701754385964913 0.8168859649122808 0.5715460526315791 0.8086622807017544 0.6578947368421054
0 0.8104897660818714 0.6537828947368421 0.8177997076023392 0.5688048245614035 0.9493786549707603 0.5674342105263159 0.9375 0.6496710526315791
0 0.9393274853801171 0.6414473684210527 0.9493786549707602 0.5674342105263158 0.9411549707602339 0.5550986842105264 1 0.5550986842105264 0.9996345029239768 0.6400767543859649
0 0.6853070175438597 0.7483552631578947 0.6907894736842105 0.6633771929824562 0.762061403508772 0.6592653508771931 0.756578947368421 0.7401315789473686
0 0.7593201754385965 0.7332785087719298 0.7620614035087719 0.6551535087719299 0.8808479532163743 0.6537828947368423 0.8726242690058481 0.7277960526315791
0 0.8744517543859649 0.727796052631579 0.8835891812865498 0.6510416666666667 1 0.6414473684210528 0.9914108187134505 0.7209429824561405 0.8744517543859649 0.7264254385964913
0 0.6716008771929824 0.8209978070175439 0.6734283625730995 0.7442434210526317 0.7967836257309941 0.7401315789473685 0.7894736842105263 0.8127741228070176
0 0.7958698830409359 0.8223684210526315 0.8031798245614037 0.7442434210526315 0.9265350877192983 0.7415021929824562 0.9164839181286552 0.8182565789473686
0 0.9173976608187134 0.8100328947368421 0.9283625730994154 0.7442434210526317 0.92562134502924 0.7319078947368421 0.9914108187134505 0.7277960526315791 0.9795321637426903 0.8045504385964913
0 0.6752558479532164 0.9799890350877193 0.6798245614035088 0.9114583333333334 0.7456140350877195 0.9046052631578949 0.742872807017544 0.9703947368421054
0 0.7437865497076024 0.9539473684210527 0.7465277777777778 0.9032346491228072 0.8534356725146199 0.8950109649122808 0.8470394736842105 0.9416118421052632
0 0.847953216374269 0.9416118421052633 0.8543494152046786 0.8963815789473686 0.9630847953216374 0.8881578947368421 0.9530336257309941 0.9375000000000001
0 0.6578947368421053 0.9868421052631579 0.7785087719298246 0.9813596491228072 0.7766812865497076 1 0.6560672514619884 1
0 0.7803362573099415 0.981359649122807 0.899122807017544 0.9731359649122808 0.8963815789473686 1 0.7803362573099415 1
0 0.8982090643274856 0.9950657894736843 0.9000365497076025 0.971765350877193 0.8908991228070177 0.9484649122807016 0.9557748538011698 0.9416118421052632 0.9484649122807017 1
1 0.3389985380116959 0.7360197368421053 0.33534356725146197 0.6496710526315791 0.4139254385964912 0.6496710526315791 0.4166666666666667 0.7332785087719299
1 0.4157529239766082 0.7360197368421053 0.4130116959064328 0.6496710526315791 0.49250730994152053 0.6455592105263158 0.4943347953216375 0.7360197368421053
1 0.4934210526315789 0.7387609649122807 0.49250730994152053 0.6469298245614037 0.5473318713450294 0.6469298245614037 0.5455043859649122 0.7332785087719299
1 0.3399122807017544 0.7346491228070177 0.41758040935672525 0.7332785087719299 0.4194078947368421 0.8127741228070176 0.3435672514619883 0.8100328947368423
1 0.41666666666666674 0.7346491228070177 0.4925073099415205 0.7360197368421054 0.49342105263157904 0.8141447368421054 0.4184941520467837 0.8141447368421053
1 0.4934210526315789 0.7360197368421053 0.5445906432748538 0.7319078947368423 0.5445906432748538 0.8086622807017544 0.49342105263157904 0.8141447368421054
1 0.3444809941520468 0.8100328947368421 0.4194078947368421 0.8141447368421053 0.42123538011695916 0.8950109649122807 0.34539473684210525 0.8922697368421053
1 0.4194078947368421 0.8141447368421053 0.4961622807017544 0.8155153508771931 0.4952485380116959 0.8867872807017544 0.42214912280701755 0.8881578947368421
1 0.49433479532163743 0.8141447368421053 0.5455043859649122 0.8100328947368421 0.5464181286549709 0.8826754385964912 0.495248538011696 0.8840460526315791
2 0.3328339855445068 0.23820968934930786 0.37951192254160226 0.23820968934930786 0.3815413980632152 0.29528868839466915 0.3353708299465229 0.2968107950358788
2 0.3795119225416023 0.23820968934930786 0.41249089976781106 0.2389707426699127 0.4150277441698271 0.2975718483564837 0.381034029182812 0.29757184835648365
2 0.4135056375286175 0.24049284931112236 0.44546987699401985 0.2404928493111223 0.44851409027643907 0.2975718483564837 0.414520375289424 0.29757184835648365
2 0.44699198363522946 0.2397317959905175 0.47946359198103494 0.2397317959905175 0.48098569862224466 0.2945276350740644 0.44851409027643907 0.2952886883946692
2 0.48047832974184146 0.23668758270809825 0.5124425692072437 0.2359265293874934 0.5119352003268406 0.2945276350740644 0.4804783297418414 0.2945276350740643
2 0.3358781988269261 0.29757184835648365 0.36784243829232843 0.2983329016770885 0.3703792826943445 0.3569340073636594 0.3394297809897486 0.35541190072244977
2 0.3688571760531349 0.29757184835648365 0.4008214155185372 0.29757184835648365 0.4028508910401501 0.3569340073636594 0.3708866515747477 0.3569340073636594
2 0.4008214155185372 0.29757184835648365 0.43278565498393956 0.29757184835648365 0.43430776162514917 0.354650847401845 0.4028508910401501 0.35541190072244977
2 0.43329302386434276 0.29757184835648365 0.46576463221014824 0.29757184835648365 0.46677936997095465 0.354650847401845 0.43430776162514917 0.35465084740184494
2 0.46627200109055156 0.2952886883946692 0.5119352003268406 0.296049741715274 0.5114278314464374 0.35236768744003044 0.46728673885135796 0.3531287407606353
2 0.3409518876309582 0.3569340073636594 0.3856003491064408 0.3569340073636594 0.38712245574765036 0.41401300640902067 0.3434887320329743 0.41553511305023033
2 0.3856003491064408 0.3569340073636594 0.4165498508110368 0.35617295404305455 0.41908669521305275 0.41249089976781106 0.3876298246280537 0.41249089976781106
2 0.41705721969144 0.35465084740184494 0.4495288280372454 0.3538897940812402 0.45206567243926155 0.41172984644720634 0.41908669521305286 0.4117298464472062
2 0.45054356579805194 0.35312874076063533 0.48200043638305107 0.35465084740184494 0.48250780526345427 0.4117298464472062 0.45206567243926155 0.4094466864853919
2 0.48250780526345427 0.35465084740184494 0.5134573069680503 0.35465084740184494 0.5139646758484535 0.40944668648539184 0.48200043638305107 0.4109687931266015
2 0.3429813631525711 0.4162961663708351 0.3759603403787798 0.41553511305023033 0.3769750781395862 0.46804779217196274 0.3465329453153935 0.46804779217196274
2 0.3769750781395863 0.41401300640902067 0.4069098420833758 0.4132519530884159 0.40843194872458544 0.46652568553075313 0.3774824470199895 0.46880884549256757
2 0.407417210963779 0.4132519530884159 0.43988881930958457 0.4117298464472062 0.44039618818998777 0.46348147224833386 0.4094466864853918 0.4650035788895435
2 0.44039618818998777 0.4117298464472062 0.47236042765539005 0.41172984644720634 0.47236042765539005 0.4627204189277291 0.440903557070391 0.4627204189277291 0.43988881930958457 0.4155351130502304
2 0.47286779653579325 0.41172984644720634 0.5149794136092599 0.4094466864853919 0.5139646758484535 0.4634814722483338 0.47236042765539005 0.4634814722483338