2 0.31960375344009173 0.45372318568727316 0.32188663739323536 0.4040704597064018 0.3846659461046819 0.4023582967415441 0.3823830621515384 0.45201102272241556
2 0.3823830621515384 0.45201102272241556 0.3852366670929678 0.4023582967415441 0.4280407412144086 0.40150221525911534 0.42632857824955106 0.4502988597575579 0.3818123411632526 0.4528671042048444
2 0.42689929923783687 0.45201102272241556 0.4280407412144086 0.40321437822397294 0.47255697830070725 0.4023582967415442 0.4719862573124213 0.4502988597575579
2 0.3178915904752342 0.5008076672208582 0.32017447442837765 0.4528671042048443 0.3646907115146762 0.45201102272241556 0.36411999052639027 0.4973833412911429
2 0.3641199905263903 0.49909550425600047 0.36469071151467614 0.4511549412399867 0.41034839057754646 0.45286710420484444 0.4086362276126888 0.4990955042560005
2 0.4092069486009746 0.5008076672208582 0.41091911156583233 0.4511549412399868 0.47255697830070725 0.4528671042048443 0.47255697830070725 0.49995158573842924
2 0.3133258225689471 0.5504603932017296 0.31617942751037653 0.49995158573842935 0.38124162017496666 0.49995158573842924 0.3783880152335372 0.547892148754443
2 0.3789587362218232 0.547892148754443 0.3801001781983948 0.4990955042560005 0.4251871362729793 0.4990955042560005 0.42347497330812167 0.5461799857895855 0.37781729424525134 0.5470360672720143
2 0.42461641528469346 0.5487482302368719 0.4251871362729792 0.4990955042560005 0.47084481533584954 0.49995158573842935 0.4702740943475636 0.547892148754443
2 0.3150379855338048 0.5958327117704568 0.31846231146352005 0.5513164746841585 0.36469071151467614 0.5504603932017295 0.3618371065732468 0.5966887932528857
2 0.36297854854981854 0.5975448747353145 0.36411999052639027 0.5487482302368719 0.412060553542404 0.547892148754443 0.41034839057754646 0.5966887932528856
2 0.40977766958926054 0.5958327117704568 0.41263127453069 0.5470360672720143 0.47655202521870826 0.547892148754443 0.4771227462069942 0.5975448747353145
2 0.3127551015806613 0.6925699192849133 0.31503798553380474 0.6412050303391842 0.38124162017496666 0.6403489488567554 0.3789587362218231 0.6917138378024844 0.31503798553380474 0.6908577563200555
2 0.379529457210109 0.6925699192849131 0.38067089918668073 0.6394928673743264 0.4291821831909804 0.6386367858918977 0.4280407412144086 0.6908577563200555 0.3801001781983949 0.6908577563200555
2 0.4280407412144086 0.6917138378024844 0.4291821831909804 0.6394928673743264 0.47655202521870826 0.637780704409469 0.47541058324213653 0.6891455933551979
2 0.3030528447798013 0.6925699192849131 0.3509934077958151 0.6917138378024844 0.3498519658192434 0.7139719563456337 0.3013406818149437 0.712259793380776 0.30248212379151546 0.6968503266970573
2 0.3578420596552457 0.6917138378024844 0.4057826226712594 0.6900016748376266 0.40521190168297355 0.7131158748632048 0.3555591757021021 0.712259793380776
2 0.4057826226712594 0.6900016748376268 0.47598130423042245 0.6900016748376266 0.4748398622538507 0.712259793380776 0.4052119016829736 0.7131158748632048
2 0.29335058797894137 0.8261186305438085 0.2950627509437991 0.8021483490358018 0.3447154769246704 0.8021483490358018 0.34471547692467047 0.8303990379559528
2 0.3452861979129563 0.8286868749910952 0.34528619791295634 0.8021483490358018 0.39722180784697125 0.801292267553373 0.39550964488211365 0.8261186305438087
2 0.3955096448821136 0.8269747120262375 0.39779252883525706 0.801292267553373 0.4697033733592777 0.8004361860709442 0.4691326523709919 0.8278307935086664