0 0.6514985380116961 0.5482456140350878 0.6423611111111112 0.4152960526315791 0.8177997076023392 0.4084429824561403 0.8351608187134503 0.5482456140350879
0 0.8187134502923978 0.4070723684210527 0.9959795321637427 0.40021929824561403 1 0.4139254385964913 0.9996345029239766 0.5427631578947368 0.8360745614035088 0.5482456140350879
0 0.649671052631579 0.4098135964912281 0.6414473684210527 0.27412280701754393 0.7191154970760234 0.2754934210526316 0.7309941520467836 0.40707236842105265 0.649671052631579 0.4152960526315789
0 0.7337353801169593 0.4111842105263159 0.7191154970760234 0.2768640350877193 0.8826754385964912 0.2727521929824561 0.9055190058479532 0.4084429824561404
0 0.9073464912280702 0.4057017543859649 0.8826754385964914 0.2700109649122807 1 0.26589912280701755 0.9987207602339181 0.3974780701754387
0 0.6359649122807017 0.27960526315789475 0.6286549707602339 0.16173245614035095 0.7839912280701754 0.15625000000000006 0.7976973684210527 0.2741228070175439
0 0.7995248538011696 0.2713815789473684 0.7821637426900585 0.15213815789473684 0.9402412280701754 0.14802631578947367 0.9649122807017544 0.26726973684210525
0 0.9658260233918129 0.26589912280701755 0.9402412280701754 0.146655701754386 1 0.14391447368421054 1 0.2631578947368421
0 0.6368786549707602 0.14802631578947367 0.6323099415204678 0.03700657894736845 0.7035818713450293 0.03700657894736847 0.7108918128654973 0.1493969298245614
0 0.7136330409356725 0.15625 0.7035818713450293 0.03700657894736842 0.8470394736842105 0.03974780701754386 0.8616593567251462 0.15076754385964913
0 0.8607456140350878 0.15076754385964913 0.8470394736842107 0.041118421052631624 0.9923245614035088 0.04523026315789474 1 0.08634868421052631 1 0.14391447368421054