2 0.3855994152046784 0.2206688596491228 0.38194444444444453 0.14117324561403508 0.43037280701754393 0.13980263157894737 0.4331140350877193 0.2165570175438597
2 0.43128654970760244 0.21929824561403516 0.43128654970760244 0.13706140350877194 0.4961622807017544 0.1356907894736842 0.49616228070175444 0.2179276315789474
2 0.4961622807017544 0.21792763157894737 0.49616228070175444 0.1356907894736842 0.5619517543859649 0.13020833333333334 0.5619517543859649 0.21518640350877194
0 0.06122076023391815 0.7099780701754386 0.04111842105263158 0.5660635964912282 0 0.5674342105263159 0 0.7154605263157895
0 0.0411184210526316 0.5674342105263158 0.019188596491228064 0.4057017543859649 0 0.4057017543859649 0 0.5701754385964912
0 0.09685672514619885 0.8908991228070176 0.08040935672514622 0.777138157894737 0.0639619883040936 0.8004385964912282 0 0.7990679824561405 3.1164155077197375e-17 0.8881578947368423
0 0.11513157894736845 0.9991776315789473 0.09777046783625731 0.8881578947368421 0 0.8881578947368423 0.0027412280701754697 0.996436403508772 0.1160453216374269 0.9991776315789475
0 0.1708698830409357 0.44956140350877194 0.2960526315789474 0.4509320175438597 0.30884502923976614 0.625 0.1900584795321638 0.6236293859649124
0 0.29605263157894735 0.45230263157894735 0.423062865497076 0.4536732456140351 0.4303728070175439 0.6304824561403509 0.3070175438596492 0.6291118421052632
0 0.423062865497076 0.44819078947368424 0.5519005847953217 0.449561403508772 0.5509868421052632 0.6263706140350878 0.4294590643274854 0.6277412280701754
0 0.19188596491228074 0.6277412280701755 0.30701754385964913 0.6304824561403509 0.31889619883040937 0.7826206140350879 0.2065058479532164 0.78125
0 0.3088450292397661 0.6304824561403509 0.4303728070175439 0.6332236842105263 0.4367690058479532 0.7881030701754387 0.31889619883040937 0.7881030701754386
0 0.4303728070175439 0.6291118421052632 0.5528143274853802 0.6277412280701755 0.5509868421052633 0.7881030701754386 0.4358552631578948 0.7881030701754386
0 0.23026315789473684 0.884046052631579 0.33717105263157904 0.8826754385964912 0.3426535087719299 0.9731359649122808 0.24214181286549713 0.9758771929824562
0 0.33808479532163743 0.8813048245614035 0.447733918128655 0.8854166666666666 0.4504751461988305 0.9813596491228072 0.3444809941520468 0.9786184210526315
0 0.447733918128655 0.8867872807017544 0.5592105263157895 0.8867872807017545 0.558296783625731 0.982730263157895 0.45321637426900585 0.977247807017544 0.44864766081871343 0.8854166666666667
0 0.2430555555555556 0.9772478070175439 0.34539473684210525 0.9758771929824561 0.34630847953216376 1 0.2439692982456141 1
0 0.34630847953216376 0.9758771929824561 0.45230263157894735 0.9758771929824561 0.45230263157894746 0.9978070175438598 0.34813596491228077 1
0 0.4541301169590643 0.9758771929824561 0.5619517543859649 0.981359649122807 0.5619517543859649 1 0.45321637426900585 1
0 0.6551535087719298 0.39610745614035087 0.6578947368421053 0.22615131578947367 0.8077485380116959 0.21792763157894743 0.7986111111111112 0.39062500000000006
0 0.7995248538011696 0.3865131578947369 0.8095760233918129 0.2138157894736842 0.9594298245614037 0.21244517543859656 0.9457236842105264 0.38514254385964913
0 0.9521198830409356 0.3919956140350877 0.9713084795321639 0.21792763157894737 1 0.2165570175438597 0.9978070175438598 0.39199561403508776
0 0.6560672514619883 0.5619517543859649 0.6606359649122808 0.3974780701754387 0.804093567251462 0.3974780701754387 0.7949561403508771 0.5578399122807017
0 0.7967836257309944 0.5509868421052632 0.8077485380116959 0.39199561403508787 0.9530336257309941 0.39336622807017535 0.9375000000000001 0.5537280701754387 0.7967836257309944 0.5550986842105263
0 0.9402412280701756 0.5523574561403509 0.9557748538011696 0.3947368421052632 1 0.39473684210526316 1 0.5537280701754386
0 0.6533260233918129 0.7058662280701754 0.6578947368421054 0.561951754385965 0.7958698830409356 0.5592105263157895 0.7858187134502924 0.7017543859649122
0 0.788559941520468 0.7017543859649124 0.7986111111111112 0.5550986842105264 0.9375 0.5509868421052632 0.9228801169590645 0.699013157894737
0 0.9283625730994154 0.7031250000000001 0.9438961988304093 0.5550986842105263 1 0.5564692982456141 1 0.703125
0 0.6505847953216374 0.9004934210526315 0.6533260233918129 0.7949561403508774 0.78125 0.7908442982456141 0.7739400584795322 0.8991228070175439
0 0.7739400584795322 0.8963815789473685 0.7821637426900585 0.7935855263157895 0.9100877192982456 0.7908442982456142 0.899122807017544 0.8963815789473686
0 0.9000365497076024 0.9004934210526315 0.9110014619883041 0.7894736842105263 1 0.786732456140351 1 0.8374451754385966 0.9886695906432749 0.9046052631578947
0 0.6451023391812866 0.9964364035087719 0.6469298245614036 0.9004934210526315 0.7693713450292398 0.8991228070175439 0.7629751461988304 1
0 0.7648026315789473 1 0.7739400584795323 0.8908991228070176 0.8982090643274854 0.8922697368421053 0.8863304093567254 1
0 0.8872441520467836 1 0.9000365497076024 0.8977521929824561 0.9877558479532164 0.9004934210526315 0.9703947368421053 1