0 0.10416666666666669 0.02467105263157896 0.1854897660818714 0.028782894736842122 0.1982821637426901 0.19051535087719298 0.11787280701754387 0.18914473684210525
0 0.18640350877192985 0.027412280701754402 0.26864035087719296 0.02604166666666668 0.27869152046783624 0.190515350877193 0.19645467836257313 0.18914473684210525
0 0.27046783625731 0.024671052631578948 0.358187134502924 0.027412280701754402 0.36275584795321636 0.1946271929824562 0.2786915204678363 0.19325657894736842
0 0.35635964912280704 0.028782894736842122 0.5007309941520469 0.028782894736842136 0.49890350877192985 0.19188596491228072 0.3618421052631579 0.19462719298245615 0.3572733918128655 0.028782894736842136
0 0.10416666666666669 0.19325657894736842 0.2384868421052632 0.19599780701754385 0.24853801169590647 0.3495065789473684 0.11970029239766086 0.3481359649122807
0 0.23848684210526316 0.19599780701754385 0.3216374269005849 0.19736842105263164 0.32711988304093575 0.3481359649122808 0.247624269005848 0.34676535087719296
0 0.3216374269005849 0.19736842105263164 0.40752923976608185 0.19873903508771928 0.4084429824561405 0.3508771929824561 0.3280336257309941 0.3481359649122807
0 0.4066154970760234 0.19599780701754385 0.4888523391812866 0.19736842105263164 0.4906798245614035 0.3508771929824562 0.4111842105263159 0.3481359649122808
0 0.11604532163742692 0.34676535087719296 0.1927997076023392 0.3453947368421053 0.2028508771929825 0.4865679824561404 0.1315789473684211 0.48382675438596495
0 0.19279970760233922 0.3453947368421053 0.2741228070175439 0.34813596491228077 0.2823464912280702 0.4906798245614035 0.2028508771929825 0.48519736842105265
0 0.2732090643274854 0.3495065789473684 0.3545321637426901 0.35224780701754393 0.3591008771929825 0.493421052631579 0.28143274853801176 0.4934210526315789
0 0.35544590643274865 0.3495065789473685 0.489766081871345 0.3522478070175439 0.4906798245614035 0.4947916666666667 0.358187134502924 0.493421052631579 0.3536184210526316 0.3563596491228071
0 0.12426900584795328 0.4906798245614035 0.2512792397660819 0.4961622807017545 0.25950292397660824 0.625 0.13797514619883045 0.6167763157894738
0 0.2540204678362573 0.4947916666666668 0.3335160818713451 0.49890350877192985 0.3362573099415205 0.6277412280701754 0.26224415204678364 0.6222587719298246
0 0.33260233918128657 0.4975328947368421 0.41118421052631576 0.49890350877192996 0.41392543859649134 0.6263706140350878 0.33899853801169605 0.625
0 0.41209795321637427 0.4947916666666667 0.49159356725146197 0.4961622807017544 0.4906798245614036 0.625 0.4148391812865498 0.6236293859649124
0 0.15533625730994155 0.7442434210526315 0.22295321637426904 0.7469846491228072 0.22660818713450293 0.8086622807017545 0.16355994152046788 0.8100328947368421
0 0.2238669590643275 0.7483552631578949 0.29148391812865504 0.7510964912280702 0.2951388888888889 0.8059210526315791 0.22660818713450293 0.8045504385964913
0 0.291483918128655 0.7510964912280702 0.3636695906432749 0.752467105263158 0.3654970760233919 0.820997807017544 0.2969663742690059 0.8196271929824562
0 0.3645833333333333 0.7497258771929824 0.4851973684210527 0.7497258771929826 0.48519736842105265 0.8168859649122808 0.3691520467836258 0.8127741228070177
0 0.14711257309941522 0.8196271929824561 0.26224415204678364 0.8155153508771931 0.2741228070175439 0.9196820175438598 0.16081871345029244 0.9237938596491229
0 0.27046783625730997 0.8141447368421053 0.34173976608187145 0.820997807017544 0.34265350877192985 0.923793859649123 0.27595029239766083 0.9196820175438598
0 0.3508771929824561 0.8196271929824561 0.4184941520467837 0.8168859649122807 0.42397660818713456 0.9251644736842106 0.35635964912280704 0.9251644736842106
0 0.42214912280701755 0.8182565789473685 0.4925073099415205 0.8223684210526317 0.4934210526315789 0.9292763157894737 0.42489035087719307 0.9265350877192983
0 0.16630116959064328 0.9251644736842105 0.23026315789473684 0.923793859649123 0.2430555555555556 1 0.17817982456140355 0.9991776315789473
0 0.23848684210526316 0.9210526315789473 0.3033625730994152 0.9224232456140351 0.3088450292397661 1 0.2448830409356725 1
0 0.30153508771929827 0.9251644736842105 0.3737207602339182 0.9292763157894738 0.3755482456140351 1 0.3088450292397661 0.9964364035087719
0 0.37646198830409355 0.9251644736842105 0.489766081871345 0.9279057017543861 0.4906798245614036 0.9991776315789473 0.3782894736842106 0.9991776315789473
0 0.5747441520467836 0.6428179824561403 0.5765716374269007 0.45641447368421056 0.7127192982456141 0.46326754385964924 0.7017543859649125 0.649671052631579
0 0.7026681286549707 0.6455592105263158 0.7118055555555556 0.45778508771929827 0.8516081871345029 0.4605263157894737 0.8342470760233918 0.6524122807017544
0 0.8360745614035088 0.649671052631579 0.8506944444444444 0.46052631578947373 0.9932383040935674 0.4605263157894737 0.9685672514619883 0.6524122807017544
0 0.5683479532163743 0.8100328947368423 0.5701754385964914 0.6455592105263159 0.7008406432748538 0.649671052631579 0.6907894736842105 0.8182565789473685
0 0.691703216374269 0.8141447368421053 0.7017543859649125 0.6469298245614037 0.834247076023392 0.6496710526315791 0.8177997076023393 0.820997807017544
0 0.8187134502923976 0.8182565789473685 0.8333333333333335 0.6483004385964913 0.9676535087719298 0.6510416666666666 0.942982456140351 0.8223684210526317
0 0.5747441520467836 1 0.5738304093567251 0.9141995614035088 0.6944444444444445 0.9196820175438595 0.6889619883040936 1
0 0.6907894736842107 0.9978070175438598 0.6944444444444445 0.9128289473684211 0.8177997076023392 0.912828947368421 0.8086622807017544 1
0 0.8077485380116959 0.9991776315789473 0.8177997076023393 0.9114583333333334 0.9311038011695908 0.9169407894736842 0.918311403508772 1