0 0.2741228070175439 0.8497807017543861 0.3371710526315789 0.8429276315789473 0.34173976608187145 0.899122807017544 0.27777777777777785 0.908717105263158
1 0.5430980924528418 0.8832021437921623 0.5425045426250245 0.8199890871296185 0.623227319208179 0.8190987623878925 0.6220402195525444 0.8840924685338883
1 0.6244144188638137 0.8182084376461665 0.6683371061222948 0.8155374634209887 0.6653693569832082 0.8787505200835325 0.623227319208179 0.8814214943087104
1 0.6677435562944775 0.8164277881627147 0.7116662435529588 0.8128664891958106 0.7086984944138721 0.8760795458583547 0.6659629068110257 0.8778601953418065
1 0.712259793380776 0.8137568139375366 0.7526211816723533 0.8110858397123588 0.7490598827054495 0.8716279221497247 0.7098855940695068 0.8716279221497247 0.7122597933807762 0.8190987623878925
1 0.7110726937251414 0.8128664891958106 0.7140404428642282 0.7478727830498149 0.7591502297783437 0.7460921335663628 0.7549953809836227 0.8110858397123587
1 0.6677435562944775 0.8137568139375366 0.6707113054335642 0.746982458308089 0.7152275425198626 0.746982458308089 0.7110726937251414 0.8128664891958106
1 0.6244144188638137 0.8182084376461665 0.6273821680029001 0.746982458308089 0.6695242057779294 0.7460921335663631 0.6677435562944776 0.8146471386792625
1 0.5448787419362937 0.8199890871296185 0.5448787419362937 0.7487631077915409 0.6279757178307177 0.7487631077915409 0.623227319208179 0.8208794118713445
1 0.5430980924528418 0.7487631077915408 0.5436916422806591 0.6757564789700112 0.5490335907310149 0.6757564789700112 0.5508142402144669 0.6819887521620931 0.5888014291947749 0.6828790769038189 0.5876143295391403 0.7505437572749928
1 0.5876143295391403 0.7487631077915408 0.5882078793669576 0.6828790769038189 0.6339112161088907 0.6810984274203671 0.6333176662810734 0.746982458308089
1 0.6327241164532561 0.7452018088246369 0.6333176662810734 0.6819887521620932 0.6802081026786412 0.6802081026786412 0.6766468037117372 0.746982458308089
1 0.6772403535395546 0.746982458308089 0.6808016525064585 0.6802081026786412 0.765085728056517 0.6775371284534633 0.7603373294339786 0.746092133566363
1 0.5484400409031975 0.625007968691631 0.5520013398701014 0.5493303656449234 0.5977046766120345 0.5511110151283755 0.5953304773007653 0.6267886181750829
1 0.594736927472948 0.6267886181750829 0.5977046766120345 0.5493303656449235 0.6445951130096024 0.5502206903866494 0.642220913698333 0.6258982934333569 0.5965175769564 0.6276789429168089
1 0.6422209136983331 0.6250079686916309 0.6445951130096024 0.5493303656449235 0.6897048999237183 0.5484400409031976 0.6873307006124489 0.625007968691631
1 0.6891113500959009 0.6294595924002607 0.6926726490628048 0.5520013398701015 0.7787373740963152 0.5493303656449235 0.7739889754737767 0.6250079686916309
2 0.4956141062274567 0.3961945100680567 0.4950205563996394 0.32496853072997905 0.46118821621405254 0.325858855471705 0.46237531586968716 0.40064613377668645
2 0.4950205563996394 0.325858855471705 0.49620765605527395 0.2519619019084496 0.4641559653531391 0.25107157716672357 0.46237531586968716 0.326749180213431
2 0.46118821621405254 0.3979751595515087 0.4950205563996394 0.3979751595515087 0.49620765605527395 0.46296886569750445 0.46356241552532174 0.46296886569750445
2 0.32942015443860895 0.3997558090349606 0.3264524052995224 0.326749180213431 0.3620653949685611 0.326749180213431 0.3644395942798304 0.3979751595515087
2 0.3638460444520131 0.3988654842932346 0.36147184514074393 0.326749180213431 0.3947106354985134 0.32763950495515703 0.39649128498196534 0.3988654842932346
2 0.3953041853263307 0.3970848348097826 0.39411708567069603 0.32942015443860895 0.427949425856283 0.32852982969688294 0.4297300753397349 0.3979751595515086
2 0.4309171749953696 0.39619451006805667 0.4297300753397349 0.326749180213431 0.4617817660418698 0.325858855471705 0.4623753158696871 0.3979751595515086
2 0.32704595512733964 0.32496853072997905 0.3252653056438877 0.2537425513919015 0.3590976458294746 0.25285222665017554 0.3626589447963785 0.32852982969688305 0.3282330547829743 0.32942015443860895
2 0.3626589447963785 0.325858855471705 0.3596911956572919 0.2519619019084496 0.3935235358428788 0.2519619019084496 0.3953041853263307 0.32852982969688294
2 0.39589773515414806 0.326749180213431 0.39411708567069603 0.25107157716672357 0.4297300753397349 0.25107157716672357 0.42913652551191755 0.325858855471705 0.3970848348097826 0.32852982969688305
2 0.42913652551191755 0.326749180213431 0.42913652551191755 0.2519619019084495 0.46237531586968716 0.25107157716672357 0.4617817660418698 0.325858855471705
2 0.3323879035776955 0.46653016466440833 0.3306072540942436 0.3988654842932346 0.3650331441076477 0.3988654842932346 0.3662202437632824 0.46653016466440833 0.33238790357769554 0.4656398399226824
2 0.3662202437632823 0.46742048940613434 0.3644395942798304 0.39886548429323454 0.39767838463759997 0.4006461337766865 0.39827193446541725 0.4656398399226824
2 0.39767838463759997 0.4656398399226824 0.39649128498196534 0.3988654842932346 0.43032362516755224 0.3988654842932346 0.43151072482318686 0.4647495151809563
2 0.43151072482318686 0.46385919043923046 0.43032362516755224 0.3961945100680567 0.46296886569750445 0.3979751595515086 0.46356241552532174 0.4647495151809563
2 0.4647495151809563 0.6223369944664531 0.46296886569750445 0.5644658862542651 0.49442700657182204 0.5635755615125392 0.4938334567440048 0.6223369944664531
2 0.3418847008227725 0.625007968691631 0.33772985202805134 0.5635755615125392 0.3685944430745516 0.5644658862542651 0.37215574204145546 0.6232273192081791
2 0.37215574204145546 0.6223369944664531 0.36859444307455164 0.5644658862542651 0.40123968360450385 0.5635755615125391 0.40242678326013853 0.6205563449830012
2 0.40242678326013853 0.6214466697247271 0.40005258394886917 0.5617949120290869 0.4321042746510042 0.5617949120290872 0.4350720237900907 0.6223369944664532
2 0.43447847396227335 0.6205563449830012 0.4321042746510042 0.5635755615125392 0.46356241552532174 0.5635755615125391 0.4647495151809563 0.6214466697247272
2 0.33951050151150325 0.5635755615125392 0.33594920254459937 0.5030334790751732 0.367407343418917 0.5021431543334471 0.3697815427301862 0.5626852367708132
2 0.36859444307455164 0.5635755615125391 0.36681379359109967 0.5030334790751732 0.40005258394886917 0.5003625048499952 0.4006461337766865 0.5626852367708132
2 0.4006461337766865 0.5600142625456352 0.39945903412105194 0.5012528295917211 0.4326978244788215 0.5012528295917211 0.43388492413445606 0.5600142625456351
2 0.43388492413445606 0.561794912029087 0.4321042746510042 0.5021431543334471 0.4623753158696871 0.5021431543334471 0.46356241552532174 0.5609045872873611
2 0.4623753158696871 0.5635755615125391 0.46237531586968716 0.5021431543334471 0.4956141062274567 0.49769153062481725 0.49502055639963943 0.564465886254265
2 0.3454459997896764 0.684659726387271 0.34247825065058984 0.6258982934333569 0.37393639152490743 0.6267886181750829 0.3757170410083593 0.683769401645545
2 0.3763105908361767 0.6819887521620931 0.37393639152490743 0.6250079686916309 0.40242678326013853 0.625007968691631 0.40420743274359033 0.6828790769038191
2 0.4042074327435904 0.6819887521620931 0.40242678326013853 0.625007968691631 0.43566557361790803 0.625007968691631 0.4368526732735427 0.6810984274203672
2 0.43744622310136005 0.6802081026786412 0.43566557361790803 0.6205563449830012 0.4647495151809564 0.6232273192081791 0.46653016466440833 0.6810984274203672 0.4392268725848119 0.681988752162093
2 0.4671237144922257 0.6793177779369152 0.4659366148365911 0.6232273192081791 0.49502055639963927 0.6223369944664532 0.4950205563996394 0.6828790769038191
2 0.5419109927972072 0.4291365255119176 0.5413174429693898 0.3445556750479504 0.6000788759233038 0.3392137265975946 0.6000788759233038 0.42646555128673963 0.537756144002486 0.43091717499536947
2 0.6000788759233038 0.42557522654501373 0.6000788759233038 0.34188470082277245 0.6588403088772179 0.34099437608104655 0.6570596593937659 0.4237945770615618 0.6018595254067558 0.42646555128673963
2 0.6576532092215832 0.4229042523198357 0.6582467590494007 0.3418847008227725 0.7116662435529588 0.3374330771141426 0.710479143897324 0.4211236028363839