0 0.005847919754117636 0.1896929845475314 0.0865086044681766 0.1916933429207751 0.0996643371894563 0.35627020066753057 0.02219177568151698 0.34968714309928417
0 0.08442979109914688 0.1896929845475314 0.16836633586831629 0.19169334292077528 0.181522068589596 0.3584645252875735 0.10112606048685632 0.3584645252875733
0 0.16849411858452698 0.1896929845475314 0.24876234397105562 0.1916933429207753 0.2604563533949353 0.35627020066753057 0.18006034529219578 0.3584645252875735
0 0.2489034753096732 0.19243421261770682 0.35693154081375517 0.19608207586897908 0.36716371541789533 0.36065893361573464 0.25899463009753515 0.3562702006675307
0 0.3548976273564568 0.19517544068788228 0.4680241842512545 0.19608207586897908 0.46948590754865455 0.36285325823577724 0.35985498740855537 0.3584645252875735
0 0.027777744315521144 0.3486842126177068 0.13620797723615596 0.3496871430992843 0.15374887984963617 0.5010978020014281 0.04850324112407642 0.5010978020014281
0 0.13925435250265564 0.3541666687580577 0.22683615994303577 0.3540758760474881 0.23999189266431564 0.5032922103295893 0.1537488798496364 0.5032922103295894
0 0.22331867998803576 0.3541666687580577 0.2999234400364354 0.3562702006675307 0.311617449460315 0.5076809432777931 0.22975971806017523 0.5032922103295893
0 0.300073065952948 0.3541666687580577 0.38616645285111467 0.35627020066753057 0.3876281761485152 0.5120695925178784 0.3028469981535749 0.5076809432777932
0 0.38048242267809423 0.3541666687580577 0.4680241842512545 0.35846452528757333 0.4665624609538541 0.5098752678978357 0.38324300625631424 0.5098752678978358
0 0.051535054257041614 0.49945175647735596 0.1303609725242164 0.5010978020014281 0.14059314712835666 0.6371480211470361 0.06458242044015679 0.6327592881988324
0 0.13194441098218782 0.49945175647735596 0.20052480602281555 0.5032922103295892 0.21221870392435602 0.6371480211470361 0.1405931471283565 0.6393424294751975
0 0.19906297120307603 0.49890347738138535 0.27799725600841574 0.5054865349496318 0.289691265432295 0.6393424294751974 0.20637169921241605 0.6371480211470361
0 0.27814324139154456 0.5049342126177069 0.38031944813917495 0.5032922103295892 0.3876281761485152 0.6437310787152828 0.28676770731515566 0.6393424294751975
0 0.3786549372979773 0.5021929845475314 0.4841033635673346 0.505486534949632 0.48410336356733474 0.6437310787152828 0.3817811714365753 0.6459254870434438
0 0.06432745191786032 0.631030703845777 0.1581341612641758 0.6327592881988323 0.17421334058025603 0.762226617192431 0.08504688117077643 0.7556433922079477
0 0.15752920630382525 0.6365131599861279 0.2531476253855955 0.6393424294751974 0.2633797999897356 0.7688095073444405 0.16982805916571653 0.7644207743962366
0 0.25073096068979017 0.6365131599861279 0.32769662877639527 0.6393424294751974 0.3320819101909348 0.766615182724398 0.26045635339493534 0.7644207743962366
0 0.32565786127458546 0.6365131599861279 0.4051691902843342 0.6437310787152827 0.4080926368791348 0.7710039156726015 0.33208191019093486 0.7622266171924311
0 0.40241224723949776 0.6365131599861279 0.48117991697253415 0.6437310787152827 0.481179916972534 0.775392564912687 0.4066309135817344 0.7710039156726016
0 0.6290204343740007 0.6885964933194613 0.6448953797728133 0.4879316868649348 0.7998403912663529 0.49670915276134264 0.7779142072383329 0.7051731725738996
0 0.7770467501634742 0.7023026336703384 0.801302226086092 0.5010978020014278 0.9562473491019703 0.5120695925178785 0.9284740488396716 0.7183394551266298
0 0.9287280367131818 0.7050438617405138 0.9591707956967706 0.501097802001428 1 0.5032922103295894 1 0.709561821813985
0 0.618055522093299 0.8612938617405138 0.6258927538619332 0.6876182407810841 0.7764525954632716 0.6942013820574493 0.7530645766155132 0.8697500303206548
0 0.7532894402219538 0.8695175459510401 0.7764525954632718 0.7007844396256957 0.916780039415792 0.7117562301421461 0.8875451273784325 0.8785274125089444
0 0.8890069621981714 0.8807217371289867 0.918241874235531 0.7161449630903501 0.9226271556500711 0.7161449630903501 0.9299358836594108 0.7051731725738994 1 0.7073676646101794 0.9986378823382711 0.8741387632688589
0 0.1066279876917706 0.9339422409501636 0.09539545925872225 0.8333264506335006 0.1653866345186227 0.8430753216093131 0.1762100155413225 0.937313374691801
0 0.1742853507689797 0.9352953882117077 0.1639435390691545 0.8419920586288699 0.23321316660432076 0.8474080429656349 0.24187184940225556 0.9416461786894855 0.168994428192856 0.940562998350405
0 0.24194271384618884 0.9393548299963402 0.2332131666043207 0.8463248213058733 0.30320434186422107 0.8495744036437961 0.3111414769374217 0.9438125393676465
0 0.3105021750977607 0.9461205663040612 0.30176124641475294 0.8484913059460782 0.39123454054585066 0.8549903879805613 0.39484233422008364 0.9470621630262507
0 0.3952994034878627 0.9447674190425172 0.3890698423210854 0.8539072902828435 0.4807078346769481 0.8593232746196086 0.48142932735111965 0.9470621630262507
0 0.11023638038922176 0.9312359464270754 0.19208428568772382 0.9362301943527204 0.2007430235362213 1 0.12137156270308935 1
0 0.19142521608187268 0.9380016827347962 0.2743419924703549 0.9416461786894855 0.2801144843693532 1 0.1992998730361903 1
0 0.27261405177452364 0.9407079772578846 0.3421685245560529 0.9481453433653314 0.34577631823028615 0.9979723827352984 0.2808360320940873 1
0 0.3420756112004582 0.9447674190425172 0.41071660436648494 0.9481453433653312 0.41288130259125 1 0.34577631823028626 1
0 0.4079287779289418 0.9447674190425172 0.4771000410027147 0.9481453433653312 0.4807078346769481 1 0.4150459457654524 1
2 0.5342324066340575 0.159807353100181 0.5353560784292529 0.10033804178287518 0.6093233193647296 0.09802473333559183 0.6093233193647295 0.15759248927980576
2 0.6084045955808463 0.15908489671433562 0.6093233193647296 0.09686809565803732 0.6844463103803009 0.09224145670202102 0.6836758299215346 0.15238753148501216
2 0.6845033348898893 0.15186033285588219 0.6852167908390668 0.09397645734125193 0.7275938626940046 0.09050646709351494 0.7264381713978009 0.1477609145904455
2 0.5422904907339845 0.2131119361375054 0.5434462408140792 0.15759248927980574 0.5842823223595391 0.15585748864057486 0.5831266016713899 0.21253361729872816 0.5442167212728453 0.2131119361375054
2 0.5823961656904139 0.21254666926689122 0.583511841900773 0.15585748864057483 0.6555528522973887 0.15296585032378945 0.6555528522973887 0.20675034066515735
2 0.6556050794560756 0.20604456179428313 0.6551676120680057 0.15354419122401627 0.729905362854194 0.14602594704338898 0.7283644019366616 0.203858702348372
2 0.5419052505046015 0.2640047661006384 0.5419052505046014 0.21311193613750537 0.6139462902931627 0.20906363808171596 0.6131757804424511 0.2518598939947196 0.5611675558932094 0.2512815751559423 0.5603970754344433 0.2663180855786465 0.5446019908941738 0.26747474531765053
2 0.6127393338959183 0.2515593141025399 0.6135610206718342 0.20848531924293873 0.6859873300817241 0.20501534002592647 0.6856020604603955 0.25243821283349677
2 0.6849849724804529 0.25372668326007597 0.6856020604603955 0.20385870234837197 0.7291348823954279 0.20212370170914112 0.7260529017764723 0.25243821283349677