0 0.1736111111111111 0.5043859649122807 0.338998538011696 0.503015350877193 0.32986111111111116 0.7387609649122807 0.14985380116959066 0.7401315789473686
0 0.17452485380116958 0.5043859649122807 0.15076754385964913 0.7387609649122808 0 0.7360197368421054 4.15522067695965e-17 0.4975328947368421
0 0.089546783625731 0.2974232456140351 0.06030701754385971 0.5030153508771931 0 0.5016447368421053 0 0.29742324561403516
0 0.089546783625731 0.29468201754385964 0.2448830409356726 0.29605263157894735 0.22752192982456146 0.5016447368421053 0.06030701754385963 0.5002741228070176
0 0.2448830409356725 0.2987938596491228 0.35270467836257324 0.2987938596491228 0.3399122807017544 0.5043859649122807 0.22843567251461988 0.5057565789473685
0 0.0758406432748538 0.11787280701754388 0.04568713450292402 0.3001644736842105 0 0.3001644736842105 0 0.11376096491228073
0 0.07492690058479533 0.11513157894736843 0.21929824561403513 0.11513157894736845 0.20285087719298245 0.29605263157894735 0.0447733918128655 0.29879385964912286
0 0.22112573099415206 0.11787280701754388 0.36275584795321636 0.11513157894736842 0.35544590643274854 0.29879385964912286 0.20376461988304093 0.2974232456140351
0 0.11695906432748542 0.11787280701754388 0.13249269005847955 0 0.0036549707602339387 7.791038769299344e-18 0 0.010964912280701762 0 0.1137609649122807
0 0.11787280701754387 0.11650219298245616 0.13249269005847958 0 0.266812865497076 0 0.2549342105263158 0.11376096491228073
0 0.2567616959064328 0.11787280701754388 0.2658991228070176 0 0.36275584795321647 0 0.35910087719298256 0.1069078947368421
0 0.4961622807017544 0.5564692982456141 0.7264254385964912 0.5496162280701755 0.73921783625731 0.7346491228070177 0.49707602339181284 0.7401315789473685
0 0.7264254385964912 0.5523574561403509 0.9548611111111112 0.5455043859649122 0.9813596491228072 0.7319078947368423 0.7364766081871347 0.7346491228070177
0 0.49798976608187134 0.38514254385964913 0.7136330409356726 0.381030701754386 0.7245979532163743 0.552357456140351 0.4952485380116959 0.5578399122807017
0 0.7136330409356725 0.38103070175438597 0.9311038011695908 0.3769188596491228 0.9548611111111113 0.5482456140350878 0.7236842105263159 0.5523574561403509
0 0.49890350877192985 0.22889254385964913 0.7063230994152049 0.22478070175438597 0.7163742690058481 0.38240131578947373 0.4989035087719299 0.38514254385964913
0 0.7063230994152047 0.22478070175438597 0.9137426900584795 0.22203947368421056 0.9320175438596491 0.3782894736842105 0.714546783625731 0.381030701754386
0 0.5025584795321637 0.08908991228070177 0.6999269005847955 0.08223684210526319 0.7090643274853802 0.22615131578947373 0.5007309941520468 0.23026315789473684
0 0.6999269005847953 0.08223684210526318 0.8982090643274856 0.07949561403508772 0.9137426900584797 0.22203947368421056 0.7081505847953218 0.22615131578947373 0.702668128654971 0.08086622807017547
0 0.5025584795321637 0.08908991228070177 0.5034722222222223 0 0.695358187134503 0 0.6999269005847955 0.08497807017543862
0 0.6990131578947368 0.08634868421052633 0.6926169590643275 0 0.889985380116959 0 0.8982090643274854 0.08086622807017543