0 0.037698614056293565 0.4493810071921593 0.19177639225300683 0.44629430205960186 0.20178321642340233 0.5354257163742216 0.0516808538674693 0.5374286768021455 0.03633708734460008 0.45530760488361244
0 0.19116206087836538 0.44687888577658197 0.2771679788659846 0.4462943020596018 0.28850902590016364 0.5344242552619061 0.20178321642340238 0.5354257163742216
0 0.2770682294798513 0.44562782506879334 0.3652280112065293 0.4412869200914388 0.3712321158882346 0.5314197955183741 0.2865076916044884 0.5314197955183741 0.27850220172976814 0.4543061437712968
0 0.06021770679648888 0.5369552567373633 0.14040804853724564 0.538430137914461 0.15174909557142469 0.6205512862395792 0.07169450220826039 0.6205512862395791
0 0.13945155162310208 0.5357041960295746 0.22646674658211513 0.5324212948339823 0.23513929699138744 0.6155439042714161 0.15174909557142469 0.6175467882927546
0 0.22702580116830615 0.5319510139062088 0.37523483537692487 0.5304183344060586 0.3805718286267384 0.615543904271416 0.23647357075251071 0.6195497487206784
0 0.07439639481809336 0.6182742027436243 0.21779414527550317 0.615543904271416 0.22646674658211513 0.6956620157620252 0.08770543106036124 0.6996678602112876
0 0.2186853964497153 0.6170231420358356 0.29918301239979067 0.6145423667525153 0.30718845137717116 0.6956620157620252 0.22579963515022344 0.6966634004677558
0 0.29985012383168236 0.6145423667525153 0.3785704434337234 0.6135408674369071 0.38390743668353694 0.6916560184995926 0.3058542285133877 0.6936589789275163
0 0.09107720425527507 0.6970910273343079 0.16909429818464874 0.6966634004677557 0.17910112235504425 0.7657653251130158 0.10304924848057023 0.7687697084499626
0 0.167808927666311 0.6945889059187307 0.24648039492290624 0.6936589789275163 0.2551529453321785 0.7657653251130158 0.17776684859392106 0.764763787594115
0 0.24537469154920605 0.6945889059187307 0.38657593330844375 0.6906546337938623 0.3912457642290258 0.7617594042571683 0.2531516110365033 0.7667667862253312
0 0.11526437793918856 0.8347077051910571 0.18643944990053302 0.8300120395284427 0.1937777774460218 0.8870962780127455 0.12373000825325307 0.8901006231463996
0 0.18782589899092905 0.8284524016521139 0.2578214419570853 0.8270076943947887 0.26449265807068234 0.8860947404938447 0.19244355458223833 0.8860947404938447
0 0.2587193390989514 0.8259502802365366 0.38991154136524214 0.8220003124266255 0.3945813722858242 0.8810873585256818 0.26449265807068223 0.8880976627184759
0 0.12193670171406125 0.8885033156259681 0.24981600297970477 0.8860947404938447 0.258488553388977 0.9451818247961936 0.13507105528743216 0.9481862845397254
0 0.24871085343664237 0.8860011942103908 0.3218651064681487 0.8850932411782365 0.3285363225817458 0.9501892067643566 0.258488553388977 0.949187745652041
0 0.32294045543210104 0.8847501335026022 0.3932471494220407 0.8820888960445824 0.39791698034262274 0.9471848234274097 0.32786921114985407 0.9521922053955729 0.3238664916611639 0.896109504430171
0 0.13027710643265214 0.9535584724309768 0.1991147706958353 0.952192205395573 0.20845443253699933 1 0.13974093710535396 0.9992615653336717
0 0.19950246559695634 0.9498052903076108 0.2704967627523876 0.9491877456520409 0.27783509029787634 1 0.2077873211051076 1
0 0.2728980271205559 0.9485542295998223 0.39524848371771604 0.94718482342741 0.4012525883994213 1 0.27716797886598465 1
1 0.14862599681355204 0.21918583695905142 0.20578598680943228 0.2149265495439193 0.21245720292302936 0.2820254755579632 0.15908747401425322 0.2860313964138106
1 0.20450670842811083 0.21543265483568552 0.26382554663879054 0.21392508843160374 0.2678282661274808 0.27801959290540823 0.21045581773001437 0.2790211304243089
1 0.26288954145824683 0.20667522988116513 0.36856361926332787 0.2019073640673538 0.37056500445634294 0.2720107116216369 0.26782826612748084 0.27801959290540823