0 0.6469298245614035 0.39747807017543857 0.6569809941520469 0.27001096491228077 0.7757675438596491 0.27686403508771934 0.7638888888888888 0.40296052631578955
0 0.7629751461988304 0.4057017543859649 0.7766812865497078 0.2796052631578948 0.9018640350877193 0.28508771929824567 0.8854166666666666 0.4125548245614035
0 0.8872441520467836 0.4194078947368421 0.9064327485380117 0.28782894736842113 1 0.2987938596491228 0.9987207602339181 0.42626096491228077
0 0.6414473684210527 0.5235745614035088 0.6469298245614037 0.4057017543859649 0.8598318713450293 0.42351973684210525 0.8442982456140351 0.5413925438596492
0 0.8442982456140351 0.5400219298245614 0.8598318713450294 0.4221491228070175 0.988669590643275 0.4331140350877194 0.965826023391813 0.5550986842105263
0 0.9649122807017544 0.5550986842105263 0.9895833333333335 0.43174342105263164 1 0.4331140350877193 1 0.5592105263157895
0 0.6359649122807017 0.6277412280701754 0.6432748538011698 0.522203947368421 0.7538377192982458 0.533168859649123 0.742872807017544 0.640076754385965
0 0.7428728070175439 0.6387061403508771 0.7529239766081871 0.5331688596491229 0.8680555555555556 0.5441337719298246 0.8534356725146199 0.6537828947368421
0 0.8552631578947368 0.6551535087719298 0.8717105263157896 0.5413925438596493 1 0.5564692982456141 0.9996345029239766 0.6716008771929826
0 0.6277412280701754 0.7305372807017544 0.6323099415204678 0.6291118421052633 0.8278508771929824 0.6483004385964913 0.8159722222222222 0.7524671052631579
0 0.8168859649122807 0.7538377192982457 0.8278508771929827 0.6510416666666667 0.9448099415204678 0.6661184210526317 0.9265350877192983 0.7689144736842105
0 0.9256213450292398 0.7702850877192983 0.9448099415204678 0.6633771929824562 1 0.6716008771929826 1 0.777138157894737
0 0.625 0.8182565789473686 0.6286549707602339 0.7291666666666666 0.7319078947368421 0.7401315789473685 0.7236842105263159 0.8292214912280703
0 0.7236842105263158 0.8319627192982456 0.7319078947368421 0.7415021929824562 0.8397295321637429 0.7579495614035089 0.8278508771929827 0.845668859649123
0 0.8269371345029239 0.8470394736842106 0.8397295321637429 0.7552083333333334 1 0.7743969298245614 1 0.8703399122807017
0 0.6204312865497076 0.9662828947368421 0.6268274853801171 0.899122807017544 0.7172880116959066 0.9114583333333335 0.7099780701754387 0.9745065789473686
0 0.7099780701754386 0.9854714912280702 0.7172880116959064 0.9128289473684211 0.8187134502923976 0.9279057017543861 0.8077485380116959 0.9964364035087719
0 0.8196271929824561 0.9265350877192983 0.9996345029239768 0.952576754385965 0.9877558479532166 1 0.8077485380116959 0.9991776315789475
2 0.3110201097762722 0.1219744896164579 0.3763105908361767 0.1219744896164579 0.37868479014744594 0.20744566482215102 0.3175491578822626 0.20566501533869908
2 0.3780912403196286 0.20744566482215102 0.37690414066399414 0.1219744896164579 0.445162370862985 0.12375513909990983 0.4463494705186197 0.20833598956387697
2 0.31814270771007996 0.20566501533869908 0.3798718898030806 0.20477469059697315 0.38105898945871525 0.2831232678688585 0.3205169070213493 0.2822329431271325
2 0.3792783399752633 0.20566501533869908 0.44278817155171585 0.207445664822151 0.44456882103516765 0.28757489157748833 0.3810589894587152 0.28312326786885844
2 0.3205169070213493 0.28223294312713254 0.3822460891143498 0.2822329431271325 0.38402673859780173 0.3561298966903881 0.3234846561604358 0.35256859772348415
2 0.38165253928653253 0.2831232678688585 0.4439752712073505 0.2884652163192143 0.44456882103516765 0.35969119565729196 0.38343318876998445 0.356129896690388 0.3822460891143498 0.2866845668357623
2 0.33298145340551283 0.4006461337766866 0.39233643618724423 0.40242678326013853 0.3929299860150614 0.4602978914723265 0.33535565271678214 0.4567365925054227
2 0.33416855306114746 0.4585172419888746 0.3923364361872441 0.46029789147232647 0.3953041853263307 0.5199496491679665 0.3389169516836859 0.5199496491679665
2 0.3401040513393206 0.5190593244262406 0.39649128498196534 0.5226206233931444 0.3988654842932346 0.5858336800556884 0.3430718004784072 0.5813820563470586
2 0.3917428863594268 0.40242678326013853 0.4493172196577062 0.4077687317104943 0.4499107694855235 0.4683108141478603 0.3929299860150614 0.46118821621405254
2 0.3923364361872441 0.4594075667306006 0.4505043193133408 0.4665301646644084 0.45287851862461015 0.5279625718435003 0.3953041853263307 0.5235109481348704
2 0.39589773515414806 0.5226206233931444 0.45287851862461015 0.5279625718435002 0.45465916810806206 0.59206595324777 0.39767838463759997 0.5858336800556884
1 0.5798981817775152 0.22347151017321848 0.5804917316053324 0.14245195867615523 0.647562862148689 0.14601325764305909 0.6445951130096024 0.2234715101732185
1 0.6457822126652369 0.20833598956387697 0.647562862148689 0.14423260815960715 0.7205694909702185 0.14512293290133316 0.7164146421754972 0.20744566482215104
1 0.7176017418311319 0.20566501533869908 0.7199759411424012 0.1433422834178812 0.7929825699639307 0.14156163393442922 0.787640621513575 0.21011663904732894
1 0.7870470716857576 0.20833598956387697 0.7923890201361132 0.14245195867615523 0.8499633534343927 0.13889065970925132 0.8469956042953062 0.1807359225703719 0.8226600613547963 0.18696819576245371 0.8208794118713445 0.21011663904732894 0.7882341713413921 0.21189728853078088
1 0.5787110821218805 0.29914911321992593 0.5798981817775153 0.22169086068976657 0.6440015631817851 0.2216908606897665 0.6428144635261503 0.24751027819981963 0.6356918655923426 0.2492909276832716 0.6327241164532561 0.2982587884782
1 0.5816788312609671 0.3685944430745517 0.5816788312609672 0.29825878847820003 0.6339112161088907 0.29647813899474806 0.6291628174863522 0.3694847678162776
1 0.5798981817775152 0.4300268502536436 0.5816788312609671 0.3685944430745516 0.6291628174863522 0.3694847678162776 0.6226337693803617 0.4362591234457253
1 0.5822723810887844 0.4326978244788215 0.6321305666254388 0.43803977292917734 0.6285692676585349 0.45139464405506685 0.6250079686916311 0.4968012058830912 0.5816788312609672 0.4959108811413653