0 0.09790058020170567 0.28514098732655674 0.2073837143107284 0.28993453675996245 0.21791839284522352 0.4111789357584383 0.1099383229868526 0.40854322675170845
0 0.20738371431072836 0.287298727207379 0.32063108994763345 0.28993453675996245 0.3276542089706302 0.41381469503809504 0.21704051971170563 0.41117893575843834
0 0.32179881406770405 0.2917262294990861 0.5251786779963624 0.29257024576669227 0.522544991618382 0.4164504543177517 0.32765420897063025 0.4111789357584383
0 0.10338828201214678 0.4168458307771441 0.2986839267225521 0.42699344116345167 0.30570704574554897 0.5376949287256179 0.11871718827688514 0.5311055556629395
0 0.2987504664638513 0.4201384518634087 0.40929761598147674 0.42699344116345167 0.4154428618709557 0.5376949287256179 0.30658491887906686 0.5324234101663045
0 0.4119313023594573 0.42435768188379497 0.5207892453513461 0.42567558666008676 0.5225449916183819 0.5363770239493261 0.41456498873743775 0.5350591694459611
0 0.12314400852973488 0.5304412582532756 0.227575131268774 0.5337413149425962 0.23635399655880654 0.6365355246657924 0.1389086052349307 0.6338998659319893
0 0.22845300440229185 0.5311055556629395 0.33379938788268226 0.5350591694459611 0.3364330742606629 0.6404892389946677 0.2345982502917707 0.6365355246657924
0 0.3316766773264981 0.5353801898826727 0.522544991618382 0.5416485425086394 0.522544991618382 0.6444427522318356 0.3408225069056791 0.6404892389946677 0.32940995523766603 0.5376949287256179
0 0.13627491885695023 0.6338998659319892 0.31448591103558154 0.6391712839454491 0.3223869031920961 0.735376120605967 0.1485653436584811 0.7327404618721637
0 0.3141160315330864 0.6358051330137454 0.4189544213824539 0.6431248977284707 0.4215880407830077 0.7393298349348421 0.3206310899476335 0.7340582158296752
0 0.41728482556937985 0.6374514435568778 0.5207892453513462 0.641806992952179 0.5190334321068835 0.7393298349348421 0.4198322945159719 0.7366939751093318
0 0.14944321679199898 0.7314225068229454 0.2477665482268195 0.7340582158296751 0.2547896002723894 0.8157664518614713 0.1652452011050283 0.8170843063648363
0 0.24716606944570457 0.7362300761448183 0.3443340664171774 0.7366939751093319 0.3496013721957116 0.8223558249241497 0.25478960027238945 0.8197201159174198 0.24601073498235695 0.7446012529483018
0 0.345944702033645 0.7329374550585537 0.5207892453513461 0.7380118798856237 0.5207892453513461 0.8315810075394114 0.3513571184627473 0.8210379704207847 0.3478455589512489 0.7419654936686452
0 0.18368080481861124 0.9001104471729243 0.27234733085245444 0.9014283016762893 0.2758588903639529 0.9594148047370292 0.1933375432421617 0.9633684687929774 0.1880702374636275 0.905381965732238
0 0.27240949777373386 0.89921481991492 0.35838023748574416 0.9027461561796545 0.3645254163977961 0.9699578418556557 0.2776146366309887 0.9686398868064375 0.2732252039859725 0.9119713387949162
0 0.3627696701307604 0.8974747381661945 0.5251786779963624 0.9027461561796543 0.5216671184848639 0.9673220323030721 0.3671591027757766 0.971275696359021 0.3627696701307603 0.9093355292423325
0 0.6191125098087399 0.5495558203476095 0.6191125098087399 0.38877510756367356 0.7718648462282183 0.37823207044504675 0.7639637870942766 0.5495558203476094
0 0.7657195333613124 0.5429663970120044 0.7788878312963614 0.3769142159416818 0.9360296003608559 0.3729606021586602 0.9140824371357744 0.5442843017882962
0 0.9155681499574351 0.5403191215120696 0.9369074065169467 0.37691421594168184 1 0.37427845666202525 0.9992374036581195 0.5416485425086394
0 0.6120894577631698 0.7103364828586186 0.6147230771637234 0.5600988071933093 0.7622080408272409 0.5508736748509745 0.7516734292701727 0.6997935965587723
0 0.7525512354262637 0.6984756415095539 0.7657195333613125 0.5442843017882961 0.9132044970248298 0.5390127832289827 0.8912573337997484 0.6918862684468754
0 0.8947689602886737 0.6932042234960939 0.9167161235137551 0.5495558203476095 1 0.5456021562916611 0.9974816573910834 0.6958398822298972
0 0.6050663387401731 0.8368524255528711 0.6050663387401731 0.7063829696214505 0.7472839966251562 0.6984756415095537 0.7358714449571433 0.8315810075394116
0 0.7393829374912149 0.8276273434834631 0.7516734292701729 0.6945219774536053 0.8912573337997484 0.6892505091672186 0.8666764841966866 0.8223558249241498
0 0.8728217970635924 0.8210379704207849 0.8895015875327127 0.6918862684468754 0.9904585383680867 0.6932042234960939 0.9623661962309534 0.8197201159174198
0 0.6016716064002021 0.9963471419597282 0.6024326523621925 0.9146070478016457 0.7306040722011824 0.915924902305011 0.7227031470220944 1
0 0.7244588932891304 0.997633188609734 0.7341156986901073 0.913289193298281 0.8657986780405954 0.9066998202356028 0.8482409474605306 1
0 0.8517524399946019 0.9936795245537855 0.864920737929651 0.9040641112288729 0.9553430772079566 0.9027461561796545 0.9325179738719308 0.996315334106369