0 0.09284066726197125 0.17629854547047857 0.11327520112782687 0.11832484744834117 0.10932517424948471 0.08126410474445842 0.23770055808237772 0.08126410474445835 0.2298005043256935 0.17169232259695308
0 0.2286448678665726 0.17444667000768854 0.23671307019791635 0.07978172593148808 0.3720009445625359 0.08126410474445836 0.370025968793613 0.17317472968502615
0 0.36815281939675387 0.17444667000768854 0.37298843244699736 0.08274654010763427 0.4519886686518548 0.07978172593148804 0.4529761565363162 0.17762203577455377
0 0.07926024720151115 0.27444794499834946 0.09352514207661246 0.17762203577455377 0.16857535140312765 0.17613965696158343 0.15475029499917836 0.2799097082573526
0 0.16691568577357194 0.1725947945448985 0.31275076740889296 0.17613965696158337 0.3078132526460895 0.2769448375310008 0.15573778288363982 0.2739799668046491
0 0.3138311391549134 0.1725947945448985 0.45100118076739315 0.17317472968502615 0.44902620499847035 0.27990970825735256 0.3058382768771664 0.2799097082573526
0 0.06814899442477103 0.27074419407276945 0.21400047215282134 0.2769448375310008 0.2021504668582913 0.3807149171018729 0.055999999743106765 0.38071491710187283
0 0.21136069688053238 0.27074419407276945 0.3591633760430481 0.2754623738927222 0.35323837339578307 0.38664460200437073 0.20017541574887207 0.3807149171018728
0 0.3595107339037338 0.28185544684950953 0.44902620499847035 0.28732185679812916 0.4431011270107089 0.3970216212714989 0.3522508855113217 0.3910919363690011
0 0.04839565615501081 0.3763010954518004 0.1982004399799491 0.3792324534635942 0.18338789569153843 0.49930929375429794 0.028349886935208273 0.5007917008423708
0 0.19918792786441067 0.3807149171018728 0.34731337074851815 0.3881270656426495 0.34040088021679155 0.49782683011601936 0.18240040780707692 0.5022741644806495
0 0.3483994811269937 0.3892642236913306 0.43816361224790534 0.3970216212714989 0.43717612436344383 0.5082038493831474 0.3394133169918339 0.5067214422950744
0 0.026173150601530634 0.4948211250703616 0.18042535669765766 0.5022741644806495 0.1646253245247855 0.6267982260355724 0.004649876346148083 0.6238333553092209
0 0.18049610583403208 0.4966730005331516 0.3394133169918338 0.4963445361283571 0.33645085333844943 0.6267982260355727 0.1636378366403241 0.6267982260355727
0 0.3385228119921136 0.5040805023843117 0.4352011485945212 0.5022741644806495 0.4342136607100596 0.632727967488276 0.3354633654539879 0.6282806896738511
0 0.005185228689910434 0.6207486565400828 0.16363783664032405 0.6267982260355724 0.1488252923519133 0.7557696785053314 0 0.7557696785053314 0 0.6549644131106057
0 0.16321193484799196 0.6244524074656628 0.3275633116973038 0.6238333553092209 0.32361328481896146 0.7602168997695508 0.1508002681208363 0.7572520855934045 0.16166278553090485 0.6371753584031119
0 0.3311153101409535 0.6226005320028728 0.43026363383171745 0.6312455038499974 0.429276145947256 0.7661466412222543 0.3275633116973037 0.7602168997695508 0.3334883143445687 0.6327279674882761
0 0.6050516262987657 0.7631818270461079 0.6011015994204236 0.5778781700768995 0.8272397906249268 0.5793604640645615 0.8450148739072181 0.7602168997695508
0 0.8422329378709984 0.7614911917121241 0.8282273538498846 0.58084292770284 1 0.5823253347909131 0.9990653947790868 0.7661466412222542
0 0.6001141115359621 0.5749131862501367 0.5961640846576198 0.40888104762670047 0.8124272463365158 0.41036351126497905 0.8262523780809614 0.582325334790913
0 0.8249487668849583 0.5818592718214923 0.8084772947986701 0.41332838199133076 1 0.410363511264979 1 0.5852903186176759
0 0.5965507931408561 0.4077829783192307 0.592214133119774 0.25322592827039253 0.79662728950414 0.25767326263502294 0.8104522705675933 0.4148107890794039
0 0.8076645958989181 0.4114867292448108 0.7956397262791824 0.25915566972309595 0.9921527535663679 0.26212054044944766 1 0.3110407095085319 1 0.416293196167477
0 0.590377874931556 0.2503735639820792 0.5853015672475512 0.1109126989075646 0.7877396725224982 0.11535997672198957 0.7976147020481051 0.2621205404494477
0 0.796553343122178 0.2577810658332393 0.787739672522498 0.11091269890756462 0.9724026945151536 0.11684246863537093 0.9941278800162833 0.2636029475375208
0 0.5854395403641159 0.11333477973561794 0.5843140793630901 0 0.7749021040030102 0 0.7837897209846524 0.11535997672198951
0 0.782972923061718 0.11333477973561794 0.7739146914590451 0 0.9566027376827774 0 0.975365233509034 0.1168424686353709