0 0.16594808265117575 0.6473293068156718 0.2949447501232072 0.6444138360007929 0.3054793616802756 0.8091481625677505 0.1816973744863021 0.8183733451830123
0 0.29436030501549837 0.6440366857294071 0.41609305093920007 0.640460322763625 0.42223829682867897 0.8051945990576558 0.3037236154132398 0.8091481625677505
0 0.4161872852072916 0.6407440646431425 0.5407529782441183 0.6351887036584581 0.5398750381331737 0.7986052259949773 0.42136035671773436 0.8078303080643857
0 0.18350872844458738 0.8168992927583029 0.3010899290352593 0.8144196811270641 0.31162454059232764 0.9593858885059867 0.19837723193284929 0.9686109705753947
0 0.30204308755011594 0.8136066716720384 0.4213603567177342 0.8091481625677506 0.4257497893627506 0.9554322244500382 0.3116245405923276 0.9607037430093514
0 0.4205774466556445 0.8053751189563766 0.5389971649996557 0.795969416442394 0.5398750381331736 0.9422534783246815 0.42487191622923265 0.955432224450038
1 0.5614326976594175 0.4895853405594261 0.5630018306183017 0.4071656481736135 0.6051096980823425 0.41072684628370376 0.6033305191810041 0.49085464433478854
1 0.6029543984375638 0.4906975289731264 0.6045166384485631 0.4125074708106899 0.6940700005757598 0.4133977830741829 0.6928838813082008 0.49263526886177456
1 0.691188012591125 0.49292190580052714 0.6952561650908685 0.40983653402021064 0.781844183801618 0.4044946944018402 0.7776927211176117 0.4864030999986171
1 0.5606912387169506 0.5663263411047502 0.5630018306183017 0.4890740198078023 0.6495898493290513 0.48996434905258934 0.6466245059126039 0.5692018178588871
1 0.6467004760431109 0.5663263411047502 0.6501829089628307 0.48996434905258934 0.7367709276735802 0.48640309999861703 0.7338055842571329 0.567421227294489
1 0.7343986891384622 0.5647502735227158 0.7367709276735803 0.4881837245256032 0.7776927211176118 0.48551280471641795 0.7741342728198353 0.5638599782405166 0.7373640325549093 0.5665308980497018
1 0.564398533429285 0.6330576459267712 0.5653741144009693 0.5665308980497018 0.6039235788147836 0.5665308980497018 0.6033305191810039 0.6395362998806059
1 0.6029543984375638 0.6341698343404715 0.603330519181004 0.567421227294489 0.6881393137428653 0.5674212272944889 0.6875462541090859 0.6350847555444346
1 0.6882221768212573 0.6363942111678722 0.6893254782579741 0.5665308980497018 0.7741342728198353 0.5629696829583175 0.7717620342847173 0.6341943923370595
1 0.5629156155443512 0.7620715019160116 0.5641879498858607 0.699186932852644 0.646624505912604 0.6974063762508337 0.6448453270112654 0.75883759978727
1 0.6467004760431109 0.7620715019160116 0.6484037300614921 0.6956256837986716 0.7326194649895741 0.6947353885164729 0.7284680023055677 0.7588375997872701
1 0.7297438775994037 0.7609593135023114 0.7326194649895741 0.6929548319146623 0.7711689294033881 0.6911741394625003 0.7670174667193819 0.757947304505071
1 0.565139992371752 0.8254662414969315 0.5659671740347489 0.760618258276844 0.6021443546658953 0.7597279629946452 0.6021443546658953 0.8247204695476414
1 0.60147148055263 0.8243540530832312 0.6039235788147835 0.7606182582768443 0.6851739703264181 0.759727962994645 0.6822086269099708 0.8202689252114702 0.6068889222312307 0.8238301742654424
1 0.6833947914250796 0.8220495837010443 0.6857670299601977 0.7588375997872701 0.7670174667193819 0.757947304505071 0.7634590184216055 0.8220495837010443
1 0.5606912387169506 0.8833000390093497 0.5635948902520811 0.8247204695476414 0.641286878713489 0.8229398789832434 0.638914640178371 0.8790292968638971 0.5624087709845221 0.8817002506356704
1 0.6400273455609088 0.877739096940848 0.6430661028623773 0.8220495837010443 0.720758091323785 0.8211592204936692 0.7189788671748968 0.878139001581698
1 0.7208463702898009 0.877739096940848 0.7225373154726732 0.8211592204936692 0.7587145413513694 0.8220495837010443 0.756342212321152 0.8772487062994989
1 0.881001501862651 0.78876402384482 0.8963064577755016 0.6787098356987733 0.9828944312387013 0.6760388819270001 0.9662885805026764 0.7908887733478448
1 0.8737698297114825 0.8897130440258142 0.8856312033772714 0.7873275242938724 0.9686608190377943 0.7855468658042982 0.9556133261044462 0.8870420902540407
1 0.955147396109341 0.8866366042504508 0.9692539239191236 0.7864372290116735 1 0.7837662752399002 1 0.8834808412000684
1 0.9692539239191236 0.7882178195760716 0.9870459844178071 0.6796001989061484 1 0.6796001989061484 1 0.7864372290116735 0.9716261624542416 0.7899984101404696
1 0.04889403009438671 0.9234843009701426 0.03628165454546396 0.8550135712321207 0 0.859732997162903 0 0.924861017397518
1 0.038167947470080524 0.8550135712321207 0.02496404090902983 0.7804466271232166 0 0.7795027563396052 0 0.859732997162903
1 0.033172472381234726 0.7819902815517746 0.024335244620543147 0.7172063124494621 0 0.7190940540166852 0.0010712210591882385 0.7823343686904395
1 0.13143220808843467 0.8444834734615538 0.1771234364609886 0.8399113506434377 0.18278226726441654 0.9012638877436069 0.14254175129277782 0.9069272564707255
1 0.09841693689081547 0.8468417071185266 0.13248163429247356 0.8455747193705563 0.14128425465664796 0.9097588688215597 0.10796006612456709 0.9135344239687305
1 0.0889840022629243 0.7867067488657202 0.1236790139282992 0.7851660530539988 0.13185288597440864 0.8455747193705564 0.09852869744232773 0.8465185901541679
1 0.12430776224636422 0.7842221822703874 0.17335089858217723 0.7804466271232166 0.17838093309711847 0.8380236090762149 0.1331103826105385 0.8427430350069971
1 0.07767333203873257 0.7108436360967308 0.15864612897047176 0.7079158543731527 0.16689325005143485 0.7816093196856408 0.08992007002547253 0.7863257208965402
1 0.06242964644747296 0.5811630665985225 0.15275532391804328 0.5770362042942518 0.16100244499900637 0.654266981759648 0.06949862449526073 0.6607520221799009