2 0.29331140350877194 0.1699561403508772 0.33808479532163754 0.17269736842105265 0.3399122807017544 0.22889254385964916 0.2942251461988305 0.22752192982456143
2 0.3380424315231741 0.1712162964857635 0.3835903565498355 0.17203945175732963 0.3835903565498355 0.2271908549522631 0.3391399718852623 0.22554454440913072
2 0.3848408572510428 0.17050786146853653 0.43093755245874826 0.1705078614685365 0.43093755245874826 0.22977504102130078 0.38538962743208677 0.22565926466346992
2 0.43078459211962933 0.16792367539949882 0.4757837469652466 0.17121629648576348 0.47468620660315824 0.22719085495226307 0.429687051757541 0.22225192332286603
2 0.2952383574017332 0.2271908549522631 0.3396887420663064 0.22801401022382925 0.3413350526094387 0.28151910287563037 0.2974334381259096 0.27904963706093183
2 0.33913997188526235 0.2247213891375646 0.3852366670929678 0.2288371654953954 0.38468789691192373 0.28151910287563037 0.3413350526094387 0.27987279233249795
2 0.38413912673087963 0.2247213891375646 0.429687051757541 0.2288371654953954 0.4302358219385851 0.2823422581471965 0.3846878969119237 0.27904963706093183
2 0.43078459211962933 0.22389823386599841 0.4752349767842025 0.22719085495226307 0.47578374696524656 0.2831654134187627 0.4307845921196292 0.27904963706093183
2 0.29798220830695377 0.27904963706093183 0.34188382279048285 0.2806959476040642 0.34462767369570335 0.33337788498429904 0.3023723697553066 0.3292621086264682
2 0.3407098022588352 0.2781117615350265 0.38625772728549657 0.280581227349725 0.387904037828629 0.3324400094583937 0.3440024233450999 0.3324400094583937
2 0.3868829776361002 0.279872792332498 0.4307845921196292 0.2823422581471965 0.4324309026627616 0.33090841916960057 0.3890780583602766 0.3309084191696005
2 0.43188213248171753 0.279872792332498 0.4763325171462907 0.28234225814719655 0.4763325171462907 0.3325547297127329 0.4324309026627615 0.3284389533549021
2 0.3062137610226154 0.37782826964887234 0.3029211399363507 0.3309084191696006 0.34572521405779166 0.33337788498429904 0.3490178351440564 0.3802977354635709
2 0.34572521405779155 0.32997054364369516 0.3901755987223648 0.3324400094583937 0.3918219092654972 0.3793598599376655 0.34901783514405627 0.37853670466609923
2 0.39017559872236485 0.33090841916960057 0.4335284430248499 0.33173157444116674 0.43517475356798213 0.3794745801920046 0.390724368903409 0.37782826964887234
2 0.4329796728438058 0.33008526389803444 0.4774300575083789 0.33255472971273287 0.47797882768942307 0.3802977354635708 0.434077213205894 0.37782826964887234
2 0.3166403944624536 0.4156934121409162 0.35779815804076215 0.4165165674124823 0.3599932387649386 0.463436417891754 0.3193842453676742 0.4609669520770555
2 0.3583469282218063 0.4173397226840485 0.4000534619811589 0.4189860332271808 0.40115100234324713 0.4659058837064525 0.35999323876493855 0.4659058837064525
2 0.3995046918001149 0.41640184715814316 0.44285753610259987 0.4155786918865769 0.44450384664573217 0.4624985423658487 0.40060223216220314 0.464144852908981
2 0.4434063062836439 0.41487025686935 0.48456406986195244 0.4140471015977838 0.4834665294998642 0.4617901073486217 0.44450384664573206 0.46179010734862164
2 0.3160916242814096 0.4626132626201879 0.3588956984028503 0.46508272843488635 0.3610907791270268 0.507063647284761 0.3199330155487183 0.5054173367416288
2 0.3594444685838945 0.4642595731633203 0.4000534619811589 0.46672903897801876 0.40224854270533533 0.5103562683710258 0.3616395493080709 0.507063647284761
2 0.400602232162203 0.4642595731633203 0.4428575361025998 0.46508272843488635 0.443955076464688 0.5087099578278934 0.40169977252429123 0.5087099578278934 0.40005346198115893 0.4683753495211511
2 0.4434063062836439 0.4626132626201879 0.48346652949986413 0.46343641789175405 0.48456406986195244 0.5062404920131949 0.4434063062836438 0.5087099578278933
2 0.3193842453676742 0.506240492013195 0.3610907791270268 0.5070636472847609 0.36438340021329146 0.5498677214062019 0.32377440681602704 0.5490445661346357
2 0.36109077912702686 0.506240492013195 0.40279731288637943 0.5095331130994596 0.4038948532484677 0.5515140319493342 0.3638346300322474 0.5498677214062019
2 0.40224854270533544 0.5078868025563272 0.44450384664573206 0.5095331130994595 0.44505261682677616 0.5506908766777681 0.40389485324846763 0.5515140319493341
2 0.443955076464688 0.5078868025563272 0.4840152996809083 0.5078868025563272 0.4840152996809083 0.5490445661346358 0.44505261682677627 0.5506908766777681
2 0.32377440681602704 0.5490445661346358 0.3638346300322474 0.5498677214062019 0.3660297107564238 0.5885560191698119 0.32706702790229175 0.5869097086266796
2 0.3643834002132915 0.5490445661346358 0.40499239361055595 0.5515140319493343 0.40608993397264415 0.5893791744413781 0.3660297107564239 0.5893791744413781
2 0.4044436234295119 0.5515140319493341 0.44615015718886447 0.5515140319493342 0.44615015718886447 0.5869097086266797 0.40663870415368825 0.5869097086266797
2 0.44505261682677627 0.5506908766777682 0.4840152996809083 0.5482214108630696 0.48566161022404064 0.5869097086266797 0.44560138700782037 0.5893791744413781