0 0.46326754385964913 0.3755482456140351 0.6158625730994153 0.37966008771929827 0.6131213450292399 0.537280701754386 0.4678362573099416 0.5359100877192983
0 0.6158625730994152 0.37966008771929827 0.7693713450292398 0.3796600877192983 0.7611476608187137 0.5413925438596491 0.6131213450292398 0.5372807017543861
0 0.7602339181286549 0.5455043859649122 0.7693713450292398 0.3782894736842105 0.8854166666666669 0.3755482456140352 0.8680555555555557 0.5455043859649122
0 0.46966374269005856 0.5386513157894737 0.6140350877192984 0.5400219298245615 0.6122076023391814 0.6825657894736843 0.4714912280701755 0.6811951754385966
0 0.6140350877192983 0.5400219298245614 0.7611476608187134 0.542763157894737 0.7501827485380118 0.6798245614035089 0.6103801169590645 0.6811951754385965
0 0.762061403508772 0.5441337719298247 0.8680555555555557 0.5427631578947368 0.8516081871345029 0.6839364035087719 0.7501827485380117 0.6853070175438598
0 0.4678362573099416 0.6825657894736843 0.6039839181286549 0.6866776315789475 0.5994152046783626 0.8127741228070177 0.4696637426900585 0.8114035087719298
0 0.6039839181286549 0.6811951754385966 0.744700292397661 0.6839364035087719 0.7346491228070177 0.8072916666666666 0.6003289473684211 0.8114035087719298
0 0.7465277777777778 0.6853070175438597 0.851608187134503 0.6866776315789473 0.8406432748538013 0.7223135964912282 0.828764619883041 0.8045504385964912 0.7355628654970761 0.8086622807017545
0 0.4824561403508772 0.8963815789473685 0.602156432748538 0.8963815789473685 0.6012426900584795 0.9676535087719299 0.4824561403508772 0.9649122807017545
0 0.6048976608187134 0.8963815789473685 0.7282529239766082 0.8936403508771931 0.7218567251461988 0.9662828947368423 0.602156432748538 0.9649122807017544
0 0.7309941520467836 0.8950109649122807 0.8214546783625732 0.8950109649122808 0.8086622807017545 0.9827302631578949 0.7209429824561403 0.9786184210526317
0 0.48428362573099415 0.962171052631579 0.6012426900584795 0.9676535087719299 0.600328947368421 0.9991776315789475 0.48428362573099415 1
0 0.6012426900584795 0.9635416666666666 0.7227704678362573 0.9676535087719298 0.7200292397660819 1 0.6012426900584795 0.9991776315789473
0 0.7227704678362573 0.9799890350877193 0.8077485380116959 0.9841008771929824 0.8050073099415206 1 0.7200292397660819 1