0 0.18640350877192982 0.10964912280701757 0.19462719298245615 0.006853070175438612 0.012792397660818754 0.0054824561403508925 0 0.06716008771929827 4.15522067695965e-17 0.10416666666666669
0 0.18548976608187134 0.10416666666666669 0.19554093567251465 0.005482456140350908 0.3874269005847954 0.017817982456140344 0.37737573099415206 0.11239035087719301
0 0.17635233918128654 0.2206688596491228 0.1891447368421053 0.1110197368421053 0.3828581871345029 0.12472587719298249 0.3718932748538012 0.2275219298245614
0 0.18823099415204678 0.11101973684210528 0.1754385964912281 0.21929824561403508 0 0.21655701754385964 0 0.10553728070175442
0 0.16812865497076024 0.3371710526315789 0.1800073099415205 0.22341008771929824 0.37920321637426907 0.2302631578947369 0.3718932748538012 0.3453947368421053
0 0.18000730994152048 0.2206688596491228 0.16721491228070182 0.33991228070175444 0 0.33580043859649134 0 0.21792763157894737
0 0.1589912280701755 0.46326754385964913 0.17269736842105263 0.3412828947368421 0.3782894736842105 0.34813596491228077 0.37189327485380125 0.47012061403508776
0 0.15533625730994152 0.4673793859649123 0.17086988304093573 0.33854166666666674 0 0.337171052631579 0 0.4632675438596492
0 0.1489400584795322 0.6044407894736843 0.16355994152046788 0.46600877192982454 0.3737207602339182 0.4714912280701755 0.3664108187134504 0.6016995614035088
0 0.14802631578947367 0.6030701754385965 0.1599049707602339 0.46600877192982454 0 0.4618969298245615 0 0.596217105263158
0 0.14437134502923982 0.7236842105263158 0.158077485380117 0.6030701754385966 0.3737207602339182 0.6016995614035089 0.3691520467836258 0.7360197368421053 0.360014619883041 0.7250548245614037
0 0.1425438596491228 0.7264254385964913 0.15716374269005853 0.6071820175438597 0 0.6016995614035088 0 0.7277960526315791
1 0.8817616959064327 0.8127741228070176 0.8735380116959066 0.7264254385964913 0.9484649122807017 0.7264254385964913 0.9557748538011698 0.8168859649122807
1 0.8735380116959064 0.727796052631579 0.8671418128654973 0.6400767543859649 0.939327485380117 0.6373355263157895 0.9502923976608187 0.7291666666666667
1 0.8662280701754386 0.6441885964912281 0.857090643274854 0.5564692982456141 0.9301900584795323 0.5564692982456141 0.9393274853801171 0.6414473684210527
1 0.8598318713450293 0.5550986842105263 0.8525219298245615 0.46875 0.9164839181286552 0.47012061403508787 0.9530336257309941 0.47012061403508787 0.9630847953216376 0.5550986842105263
1 0.8497807017543859 0.47560307017543857 0.8424707602339181 0.39747807017543857 0.9100877192982456 0.3974780701754387 0.9192251461988306 0.4728618421052632
1 0.8406432748538012 0.39336622807017546 0.8333333333333334 0.3166118421052632 0.9311038011695908 0.3207236842105263 0.9393274853801171 0.3974780701754387
1 0.9183114035087719 0.47149122807017546 0.9091739766081873 0.3933662280701755 0.9475511695906434 0.3961074561403509 0.9548611111111112 0.47286184210526316
1 0.939327485380117 0.6400767543859649 0.9311038011695907 0.5578399122807018 0.9667397660818714 0.5550986842105263 0.9777046783625732 0.640076754385965
1 0.9502923976608189 0.7291666666666667 0.9384137426900586 0.6359649122807018 0.9777046783625732 0.6387061403508771 0.9904970760233918 0.7305372807017544
1 0.9557748538011696 0.8168859649122807 0.9475511695906432 0.7277960526315791 0.9914108187134503 0.7319078947368423 1 0.8100328947368423
2 0.4870248538011696 0.5400219298245614 0.48793859649122817 0.47971491228070173 0.5345394736842106 0.4797149122807019 0.5354532163742691 0.5413925438596492
2 0.5354532163742691 0.5413925438596491 0.5354532163742691 0.47697368421052644 0.5829678362573101 0.4797149122807017 0.5857090643274855 0.5427631578947367
2 0.58296783625731 0.5427631578947368 0.5820540935672515 0.4797149122807019 0.6514985380116959 0.48245614035087725 0.6542397660818714 0.5413925438596491
2 0.4833698830409357 0.5989583333333334 0.4851973684210527 0.5413925438596491 0.5555555555555557 0.5441337719298247 0.5573830409356726 0.6030701754385966 0.4897660818713451 0.5989583333333334
2 0.5555555555555557 0.605811403508772 0.5546418128654972 0.5413925438596491 0.6048976608187134 0.5441337719298247 0.6058114035087719 0.605811403508772
2 0.6048976608187134 0.6058114035087719 0.6039839181286549 0.5413925438596493 0.6542397660818714 0.5413925438596493 0.6551535087719299 0.6016995614035089
2 0.48428362573099426 0.6620065789473685 0.48428362573099426 0.5989583333333334 0.5345394736842106 0.6016995614035088 0.5345394736842106 0.6606359649122807
2 0.5345394736842105 0.659265350877193 0.5336257309941521 0.6030701754385966 0.5857090643274855 0.6044407894736843 0.586622807017544 0.6661184210526315
2 0.5857090643274854 0.6647478070175439 0.5857090643274855 0.6030701754385965 0.6560672514619883 0.6016995614035089 0.6578947368421053 0.6606359649122808 0.5893640350877195 0.6620065789473686
2 0.560124269005848 0.7305372807017545 0.5573830409356725 0.6661184210526317 0.6103801169590644 0.664747807017544 0.6112938596491229 0.7291666666666667
2 0.6122076023391813 0.7264254385964912 0.6103801169590644 0.6620065789473686 0.6578947368421053 0.6633771929824561 0.6624634502923976 0.7250548245614035 0.6131213450292398 0.7250548245614037
2 0.4861111111111111 0.7881030701754386 0.48702485380116967 0.7264254385964913 0.5610380116959065 0.7291666666666666 0.5610380116959065 0.7908442982456142
2 0.5610380116959064 0.7881030701754386 0.5592105263157896 0.7291666666666667 0.6112938596491229 0.7277960526315791 0.6140350877192983 0.7894736842105264
2 0.6131213450292398 0.7881030701754387 0.6112938596491229 0.7223135964912281 0.6633771929824562 0.7250548245614037 0.66703216374269 0.7881030701754387
2 0.4851973684210527 0.8484100877192983 0.4861111111111112 0.7867324561403509 0.5619517543859649 0.7908442982456142 0.5619517543859649 0.8511513157894737
2 0.5610380116959064 0.8484100877192983 0.561951754385965 0.7908442982456142 0.6149488304093568 0.7908442982456142 0.6158625730994152 0.8497807017543861
2 0.6158625730994152 0.8470394736842106 0.61312134502924 0.7867324561403509 0.6670321637426901 0.7881030701754387 0.6697733918128655 0.8470394736842106
2 0.48428362573099415 0.6620065789473685 0.558296783625731 0.6606359649122807 0.560124269005848 0.7291666666666666 0.4861111111111111 0.7264254385964913