0 0.10439370571471707 0.11399470587251515 0.16835437733581404 0.11399470587251519 0.15617141085488886 0.2312661591238823 0.08814973181705688 0.2282201386590472
0 0.17262754384537193 0.11504115242707103 0.2394217840515576 0.11704072633735024 0.22926932127899974 0.23278916935629984 0.16124764224116786 0.22974314889146483
0 0.24043706379038118 0.12008674680218527 0.30541295938102203 0.12313276726702027 0.2952604966084644 0.23735815822295464 0.22926932127899982 0.2312661591238823
0 0.30512023390385146 0.12463545067268506 0.3967853474111606 0.12922476636609262 0.3917091160248818 0.2449732093850423 0.2972910003168318 0.23888116845537216
0 0.1277444147070236 0.016522343811978084 0.21404057135088347 0.01956836427681307 0.2049033325478695 0.11704072633735026 0.11556144822609844 0.11247169564009764
0 0.21374596489800352 0.01772755593584295 0.2780012429719805 0.019568364276813143 0.2698792281385104 0.12008674680218524 0.20490333254786958 0.11704072633735023
0 0.2767942105120386 0.019098169970930667 0.3389161869151661 0.019568364276813088 0.33282467579006353 0.1261787459012576 0.26987922813851034 0.11856373656976771
0 0.3389287134360152 0.020468784006018387 0.40186157879743944 0.02109137450923062 0.39678534741116056 0.13074777659851017 0.3328246757900637 0.12465573566884013
0 0.07851204676934855 0.4330236085674219 0.09525646691170325 0.30589340952875443 0.1642933699190792 0.30893942999358953 0.15007989972978641 0.43534890280886396
0 0.15109512369933029 0.43687191304128153 0.16429336991907909 0.302847430894517 0.23231504895691107 0.31350846069084193 0.22317781015389718 0.441440943738534
0 0.22288339179858832 0.4398766787428605 0.23434555266527876 0.30893942999358953 0.30338245567265454 0.3150314709232595 0.2952604966084642 0.43991793350611663
0 0.2987240350734421 0.4412472927779482 0.30541295938102214 0.327215510952002 0.40186157879743956 0.3348305202834918 0.39678534741116056 0.46124003492936394 0.38967866808579404 0.45971698286634877 0.38460232516095555 0.441440943738534
0 0.03465239764654152 0.5783086962867201 0.055661784021736486 0.42925690370979175 0.16023236250234407 0.4338258925764465 0.14804939602141898 0.580034414751953
0 0.15312562740769772 0.5785114463501334 0.16733915336627028 0.43534890280886407 0.2394217840515575 0.4399179335061165 0.22926932127899974 0.5830804352167882
0 0.2320208186991731 0.5796793103218079 0.24348279146829255 0.43991793350611663 0.31353497421449206 0.441440943738534 0.3064282391198457 0.5861264556816234
0 0.3096889473541439 0.5865323804972464 0.3175959258619474 0.441440943738534 0.385617660669059 0.44144094373853404 0.381556653252324 0.5861264556816234
0 0.020946257295664333 0.7331880822516325 0.041448258063163934 0.5739424574834787 0.11759195193446605 0.5769883942871183 0.10337842597589345 0.7369040085543827
0 0.10318309940092749 0.7386705383919833 0.12165290358192116 0.5785114463501334 0.1967813177143995 0.580034414751953 0.18358312726393053 0.7384270606173982 0.10134797803680576 0.7369040085543827
0 0.1835831272639306 0.7399500290192177 0.19779659745322323 0.5800344147519533 0.27495551529406914 0.5815574668149686 0.2637877727826878 0.741473081082233
0 0.26886400416896655 0.7460420699488879 0.27901652271080407 0.5846034872798035 0.38764810860814675 0.5876495077446384 0.37952609377467666 0.7429960494840526 0.26784878019942265 0.7369040085543825