0 0.05109976606759416 0.35763983663759735 0.15211040343815393 0.36529064127064675 0.17241538475254917 0.5221601932424784 0.07901249301404305 0.5175912043758236
0 0.1607488888746117 0.35901045067268506 0.3043977354114781 0.36985967196789926 0.31658070189240345 0.5175912043758236 0.18053734381673942 0.5069301745794987
0 0.3078614619740269 0.3672341348832114 0.45363933970689124 0.3744286608345542 0.4546545636764349 0.5297752862351637 0.3196264295703148 0.5160682359740039
0 0.07211584793893919 0.5166310647077728 0.1673391533662703 0.5221601932424785 0.18662885494184187 0.6622767163189128 0.09627169088124711 0.6531387385856032
0 0.17719625729566432 0.515260450672685 0.3115044705061245 0.5267292657703287 0.32064170930913843 0.6607537479170932 0.19170508632812056 0.6500927181207681
0 0.31517140349449474 0.5193722927779482 0.4495783322901561 0.5328213066999989 0.4526240041987876 0.6668457888467634 0.32470271672587336 0.6561847590504383
0 0.09627169088124711 0.6531387385856032 0.1866288549418418 0.662276716318913 0.20084232513113454 0.7841172002675326 0.11657667219564231 0.7749791388730276
0 0.18998865495648304 0.6523218541814569 0.3216569332786823 0.6622767163189129 0.32876366837332854 0.7871632207323678 0.20388810857832562 0.7734561704712076
0 0.32248134501496256 0.661916152427071 0.45160878022924383 0.6759837665800731 0.45465456367643503 0.7947782300638575 0.32876366837332865 0.7795482114008779
0 0.5134535672371847 0.696181503304264 0.5135390039112534 0.5358672435036385 0.6394297876757997 0.5404363160314888 0.633338332319977 0.7033978671023928
0 0.6340676023249041 0.7044051875147903 0.6404451231839033 0.5404363160314888 0.7724273623042727 0.5465283569611585 0.7561834441758924 0.7110129600950781
0 0.7571986681454361 0.7064438875672276 0.7724273623042728 0.5450053048981434 0.9013640410545704 0.5480513253629786 0.8790285560318074 0.7125359284968977
0 0.5171085379974186 0.7016639594446149 0.6384145637062559 0.7064438875672276 0.6313078843808895 0.8496064311084974 0.519630459267076 0.8435143901788272
0 0.6384145637062559 0.7171049173635526 0.7602444515926273 0.7231969582932227 0.7480614293424224 0.8663595018344925 0.6282621009336985 0.8587444925030026
0 0.7610778362430327 0.7112582576902289 0.8830895634485424 0.7186279694265678 0.8617693023953237 0.8633134813696574 0.7480614293424226 0.8556984720381674 0.7602444515926273 0.711012960095078
0 0.13242286548279883 0.871620099795492 0.2140405713508834 0.8800665520956522 0.22216258618435347 0.9501248554644671 0.14297316463514007 0.9425097624717821
0 0.214659707588062 0.8798437840060184 0.33688568320679857 0.8907275818919771 0.33790090717634247 0.948601803401452 0.22520831386226486 0.9394637420069468
0 0.3389287134360152 0.8921793103218079 0.45262400419878746 0.8952966544198274 0.45059355625970005 0.9607858852607922 0.33790090717634247 0.942509762471782
0 0.1388190643132082 0.9387801875147903 0.21810157876761835 0.947078834999632 0.22622353783180865 1 0.15211040343815388 1
0 0.22288339179858832 0.9387801875147903 0.3368856832067987 0.9531707922681069 0.3409466906235337 1 0.23028454524854364 1 0.21911680273716216 0.940986794069962
0 0.33710122805589826 0.9428920296200535 0.45160878022924367 0.9653548741274468 0.45160878022924383 1 0.3409466906235337 1
0 0.5225909941377695 0.9538569419007552 0.6363841157671684 0.963831905725627 0.6353687802590648 1 0.5236914666838108 1 0.5236914666838108 0.963831905725627
0 0.635895087705021 0.9620806261112815 0.7460309814033348 0.9684008945922817 0.7460309814033348 1 0.6333383323199772 1
0 0.7473716958921556 0.9648218541814569 0.8587235189481325 0.9714469150571172 0.8516168396227659 1 0.7440004219256872 1