0 0.17094266341617823 0.7490225357815378 0.21963369316071565 0.7505027901575819 0.2292358043352754 0.8307560731421118 0.1819110973996334 0.8307560731421118 0.17093725067503257 0.7556472176072108
0 0.22032600909057873 0.7518003489757226 0.2690160222592827 0.7494738707565525 0.2786181711095697 0.8297271537410823 0.22992169094815945 0.831784936024635
0 0.26785747930218917 0.7499484735129325 0.3190842379707339 0.7484450078740292 0.3259428780452118 0.8245827262914538 0.2793040200467267 0.8276693714575297 0.2669584377720848 0.7463872255904768
0 0.3203272840812397 0.7480965980501427 0.3890425249684617 0.750502790157582 0.39315769394285754 0.828698290858559 0.32662876465809576 0.8266405085750064
0 0.39008125984633035 0.7490225357815378 0.4590008496419166 0.7505027901575819 0.46105839645338736 0.831784936024635 0.39315769394285754 0.8266405085750064 0.3890425249684617 0.7556472176072108
0 0.18259694633679027 0.8328137989071583 0.2484400643601222 0.831784936024635 0.25598459104748406 0.909980436725612 0.19357079306139108 0.909980436725612
0 0.248721432853359 0.8323569316070885 0.31496903132061094 0.8338427183081876 0.32045597352077504 0.909980436725612 0.2552987044346 0.909980436725612
0 0.31600624133472965 0.8351347448012735 0.36366551148202125 0.837958282875293 0.36778068045641704 0.909980436725612 0.3211418224579319 0.909980436725612
0 0.3641550033672701 0.8351347448012735 0.41099021841766326 0.8369293634742637 0.4151054627435134 0.909980436725612 0.36846652939357394 0.909980436725612 0.36297966254486436 0.841044928041369
0 0.4116864735788806 0.8351347448012735 0.45831500070475967 0.8359005005917403 0.46105839645338736 0.9079226544420593 0.41579131168067046 0.909980436725612
0 0.19254787714872842 0.907357887850084 0.23678033102263735 0.9058648721585068 0.24501074432288325 0.9758292437252731 0.19974358419871197 0.9737714614417204
0 0.23637559643475886 0.908283825581479 0.28136160453392456 0.909980436725612 0.28753439567124556 0.9768581631263022 0.2450107443228833 0.9748003808427498
0 0.2820551911835793 0.908283825581479 0.3273146135952529 0.9089515173245826 0.3328015557954168 0.9758292437252731 0.28616266012120445 0.975829243725273
0 0.32588291046960977 0.907357887850084 0.38972837390561865 0.9089515173245826 0.3945294671686257 0.9778870260088257 0.33142982024537576 0.9768581631263025
0 0.39041429819422985 0.90689373504103 0.45557152960467767 0.9079226544420592 0.4569432274789916 0.9809737276934077 0.3938436182314689 0.9778870260088257
2 0.30793413929645697 0.09812566772119642 0.3701642383759063 0.09897704712914222 0.3724191716396746 0.1750874315984306 0.3120999081174322 0.17593310511776114
2 0.3688184049448424 0.09964777436240607 0.4316109994967342 0.09728571170400413 0.43386593276050256 0.1750874315984306 0.3718554538070833 0.17593310511776114
2 0.4317321461148406 0.09888672104180124 0.474454607641526 0.09559436466534306 0.47558204330670867 0.172550434267485 0.43386593276050256 0.1750874315984306
2 0.3120999081174322 0.17593310511776114 0.3712917050077905 0.17508743159843063 0.37523785370273566 0.24781514521744286 0.31435481041449914 0.24781514521744286 0.3104086926862553 0.17593310511776114
2 0.3708478804664552 0.17575310642288783 0.432738435161917 0.17508743159843063 0.43386593276050256 0.24527812465945129 0.3741103561041501 0.24696947169811234
2 0.4327468838756471 0.17423099978167822 0.4755820433067087 0.1717047607481545 0.4778369765704769 0.24358677762079015 0.43386593276050245 0.24696947169811234
2 0.31300782810048905 0.24653106523913587 0.37241917163967453 0.24696947169811234 0.37523785370273566 0.31462314420114135 0.31886467694203563 0.31377747068181083
2 0.3735466382715587 0.24612379817878177 0.4316109994967343 0.24612379817878177 0.43499336842568526 0.31377747068181083 0.37636528936791835 0.31293179716248026
2 0.4327468838756471 0.2450089585979262 0.4738908898089346 0.24443245114012074 0.4733271100429405 0.31377747068181083 0.43499336842568526 0.31293179716248026
2 0.32011099242613406 0.35536169008562474 0.35888963399046775 0.3552153569937772 0.3611445362875346 0.4110296466802706 0.32281079467027946 0.41018394993389407
2 0.35867102733677814 0.35383958344441513 0.4146990309851735 0.35352400995511607 0.4180814618475274 0.4101839499338941 0.3605808184549433 0.4118752969725551
2 0.4144816041811314 0.3530785301238103 0.47219967437775767 0.351832662916455 0.472763392210349 0.4110296466802706 0.41639024641635053 0.41187529697255515
2 0.3228107946702794 0.41102964668027075 0.3611445362875346 0.4110296466802706 0.36396321835059564 0.4719179542557014 0.3256294457666391 0.47191795425570143
2 0.360700502858391 0.41015752916917164 0.4175176820815332 0.41102964668027064 0.4186451796801188 0.4702266072170404 0.36227200291941875 0.4710723039634169
2 0.4165110797027443 0.4109185824897764 0.4738908898089345 0.4101839499338941 0.4738908898089346 0.4693809569247559 0.4175176820815332 0.4710723039634169
2 0.32518468123016614 0.4725639014587666 0.3628357517187116 0.47191795425570143 0.36509065401577834 0.5294235677538099 0.3278843790304074 0.5302692645001865 0.3256294457666391 0.4753006483330236
2 0.3639632183505956 0.4702266072170404 0.4186451796801188 0.4702266072170403 0.4214638307764784 0.5294235677538099 0.3662181206476625 0.5294235677538099
2 0.4192088975127102 0.4702266072170404 0.4750183254741173 0.4702266072170403 0.47558204330670867 0.5243495730919188 0.42033639511129567 0.5260408736764878