0 0.008153859634845618 0.5700850120761938 0.14703417205187505 0.5846034872798034 0.13383592583212622 0.7369040085543828 0.0008382954343734365 0.7338579880895477 0 0.6394316883244432
0 0.4353648621008634 0.746042069948888 0.4353648621008634 0.5434823364963237 0.57749967553235 0.5465283569611588 0.5795301234714378 0.7429960494840528 0.44247154142622985 0.735381040152563
0 0.437395310039951 0.5434823364963238 0.4384105340094948 0.36072161057339425 0.5683624367293362 0.3652906412706468 0.5714081086379678 0.5480513253629786 0.43638008607040724 0.5434823364963237
0 0.5724234441460712 0.5495742937647983 0.5693776606988801 0.3561526217067393 0.7044057948050003 0.3607216105733942 0.7135430336080142 0.5526203142296333
0 0.7117357309798749 0.5536376436551412 0.7044057948050002 0.36072161057339414 0.8313118025390908 0.3713826822003168 0.8495862801451187 0.5602354072223187
0 0.5754691160547027 0.5526203142296334 0.7135430336080142 0.5556663346944684 0.7277565037973069 0.749088090413723 0.5795301234714378 0.7445190178858727
0 0.7153907017401088 0.559120099795492 0.8516168396227659 0.5587123551593036 0.8698913172287938 0.7490880904137228 0.7267411682892038 0.7490880904137228
0 0.45668501161552266 0.24954219825169718 0.46074601903225754 0.10942571700586032 0.5835911308881728 0.11856373656976768 0.5846063548577166 0.2510652084841146
0 0.5846063548577166 0.2510652084841146 0.5825759069186289 0.11856373656976771 0.7054210187745441 0.12313276726702031 0.7115124741303669 0.26020326987861975
0 0.7108219882898164 0.25758501207619383 0.705421018774544 0.11704072633735021 0.8262355711528121 0.12770175613367515 0.8404490413421049 0.26629526897769207
0 0.46411146197402686 0.10407624014636926 0.4688680338657277 0 0.5876521383049077 0 0.5886673622744516 0.11399470587251515
0 0.5876521383049077 0.10942571700586039 0.5886673622744515 0 0.7054210187745441 0.0012923042336995007 0.7115124741303669 0.11704072633735017
0 0.7117357309798749 0.1136705383919833 0.7054210187745442 0 0.821159339766533 0 0.8353728099558257 0.11856373656976776
2 0.2349169008981067 0.5353507013281443 0.2414726873306288 0.4497838793791478 0.29925001237595245 0.4529939903518669 0.29497019745982445 0.537527422053602
2 0.2939793823246897 0.5372766518094461 0.2978234074039097 0.4529939903518668 0.3563140153438764 0.45406406652893727 0.3534608053997912 0.5396675156284967
2 0.35274752250514807 0.537527422053602 0.3563140153438765 0.4529939903518669 0.4133780183118006 0.4529939903518669 0.4126647354171574 0.5385974982306725
2 0.22785508246666747 0.6239444234680188 0.2343396624704157 0.5343173110808828 0.2949701974598245 0.5364574046557777 0.2899770996490534 0.6242009473302318
2 0.2901274813620865 0.6239444234680188 0.2949701974598245 0.5353873284787072 0.35274752250514796 0.537527422053602 0.3491810296664197 0.6220609125345833 0.29140370462109616 0.6231309299324075
2 0.35060763463846223 0.6209908363575127 0.35274752250514796 0.5353873284787073 0.4119514525225143 0.5375274220536018 0.40981152547307226 0.6199208189596884
2 0.23005984755428777 0.7386956303012474 0.23433966247041568 0.6627225141198452 0.294256875382425 0.6648626076947399 0.29069038254369656 0.7397657064783179
2 0.29069038254369656 0.7397657064783177 0.2942568753824251 0.6659326838718104 0.3548874103718339 0.6670027012696347 0.3513209175331054 0.7611665246687729 0.32492882350720725 0.7579564136960539 0.31351602291362246 0.7408357238761422
2 0.35203423961050484 0.7600965072709489 0.3556007324492333 0.668072777446705 0.4140913795719563 0.6691427948445293 0.4133780183118006 0.7633066182436679
2 0.3517578967637382 0.7597239323997829 0.41480466246659947 0.7622366008458434 0.4126647354171574 0.8574705004220525 0.3691534600922602 0.8531903132722629 0.3705800258815466 0.8189488748531929 0.35060763463846223 0.7932678695129483
2 0.2554603726986573 0.13186407549545537 0.29639680243186717 0.13412101755010986 0.29497019745982445 0.1694324586721926 0.25502537579089957 0.1683624118847452 0.2550253757908995 0.13947123679253523
2 0.256451980762942 0.1298408450951319 0.26001847360167063 0.0784787462457732 0.29853669029855295 0.08061883982066795 0.29639680243186717 0.13305097076266253 0.2585918686296279 0.12877079830768454
2 0.26252219113009656 0.07793746201901004 0.26643817638448436 0.034606967561140324 0.30424311018672356 0.03674705378862932 0.30281650521468084 0.08061883982066795
2 0.30168318424989615 0.07986341250031166 0.30495639308136674 0.03674705378862932 0.3441879318556485 0.038887140016118295 0.3413347219115633 0.08061883982066793
2 0.29847326678106006 0.13282705073610615 0.3021031831372815 0.07954879303322059 0.3399081169395206 0.08382896548819854 0.3377682290728347 0.13412101755010988
2 0.29639680243186717 0.1683624118847452 0.2978234074039097 0.13198092397521516 0.33705490699543533 0.13626111112500464 0.3356283020233927 0.17264258433972318
2 0.3463278197223344 0.17264258433972318 0.3484677075890202 0.1298408450951319 0.41480466246659947 0.1384011900050879 0.41480466246659947 0.1769227714895127
2 0.34918996278866943 0.1289751497735029 0.35203423961050484 0.07954879303322056 0.4169445895160416 0.08489901227564592 0.41480466246659947 0.13626111112500466
2 0.3414861608634629 0.07986341250031166 0.3420480048062065 0.03781709322867092 0.40838495968378585 0.04316731247109628 0.4076716767891425 0.0848990122756459