0 0.5217470760233918 0.522203947368421 0.5190058479532165 0.3563596491228071 0.7172880116959064 0.3549890350877193 0.7081505847953217 0.5180921052631579
0 0.7081505847953217 0.5112390350877193 0.7182017543859651 0.34676535087719307 0.9155701754385965 0.34128289473684215 0.89546783625731 0.5071271929824562
0 0.5272295321637427 0.6743421052631579 0.5244883040935673 0.5276864035087719 0.7072368421052632 0.5194627192982457 0.7017543859649122 0.6661184210526315
0 0.7017543859649122 0.6674890350877193 0.7081505847953217 0.5167214912280702 0.89546783625731 0.508497807017544 0.8799342105263158 0.659265350877193
0 0.5308845029239766 0.7990679824561403 0.5272295321637427 0.6716008771929826 0.7026681286549709 0.664747807017544 0.6962719298245615 0.7976973684210527
0 0.6990131578947371 0.7963267543859649 0.7054093567251462 0.6661184210526317 0.8817616959064329 0.6565241228070176 0.8644005847953217 0.7922149122807017
0 0.5464181286549709 0.971765350877193 0.5418494152046784 0.8758223684210527 0.7063230994152047 0.8689692982456142 0.6999269005847955 0.9703947368421054
0 0.7026681286549707 0.9662828947368421 0.7063230994152047 0.8689692982456142 0.8671418128654971 0.8634868421052632 0.8543494152046783 0.9662828947368423
0 0.5500730994152047 0.971765350877193 0.7008406432748538 0.9703947368421054 0.7017543859649124 1 0.5491593567251462 1
0 0.7026681286549707 0.9676535087719298 0.8552631578947371 0.9662828947368423 0.8497807017543861 1 0.7008406432748538 1
2 0.2887426900584795 0.07264254385964913 0.3307748538011697 0.07401315789473684 0.333516081871345 0.14939692982456143 0.293311403508772 0.14802631578947367
2 0.33260233918128657 0.1493969298245614 0.33077485380116967 0.07538377192982458 0.36641081871345027 0.07538377192982457 0.37006578947368424 0.1521381578947369
2 0.36915204678362573 0.1493969298245614 0.3673245614035088 0.07264254385964915 0.4093567251461988 0.07127192982456144 0.4111842105263159 0.1493969298245614
2 0.41118421052631576 0.1493969298245614 0.4102704678362573 0.07127192982456143 0.48428362573099415 0.0699013157894737 0.4851973684210527 0.14802631578947373
2 0.30062134502923976 0.21929824561403508 0.29696637426900596 0.14802631578947376 0.36732456140350883 0.15076754385964916 0.3709795321637428 0.2206688596491228
2 0.37006578947368424 0.22203947368421054 0.36732456140350883 0.14939692982456146 0.4102704678362573 0.15076754385964913 0.4120979532163744 0.22203947368421056
2 0.41118421052631576 0.21655701754385964 0.41027046783625737 0.14939692982456143 0.44773391812865504 0.14939692982456146 0.449561403508772 0.22203947368421054
2 0.44864766081871343 0.21929824561403508 0.44590643274853803 0.14665570175438603 0.48702485380116967 0.14528508771929824 0.4851973684210527 0.21929824561403513
2 0.3033625730994152 0.2864583333333333 0.2987938596491229 0.21792763157894746 0.3362573099415205 0.21929824561403508 0.340826023391813 0.2850877192982456 0.3042763157894737 0.2864583333333333
2 0.3389985380116959 0.2837171052631579 0.3353435672514621 0.21655701754385964 0.3746345029239766 0.21792763157894737 0.3792032163742692 0.2878289473684212
2 0.3782894736842106 0.28508771929824567 0.37280701754385964 0.21929824561403508 0.4120979532163744 0.2192982456140352 0.41666666666666674 0.283717105263158
2 0.41758040935672514 0.2850877192982456 0.41209795321637427 0.21792763157894737 0.4870248538011696 0.2220394736842106 0.4888523391812866 0.2796052631578948
2 0.3079312865497076 0.34813596491228077 0.3033625730994153 0.2864583333333333 0.37280701754385964 0.28782894736842113 0.3755482456140351 0.34813596491228077
2 0.3718932748538012 0.2850877192982456 0.4111842105263159 0.2850877192982456 0.4148391812865498 0.3453947368421053 0.3746345029239767 0.34539473684210525
2 0.41118421052631576 0.2850877192982456 0.44864766081871355 0.2850877192982456 0.4513888888888889 0.34676535087719296 0.4166666666666667 0.34539473684210525
2 0.4468201754385965 0.28097587719298245 0.4851973684210527 0.28508771929824567 0.4861111111111112 0.3495065789473684 0.45138888888888895 0.34539473684210525
2 0.316154970760234 0.3851425438596492 0.3517909356725146 0.3837719298245615 0.35544590643274865 0.4454495614035088 0.31889619883040937 0.4440789473684212 0.3134137426900585 0.3878837719298247
2 0.35453216374269003 0.4454495614035088 0.3527046783625732 0.3851425438596492 0.38651315789473684 0.3851425438596492 0.3892543859649123 0.44544956140350883
2 0.3883406432748538 0.4440789473684211 0.38651315789473695 0.38651315789473695 0.42397660818713456 0.38651315789473695 0.42489035087719296 0.4440789473684211
2 0.42580409356725146 0.4454495614035088 0.42397660818713456 0.3851425438596492 0.4915935672514621 0.38377192982456154 0.49250730994152053 0.43996710526315796
2 0.32255116959064334 0.5002741228070177 0.317982456140351 0.4440789473684211 0.38103070175438597 0.43996710526315796 0.38651315789473684 0.49890350877192985
2 0.39016812865497075 0.4975328947368421 0.3883406432748539 0.44133771929824567 0.42489035087719296 0.4454495614035088 0.42489035087719296 0.49890350877192985
2 0.42489035087719296 0.49890350877192985 0.42489035087719307 0.4413377192982457 0.4596125730994152 0.4413377192982456 0.4596125730994152 0.49890350877192985 0.42671783625731 0.49890350877192985
2 0.4605263157894737 0.5002741228070176 0.4577850877192983 0.44133771929824556 0.49342105263157904 0.4413377192982457 0.4961622807017544 0.5002741228070177
2 0.3262061403508772 0.5509868421052632 0.3234649122807018 0.4975328947368421 0.35544590643274865 0.4961622807017544 0.35910087719298256 0.5509868421052633
2 0.360014619883041 0.5509868421052633 0.35635964912280715 0.49616228070175444 0.3919956140350878 0.4947916666666668 0.3947368421052632 0.5509868421052632
2 0.39473684210526316 0.5509868421052632 0.3910818713450293 0.4947916666666668 0.42580409356725146 0.49616228070175433 0.428545321637427 0.5537280701754387
2 0.43220029239766083 0.5537280701754386 0.4303728070175439 0.49890350877192985 0.4952485380116959 0.5016447368421053 0.49433479532163743 0.5537280701754386
2 0.3307748538011696 0.600328947368421 0.32803362573099426 0.5482456140350879 0.39108187134502925 0.5509868421052632 0.3919956140350878 0.600328947368421
2 0.3929093567251462 0.6016995614035088 0.3910818713450293 0.5496162280701755 0.4294590643274855 0.5537280701754386 0.4294590643274854 0.6030701754385965
2 0.42671783625730997 0.5989583333333334 0.42489035087719307 0.5496162280701755 0.4577850877192983 0.5509868421052632 0.4577850877192983 0.6016995614035088
2 0.45687134502923976 0.5989583333333334 0.4568713450292399 0.5509868421052632 0.4906798245614035 0.5523574561403509 0.49159356725146197 0.600328947368421
2 0.20630781555702943 0.5488188491517093 0.23969095723292416 0.5478173549014326 0.24503225990106725 0.5958890789147209 0.21164911822517252 0.5968905731649978
2 0.07744888868807578 0.5498203434019862 0.1388738693717221 0.5498203434019862 0.14688582337393682 0.5968905731649978 0.08679616835732634 0.5978920674152745
2 0.07143992318641475 0.4977426423875904 0.10415540202879156 0.4987441366378672 0.11149969319748837 0.5498203434019862 0.07878421435511156 0.5498203434019862
2 0.10348773919527367 0.49974563088814405 0.13420022953709682 0.4987441366378672 0.1428798463728294 0.5488188491517093 0.11149969319748837 0.5488188491517092
2 0.1989635243883326 0.4947381596367599 0.23501731739829892 0.4947381596367599 0.24169394573347788 0.5478173549014325 0.20564015272351152 0.5488188491517093
2 0.2116491182251726 0.436651493120703 0.24703524840162097 0.4356499988704262 0.2543795395703179 0.4917336768859293 0.2189934093938695 0.49373666538648303
2 0.07411057452048632 0.4456649413731946 0.12685593836839995 0.4426604586223641 0.1348678923706147 0.49674114813731357 0.08078720285566524 0.4957396538870366
2 0.04940704968032421 0.3885797691074146 0.08479317985677258 0.38557528635658406 0.09614344802657683 0.4456649413731946 0.060757317850128424 0.4446634471229178
2 0.0854608426902905 0.3855752863565841 0.11750865869914942 0.3845737921063072 0.1261882755348821 0.4416589643720873 0.09547578519305894 0.44165896437208724
2 0.18293961638390313 0.37956632085492303 0.22299938639497677 0.3785648266046462 0.22967601473015573 0.43564999887042616 0.19161923321963575 0.43865448162125675
2 0.018694559338501057 0.2834228728283462 0.08479317985677262 0.28242137857806937 0.09480812235954106 0.3435125278449567 0.030044827508305283 0.34551551634551037
2 0.007344291168696849 0.22133022931118204 0.04206275851162738 0.21932724081062835 0.05341302668143158 0.284424367078623 0.01802689650498316 0.2854258613288999
2 0.04206275851162738 0.2183257465603515 0.07811655152159364 0.21732425231007468 0.08813149402436211 0.2814198843277925 0.05341302668143157 0.284424367078623
2 0.0013353256670357928 0.15222712604207997 0.0607573178501284 0.14922264329124946 0.07411057452048632 0.215321263809521 0.006008965501661036 0.2203287350609052 2.077610338479825e-17 0.2033033328061989
2 0.029377164674787376 0.14922264329124946 0.016023908004429488 0.08011954002214734 1.5582077538598687e-17 0.08011954002214734 0.0006676628335179042 0.15222712604207994
2 0.017359233671465264 0.0791180457718705 0.056751340849021045 0.07811655152159365 0.06609862051827158 0.1482211490409726 0.028709501841269476 0.14922264329124946