2 0.46453309304841023 0.5561898468337468 0.5291094423062611 0.556189846833747 0.5298038116531197 0.6061844398075668 0.46522746239526896 0.6051428857872788
2 0.5298038116531196 0.555148292813459 0.5652166483429087 0.555148292813459 0.5645222789960502 0.6061844398075668 0.529109442306261 0.6061844398075666
2 0.5645222789960502 0.555148292813459 0.5985463769921221 0.555148292813459 0.5985463769921221 0.6051428857872788 0.5631335403023329 0.6061844398075668
2 0.5985463769921221 0.555148292813459 0.632570474988194 0.5572314008540348 0.6304873669476181 0.6061844398075668 0.5978520076452634 0.6061844398075668
2 0.46522746239526885 0.505153699839639 0.49925156039134083 0.505153699839639 0.49994592973819935 0.5561898468337468 0.46522746239526885 0.5572314008540349
2 0.49925156039134083 0.5030705917990632 0.53466439708113 0.5020290377787753 0.5353587664279886 0.5561898468337468 0.49994592973819946 0.5541067387931711
2 0.5360531357748471 0.5009874837584873 0.5728547111583535 0.5009874837584875 0.5714659724646363 0.555148292813459 0.538136243815423 0.5541067387931711
2 0.5735490805052121 0.5009874837584873 0.6395141684567802 0.5009874837584875 0.638125429763063 0.5561898468337467 0.5735490805052121 0.555148292813459
2 0.4770317412918652 0.44786822872380366 0.541608090549716 0.44474356666294 0.5429968292434332 0.5009874837584873 0.4798092186792997 0.504112145819351
2 0.541608090549716 0.4426604586223641 0.5770209272395053 0.4426604586223641 0.5770209272395053 0.4957797136570477 0.5423024598965747 0.4989043757179116 0.5409137212028575 0.44474356666294
2 0.5791040352800809 0.443702012642652 0.61451687196987 0.4426604586223641 0.6138225026230114 0.4989043757179115 0.5784096659332223 0.4989043757179116 0.5797984046269395 0.4509928907846675
2 0.6214605654384563 0.4989043757179115 0.6228493041321734 0.44161890460207626 0.6582621408219627 0.4384942425412125 0.6568734021282453 0.4978628216976237
2 0.46453309304841023 0.4489097827440916 0.4617556156609759 0.3895412035876804 0.500640299085058 0.3884996495673925 0.5013346684319167 0.4468266747035158
2 0.5013346684319167 0.4468266747035158 0.4992515603913409 0.38849964956739247 0.5367475051217058 0.3874580955471046 0.5374418744685644 0.44474356666293996
2 0.5374418744685644 0.4416189046020762 0.5367475051217058 0.3853749875065287 0.5735490805052121 0.38329187946595294 0.5735490805052121 0.44266045862236414
2 0.5728547111583535 0.4416189046020762 0.5721603418114949 0.38120877142537707 0.6429860151910731 0.3801672174050892 0.6422916458442146 0.4416189046020762
2 0.44509075133636916 0.34579593473558795 0.4416189046020762 0.28226113949802517 0.5124445779816544 0.2791364774371614 0.5145276860222303 0.3426712726747242
2 0.5145276860222302 0.34058816463414837 0.5145276860222302 0.27705336939658554 0.5527180000994537 0.27705336939658554 0.5534123694463124 0.34058816463414837
2 0.554106738793171 0.3416297186544363 0.554106738793171 0.27705336939658554 0.5909083141766773 0.27601181537629765 0.5909083141766773 0.34058816463414837
2 0.5909083141766773 0.3426712726747242 0.5922970528703946 0.2749702613560097 0.6304873669476182 0.27601181537629765 0.6284042589070423 0.3395466106138605
2 0.4423132739489347 0.28330269351831305 0.43745268852092456 0.21351857415902273 0.47772611063872394 0.21247702013873476 0.4791148493324411 0.2801780314574493
2 0.4798092186792997 0.28017803145744924 0.47772611063872383 0.21143546611844685 0.5166107940628061 0.20935235807787103 0.5186939021033818 0.2780949234168734 0.4805035880261583 0.2801780314574493
2 0.5179995327565233 0.2780949234168735 0.5166107940628061 0.20831080405758312 0.5554954774868882 0.20831080405758307 0.5561898468337468 0.2760118153762976 0.5193882714502405 0.2770533693965855
2 0.5582729548743227 0.2749702613560097 0.5554954774868882 0.2083108040575831 0.629098628253901 0.20726925003729516 0.6297929976007596 0.27497026135600966 0.5610504322617571 0.27601181537629765
2 0.4374526885209245 0.21143546611844682 0.43536958048034863 0.14269290077944444 0.5096671005942199 0.1395682387185807 0.5117502086347958 0.21143546611844685
2 0.5117502086347958 0.21039391209815891 0.5103614699410786 0.13644357665771692 0.5492461533651608 0.13644357665771692 0.5499405227120194 0.20726925003729516
2 0.5513292614057367 0.20726925003729516 0.550634892058878 0.13540202263742904 0.5895195754829601 0.1343604686171411 0.5895195754829601 0.2083108040575831
2 0.5895195754829601 0.20726925003729516 0.5895195754829601 0.13644357665771692 0.629098628253901 0.13644357665771692 0.629098628253901 0.20622769601700727
2 0.43467521113349 0.1416513467591565 0.43189773374605556 0.06770101131871452 0.47217115586385505 0.0666594572984266 0.47425426390443076 0.13956823871858068
2 0.47355989455757214 0.13956823871858068 0.47217115586385505 0.0656179032781387 0.513138947328513 0.06561790327813868 0.5145276860222303 0.13956823871858068
2 0.5138333166753716 0.13644357665771692 0.5131389473285131 0.06249324121727493 0.5534123694463124 0.06249324121727493 0.5534123694463124 0.135402022637429
2 0.5534123694463124 0.1343604686171411 0.5534123694463124 0.06249324121727493 0.6325704749881941 0.05936857915641118 0.6304873669476182 0.1333189145968532
2 0.796441640846826 0.5603560629148986 0.7908866860719571 0.6082675478481426 0.7735274524004916 0.6082675478481426 0.7776936684816436 0.5603560629148986
2 0.8013022262748363 0.5613976169351864 0.8068571810497053 0.5030705917990631 0.7832486232565125 0.5030705917990631 0.7776936684816436 0.5613976169351863 0.7999134875811191 0.5624391709554742
2 0.8026909649685535 0.5020290377787753 0.8082459197434224 0.4489097827440916 0.7874148393376642 0.44890978274409166 0.7825542539096539 0.5020290377787753 0.8033853343154121 0.5030705917990632
2 0.8138008745182912 0.4499513367643795 0.8228276760274532 0.3895412035876804 0.795052902153109 0.3884996495673925 0.7888035780313812 0.45203444480495536
2 0.8138008745182914 0.4489097827440916 0.8221333066805948 0.3874580955471046 0.8589348820641011 0.39058275760796834 0.8512968192486562 0.4489097827440916
2 0.8519911885955149 0.4509928907846674 0.8596292514109597 0.3884996495673925 0.9054576283036277 0.3895412035876804 0.8957364574476073 0.4489097827440916
2 0.8047740730091294 0.5020290377787753 0.8110233971308569 0.44786822872380366 0.8464362338206459 0.4499513367643795 0.83949254035206 0.5041121458193512
2 0.8450474951269288 0.5051536998396391 0.8519911885955149 0.4499513367643795 0.8887927639790212 0.4489097827440916 0.8811547011635765 0.5082783619005028
2 0.8006078569279776 0.5593145088946107 0.8061628117028465 0.505153699839639 0.8422700177394942 0.5051536998396391 0.8360206936177667 0.5603560629148986
2 0.8387981710052014 0.5582729548743227 0.8471306031675045 0.505153699839639 0.8874040252853038 0.5061952538599269 0.8797659624698593 0.5613976169351865
2 0.7915810554188158 0.6051428857872788 0.7957472714999674 0.5593145088946107 0.8311601081897566 0.5603560629148986 0.8256051534148877 0.6072259938278547
2 0.8249107840680291 0.6072259938278547 0.8311601081897566 0.5572314008540348 0.8658785755326873 0.5613976169351864 0.8582405127172424 0.6093091018684306
2 0.7978303795405433 0.34892059679645165 0.817967090599443 0.3489205967964516 0.8249107840680291 0.283302693518313 0.8047740730091294 0.282261139498025
2 0.8318544775366152 0.28226113949802517 0.8387981710052014 0.21247702013873473 0.8117177664777153 0.21247702013873476 0.805468442355988 0.283302693518313
2 0.8367150629646255 0.21351857415902267 0.8436587564332114 0.1406097927388686 0.8193558292931602 0.14060979273886862 0.8138008745182914 0.21456012817931056
2 0.8492137112080804 0.13956823871858068 0.8561574046766666 0.06249324121727496 0.8992083041819003 0.06249324121727496 0.8894871333258798 0.14060979273886862
2 0.8485193418612218 0.1416513467591565 0.8547686659829493 0.06353479523756284 0.826993892108605 0.06457634925785079 0.8207445679868776 0.1416513467591565
2 0.8374094323114841 0.2156016821995985 0.84435312578007 0.1395682387185807 0.8887927639790212 0.14060979273886856 0.8797659624698593 0.21456012817931056
2 0.8332432162303325 0.2791364774371614 0.8387981710052012 0.21351857415902267 0.8797659624698593 0.21247702013873473 0.8728222690012732 0.28434424753860094
2 0.8186614599463016 0.3468374887558759 0.8256051534148877 0.2812195854777372 0.86448983683897 0.2812195854777372 0.8568517740235252 0.34892059679645165
2 0.8582405127172424 0.3468374887558759 0.8651842061858286 0.2801780314574493 0.9061519976504864 0.2812195854777371 0.8978195654881832 0.34683748875587583
2 0.8728222690012732 0.2812195854777372 0.8804603318167179 0.21247702013873473 0.9311492941373963 0.21456012817931056 0.9214281232813759 0.2812195854777372
2 0.8978195654881832 0.3468374887558759 0.9061519976504863 0.28017803145744924 0.9207337539345173 0.28017803145744924 0.9103182137316382 0.3499621508167396
2 0.8811547011635765 0.21351857415902267 0.8894871333258798 0.13748513067800486 0.928371816749962 0.13956823871858065 0.9207337539345173 0.21560168219959847
2 0.8901815026727384 0.1385266846982928 0.8992083041819003 0.062493241217274974 0.9519803745431547 0.0656179032781387 0.9422592036871341 0.14060979273886864
2 0.14295323855975328 0.5421610816119901 0.17478998601192547 0.5430974565370541 0.18290523536247907 0.6011527018910149 0.15356548771047732 0.6020890768160789
2 0.12048024035822001 0.4766148368575181 0.1697959864115847 0.47755121178258203 0.17915973566222357 0.5440338314621177 0.1279712397587311 0.5421610816119901
2 0.11049224115753857 0.4101322171779822 0.14482598840988106 0.40919584225291833 0.15356548771047737 0.47755121178258203 0.12110449030826265 0.47755121178258203
2 0.009363749250638875 0.5440338314621178 0.03745499700255544 0.5459065813122457 0.04681874625319429 0.6011527018910149 0.02122449830144808 0.6030254517411427
2 0.0012484999000851957 0.4803603365577736 0.02372149810161847 0.48223308640790147 0.03683074705251288 0.5449702063871819 0.008739499300596252 0.5440338314621179 0 0.49908783505905135
2 0.14295323855975328 0.6020890768160787 0.13171673945898665 0.543097456537054 0.11735899060800713 0.543097456537054 0.1279712397587311 0.6002163269659512
2 0.09738299220664418 0.6002163269659512 0.08926774285609052 0.5487157060874374 0.07178874425489798 0.5468429562373095 0.0836494933057072 0.601152701891015
2 0.11923174045813484 0.47661483685751804 0.10799524135736821 0.4129413419531738 0.09613449230655897 0.4129413419531738 0.10612249150724042 0.4766148368575181
2 0.07678274385523869 0.4784875867076458 0.06429774485438684 0.4120049670281099 0.04869149610332211 0.41481409180330164 0.06117649510417395 0.4766148368575181
2 0.13671073905932737 0.36893172047517114 0.12360149010843295 0.2940217264700603 0.07803124375532387 0.3005763509455075 0.08926774285609054 0.36893172047517114
2 0.1092437412574534 0.2968308512452519 0.09738299220664419 0.2191117324649494 0.06429774485438684 0.22192085724014102 0.07803124375532386 0.29963997602044357
2 0.10487399160715527 0.21723898261482158 0.09114049270621828 0.13296523935907184 0.05056424595344988 0.13390161428413572 0.06554624475447209 0.22098448231507717