0 0.42580409356725146 0.668859649122807 0.42580409356725146 0.5468750000000001 0.5217470760233919 0.5496162280701755 0.519919590643275 0.6688596491228072
0 0.5199195906432749 0.6729714912280702 0.5235745614035088 0.5496162280701754 0.6213450292397661 0.5509868421052633 0.6158625730994152 0.6688596491228072
0 0.6158625730994152 0.6524122807017544 0.6204312865497076 0.5523574561403509 0.6167763157894737 0.5290570175438597 0.6853070175438597 0.5317982456140352 0.6770833333333334 0.6524122807017545
0 0.6770833333333334 0.6524122807017544 0.6853070175438598 0.5304276315789475 0.7520102339181286 0.5317982456140351 0.7428728070175439 0.6524122807017545
0 0.42123538011695916 0.7743969298245614 0.42123538011695916 0.6606359649122807 0.4906798245614035 0.6661184210526317 0.48885233918128657 0.7785087719298247
0 0.48885233918128657 0.7785087719298246 0.4888523391812866 0.6674890350877193 0.5582967836257311 0.6716008771929824 0.5546418128654972 0.7826206140350878
0 0.5555555555555556 0.7867324561403509 0.5592105263157896 0.6674890350877194 0.6524122807017544 0.674342105263158 0.6469298245614035 0.7894736842105263
0 0.6460160818713451 0.7867324561403509 0.6542397660818714 0.6729714912280702 0.7465277777777778 0.6743421052631579 0.737390350877193 0.7922149122807018
0 0.41483918128654973 0.7894736842105263 0.5062134502923976 0.7922149122807018 0.5043859649122807 0.8977521929824562 0.4166666666666667 0.8950109649122808
0 0.5071271929824561 0.7894736842105264 0.5975877192982457 0.7894736842105264 0.5939327485380118 0.8950109649122808 0.5034722222222223 0.8936403508771931
0 0.5975877192982456 0.7867324561403509 0.6652046783625731 0.786732456140351 0.6578947368421053 0.8922697368421053 0.5930190058479532 0.8908991228070176
0 0.6661184210526315 0.7867324561403509 0.7328216374269008 0.7894736842105263 0.7227704678362574 0.8950109649122808 0.6597222222222223 0.8922697368421054
0 0.41849415204678364 0.9594298245614035 0.5062134502923977 0.9621710526315791 0.5062134502923977 1 0.42032163742690065 1
0 0.5052997076023392 0.9608004385964912 0.5911915204678363 0.9662828947368421 0.5911915204678363 1 0.5043859649122808 1 0.5080409356725146 0.9676535087719298
0 0.5921052631578947 0.962171052631579 0.6478435672514622 0.9608004385964912 0.6460160818713451 1 0.5902777777777778 0.9991776315789473 0.5911915204678363 0.971765350877193
0 0.6487573099415205 0.9594298245614035 0.7072368421052633 0.9580592105263158 0.7044956140350878 1 0.6441885964912281 0.9978070175438597
1 0.7638888888888888 0.6154057017543859 0.7666301169590645 0.5509868421052633 0.8205409356725147 0.5550986842105263 0.8132309941520469 0.6167763157894738
1 0.7721125730994152 0.5509868421052632 0.7748538011695907 0.4906798245614036 0.8269371345029242 0.4961622807017544 0.8177997076023393 0.5550986842105263
1 0.7803362573099415 0.4920504385964912 0.7830774853801171 0.42489035087719296 0.8296783625730996 0.4276315789473684 0.825109649122807 0.4961622807017544
1 0.7885599415204678 0.42489035087719296 0.7913011695906434 0.35910087719298245 0.8369883040935674 0.36184210526315796 0.8305921052631581 0.4276315789473685
1 0.8753654970760234 0.4290021929824561 0.8826754385964914 0.3563596491228071 0.9055190058479534 0.35773026315789475 0.899122807017544 0.4290021929824561
1 0.8671418128654971 0.4947916666666667 0.8744517543859651 0.4276315789473684 0.8991228070175439 0.42626096491228077 0.8918128654970761 0.4947916666666668
1 0.8616593567251462 0.5564692982456141 0.8689692982456142 0.4934210526315791 0.8881578947368423 0.4947916666666667 0.8808479532163744 0.5550986842105263
1 0.8552631578947368 0.6154057017543859 0.8607456140350878 0.5537280701754387 0.8808479532163744 0.5550986842105263 0.8726242690058481 0.6154057017543859 0.857090643274854 0.6154057017543861
1 0.8744517543859651 0.6099232456140352 0.8799342105263159 0.5496162280701754 0.9347587719298246 0.5509868421052632 0.9265350877192984 0.6126644736842106
1 0.8826754385964912 0.5509868421052632 0.8890716374269008 0.4906798245614035 0.944809941520468 0.48930921052631576 0.9356725146198832 0.5509868421052633
1 0.8908991228070176 0.4906798245614035 0.8972953216374269 0.42489035087719296 0.9548611111111113 0.42489035087719296 0.9466374269005849 0.4906798245614035
1 0.8991228070175439 0.4262609649122807 0.9073464912280703 0.3563596491228071 0.9676535087719298 0.3563596491228071 0.9566885964912281 0.42626096491228077
1 0.9566885964912281 0.42489035087719296 0.9667397660818715 0.35498903508771934 1 0.35498903508771934 0.9978070175438597 0.4262609649122807
1 0.9475511695906432 0.4920504385964912 0.9566885964912281 0.4262609649122807 1 0.4276315789473684 0.9987207602339181 0.4906798245614035
1 0.935672514619883 0.5537280701754386 0.9457236842105264 0.4879385964912281 0.9978070175438598 0.48793859649122806 0.988669590643275 0.5523574561403509
1 0.9274488304093569 0.6099232456140352 0.9365862573099415 0.5509868421052633 0.9859283625730995 0.5509868421052632 0.9786184210526317 0.6099232456140352
1 0.7675438596491229 0.7209429824561403 0.7721125730994152 0.6592653508771931 0.8095760233918129 0.6578947368421054 0.8040935672514622 0.7168311403508774
1 0.7666301169590644 0.7648026315789473 0.7684576023391815 0.7209429824561403 0.804093567251462 0.7195723684210528 0.7986111111111113 0.7716557017543861
1 0.7574926900584797 0.8182565789473685 0.7611476608187134 0.7634320175438597 0.7986111111111112 0.7702850877192983 0.7949561403508771 0.8182565789473685
1 0.7538377192982456 0.8634868421052632 0.756578947368421 0.8182565789473686 0.7958698830409356 0.8182565789473686 0.7903874269005849 0.8675986842105263
1 0.8278508771929824 0.8648574561403509 0.8333333333333334 0.8141447368421054 0.8561769005847953 0.815515350877193 0.8525219298245614 0.8634868421052632
1 0.8333333333333335 0.8155153508771931 0.8388157894736842 0.767543859649123 0.8653143274853801 0.7689144736842105 0.858918128654971 0.8141447368421053
1 0.8388157894736842 0.7702850877192983 0.8433845029239766 0.7154605263157896 0.8717105263157896 0.7154605263157896 0.8662280701754386 0.767543859649123
1 0.8442982456140352 0.7168311403508774 0.8506944444444444 0.6578947368421054 0.8771929824561403 0.6592653508771931 0.8717105263157896 0.7154605263157896
1 0.8698830409356727 0.7168311403508771 0.876279239766082 0.6551535087719299 0.9274488304093568 0.6578947368421054 0.9237938596491229 0.7140899122807018
1 0.8662280701754386 0.7702850877192983 0.870796783625731 0.7127192982456142 0.923793859649123 0.7113486842105263 0.9164839181286552 0.7634320175438598
1 0.8580043859649122 0.8168859649122807 0.8662280701754386 0.767543859649123 0.9155701754385966 0.7648026315789473 0.9100877192982458 0.815515350877193
1 0.8525219298245615 0.8525219298245614 0.8570906432748538 0.8155153508771931 0.9091739766081873 0.8141447368421054 0.9027777777777779 0.8621162280701755 0.851608187134503 0.8648574561403509
1 0.9055190058479534 0.8566337719298246 0.9091739766081873 0.8114035087719299 0.9539473684210528 0.8100328947368421 0.9466374269005848 0.8593750000000001
1 0.9100877192982456 0.8127741228070176 0.9173976608187137 0.7620614035087719 0.9630847953216376 0.7606907894736843 0.9557748538011698 0.8100328947368423
1 0.9173976608187134 0.7620614035087719 0.923793859649123 0.7099780701754386 0.9722222222222222 0.7113486842105264 0.9649122807017544 0.762061403508772 0.9237938596491229 0.7634320175438597
1 0.9247076023391813 0.7154605263157895 0.9274488304093568 0.6578947368421054 0.9767909356725146 0.6633771929824562 0.9703947368421054 0.7113486842105264