0 0.03191116957636609 0.3384512401463693 0.1754611124304605 0.34092256121316195 0.19068986235857685 0.4977921131849936 0.059722735669191764 0.4977921131849936
0 0.17719625729566432 0.339821854181457 0.32064170930913843 0.3409225612131619 0.33180945182051974 0.4993151652480088 0.1957660937448557 0.4962691447831738
0 0.32267221301750604 0.34701456031223427 0.4272428472673933 0.3500605807770693 0.433334302623216 0.5114991634461535 0.3328246757900635 0.5099761950443338
0 0.05018602337753568 0.5097779945323342 0.18764407891138574 0.5175912043758236 0.20591855651741328 0.6561847590504382 0.07596670956685184 0.6531387385856032
0 0.19364362571671698 0.5097779945323342 0.33282467579006353 0.5145451839109887 0.343992418301445 0.6531387385856032 0.2099795639341484 0.6500927181207681
0 0.33344625729566435 0.5138898366375974 0.4353648621008633 0.5145451839109885 0.4404410934871423 0.6577077274522581 0.34602292200981244 0.6607537479170933
0 0.07668456138923159 0.6550630822516325 0.20591855651741345 0.6561847590504382 0.2221625861843533 0.7871632207323678 0.09830219458961452 0.7841172002675326 0.07596670956685184 0.6653227367837481
0 0.21191847951788656 0.6536924682165447 0.34399241830144495 0.6546617069874231 0.3541448810740027 0.7871632207323678 0.2272388175706323 0.7841172002675326
0 0.34623865495648304 0.6605455383919833 0.43942575797903877 0.6607537479170933 0.4475477728125088 0.7886861891341875 0.3551601608128264 0.7856401686693524
0 0.11860717590400971 0.8709284907011472 0.23536077663482247 0.870928490701147 0.24754379888502742 0.9684008945922818 0.13282064609330246 0.9607858852607922
0 0.23658953214946551 0.871620099795492 0.36125161616864904 0.8770205316308172 0.3673431830630312 0.971446915057117 0.2485590228545714 0.9668778425292666
0 0.36085853799741874 0.8798437840060184 0.45059355625970016 0.8785435836938323 0.4536393397068911 0.9760159039237716 0.366327847554928 0.9684008945922821
0 0.13790532162314972 0.9579687840060184 0.2516047505324827 0.9684008945922818 0.2576962616575853 1 0.1450036683435076 0.9988610155794366
0 0.25668103768804146 0.9684008945922818 0.37343463841885405 0.9699238629941019 0.3774956458355891 1 0.2607419893354966 0.9988610155794369
0 0.3754784210383543 0.974416152427071 0.45973079506271375 0.979061924388607 0.4617612430018016 1 0.37851086980513293 0.9988610155794366
0 0.5865529824418632 0.68658720505865 0.5896825862439955 0.5267292657703287 0.7165887055166454 0.5267292657703289 0.7044057948050004 0.6927368373060678
0 0.7053395321494654 0.6920696611990008 0.7176039294861895 0.5297752862351639 0.847555832206031 0.5297752862351639 0.8292813546000029 0.6973059098339179
0 0.8277810526173017 0.6948108892691763 0.8485710561755749 0.5312982546369835 0.9764923994177688 0.5312982546369837 0.9521264664559185 0.6973059098339179
0 0.5856215788272606 0.6942598893690832 0.706436242744088 0.7003519302987532 0.6952685560019864 0.8465604106436623 0.5815606829490851 0.8389454013121722
0 0.7044257894594069 0.7002933454095271 0.8272507951223559 0.7033978671023927 0.8120221009635192 0.8511294831715126 0.6972990039410744 0.8435143901788272
0 0.8286947953073602 0.7030345734797026 0.9511112424863745 0.7033978671023928 0.9287757574636116 0.8511294831715127 0.8120221009635192 0.8511294831715126
0 0.578514899501894 0.9227107549421474 0.6871465411685164 0.9303257642736371 0.6820703097822376 1 0.5764843400242468 1
0 0.6881617651380602 0.931848732675457 0.8018696381909616 0.942509762471782 0.7927323993879477 1 0.6820703097822378 1
0 0.8031099999857227 0.9415214155849657 0.9105012798575842 0.9440328145347971 0.8973030336378355 1 0.7957781828351391 1