0 0.05018602337753568 0.539931503304264 0.13485114980166998 0.5450053048981435 0.15312562740769772 0.7033978671023928 0.07393626162776419 0.6973059098339182
0 0.1333366081728573 0.5440433454095271 0.22013208247598604 0.5450053048981435 0.21505579532042735 0.5602354072223187 0.23434555266527868 0.7064438875672276 0.1531256274076977 0.701874898700573
0 0.21740093565823743 0.5577494857604044 0.36937363100211906 0.5632813440259584 0.377495645835589 0.7216739898914031 0.23333027292645495 0.715581948961733
0 0.07211584793893919 0.7016639594446149 0.15414090714652137 0.7049209191654079 0.1714001050137255 0.8465604106436624 0.09322596320333575 0.8419914217770075
0 0.1561801754243193 0.7057758015498781 0.23536077663482247 0.712535928496898 0.2505895265629389 0.8526524515733322 0.17343060872209304 0.8480834627066774
0 0.23658953214946551 0.7194819419007552 0.3795260937746767 0.7201509378283878 0.38764810860814675 0.8602674609048223 0.2505895265629389 0.8526524515733324
0 0.4485778362430327 0.34530431032180786 0.5906979217520989 0.3454915919104145 0.5886673622744517 0.5038841541146636 0.45160878022924394 0.5038841541146636
0 0.592035438582214 0.34530431032180786 0.7419699739865995 0.34549159191041434 0.7318175112140418 0.5069301745794987 0.5927283696911867 0.5069301745794987
0 0.7437167251319216 0.34530431032180786 0.846540608236487 0.3485375705446518 0.8292813546000032 0.505407206177679 0.7308021757059384 0.5023611857128438
0 0.45770023558506645 0.5221601932424784 0.5947588176302743 0.5191142564388389 0.5967893771079216 0.6607537479170933 0.46176124300180155 0.6607537479170932
0 0.6002591227927403 0.5097779945323342 0.7409547500170559 0.5084531429813185 0.7338479591531294 0.657707727452258 0.5978046010774657 0.6561847590504382
0 0.748285438582214 0.5138898366375974 0.846540608236487 0.5145451839109886 0.8292813546000032 0.6561847590504382 0.7358784070922174 0.657707727452258
0 0.4613702339038514 0.6646573804972464 0.5927283696911867 0.665322736783748 0.5927283696911867 0.7932552616620379 0.4637918024794489 0.7932552616620379
0 0.5966041520325064 0.6564336962867201 0.7297869517363945 0.6607537479170932 0.7196344889638371 0.7886861891341875 0.5927283696911867 0.7886861891341874
0 0.7318380701611613 0.6564336962867201 0.8242051232137242 0.6577077274522581 0.8099916530244317 0.7841172002675325 0.7216649369029248 0.7810711798026976
0 0.4723351461845532 0.9648218541814569 0.4688680338657277 0.8739745111659821 0.5917131457216428 0.8739745111659821 0.5886673622744515 0.9623088536626119
0 0.5911216958921556 0.9661924682165447 0.5917131457216428 0.8739745111659821 0.7165887055166457 0.8770205316308172 0.7094820261912791 0.9684008945922818
0 0.7099082455997578 0.974416152427071 0.719634488963837 0.8754975632289973 0.8049154216381527 0.8754975632289973 0.7937476233574915 0.9729698834589368
0 0.4714214034944947 0.9648218541814569 0.5876521383049077 0.9623088536626119 0.5886673622744515 1 0.4719138173129188 1
0 0.5911216958921556 0.9634512401463693 0.7094820261912791 0.9668778425292667 0.7084666906831758 1 0.5906979217520991 0.9988610155794366
0 0.7135632163599918 0.974416152427071 0.7927323993879477 0.9744929355219519 0.7896866159407567 1 0.7104972501608231 1
0 0.09770064326057662 0.9154797489182991 0.1744458884609167 0.9196647344773123 0.17140010501372543 0.9288027122106218 0.1845983512334743 1 0.11454616848727485 1
0 0.17444588846091666 0.925756691745787 0.24957430259339494 0.9318487326754571 0.2607419893354966 1 0.18358312726393058 1
0 0.258519356710869 0.92096220505865 0.38967866808579404 0.9303257642736371 0.39577012344161666 1 0.2658182764910552 1