2 0.32673316466496116 0.3987967827226367 0.37851086980513293 0.4033657715892915 0.3825718772218678 0.4658090237960189 0.33180945182051963 0.462763003331184
2 0.37821964910852973 0.4001288717253166 0.4323190786536722 0.4033657715892915 0.43536486210086345 0.47037801266267365 0.38054142928278023 0.46733199219783866
2 0.43213046782198006 0.40149948576040434 0.48714251147175525 0.4048887818217092 0.48815773544129915 0.47190106472568893 0.4343495265927599 0.4703780126626737
2 0.32979128653543044 0.461806503304264 0.38155665325232396 0.465809023796019 0.38561766066905906 0.5328213066999988 0.3379009071763425 0.5267292657703286
2 0.3818746198687637 0.46454773137443944 0.43638008607040724 0.4673319921978387 0.4404410934871422 0.5328213066999988 0.38764810860814675 0.5297752862351638
2 0.435785438582214 0.4686595734797026 0.4881577354412992 0.4688550442608539 0.49120351888849045 0.5373902955666535 0.437395310039951 0.5328213066999988
2 0.3352737426757813 0.5248547489182991 0.38764810860814686 0.5282522341721484 0.3937395639639695 0.5846034872798034 0.3460229220098124 0.5815574668149686
2 0.38827081869917307 0.5289665910235622 0.4394257579790387 0.5312982546369835 0.4404410934871422 0.5861264556816232 0.3917091160248819 0.5830804352167882
2 0.437612923962331 0.5289665910235622 0.49018829491894644 0.5358672435036385 0.49120351888849056 0.5922184966112937 0.44247154142622985 0.5861264556816232 0.4394257579790387 0.5389132639684734
1 0.551146138466606 0.42565370592556345 0.5567681922779428 0.30917292548170716 0.6359908404746731 0.31464601295236905 0.6292152139732898 0.42958095720981454
1 0.6294843439282705 0.4277646156535724 0.6359908404746732 0.3115185436011522 0.7188619249648068 0.31542788565885066 0.7100014859044661 0.43427217197399465
1 0.7092298225419409 0.4298755253815813 0.7193831137893181 0.31308226753940577 0.8017329521940282 0.31386414024588744 0.7892241341011964 0.4334903207422227
1 0.5473865643930909 0.5320059811129733 0.552077378335517 0.42332599703267115 0.6286940251487786 0.4295809572098145 0.62296083355733 0.5382609198154069
1 0.6290152528776017 0.4270609790775694 0.7068742956964863 0.43270844803574104 0.6985350454606568 0.5382609198154069 0.6229608335573301 0.5327878323447451
1 0.7068843672885976 0.4298755253815813 0.7876605103667501 0.43349032074222277 0.7777576936573871 0.5437340502354882 0.6974926678116343 0.537479068583635 0.7053106719620402 0.43036282991629615
1 0.5445788637572448 0.6698155977985956 0.547386564393091 0.592209986239672 0.6208760209983727 0.5961193282973705 0.6161852070559466 0.6766519808431722
1 0.6158807034588796 0.6719265075266045 0.6187912084394154 0.6000287133044884 0.6943654203427421 0.6062836520069219 0.6886322287512937 0.6805613658502903
1 0.6881207252618516 0.6789628732866343 0.6943654203427421 0.6055018007751501 0.7688972545970464 0.6101929940646206 0.7600368155367057 0.6836888137267974
1 0.5436406816559075 0.7584738063749704 0.5447805630096224 0.671960787553702 0.6156640182314355 0.6758701296114004 0.6120155819380322 0.7626577208596361
1 0.6130661571548678 0.7584738063749704 0.6172275847049694 0.6735245329666654 0.6875897938413589 0.6805613658502903 0.6802929785154643 0.7657852116855627
1 0.6865474161923363 0.6789976204373269 0.7600368155367057 0.6821250683138341 0.7522188113862998 0.7720401933374158 0.6797717896909529 0.7650033604537907
2 0.5473865643930911 0.11841524986116123 0.5984643289352655 0.12154274068708786 0.5969007624617316 0.18331049122674992 0.596379516376308 0.20598475676529795 0.5463441867440685 0.20207537175818002
2 0.5961788793307963 0.2047118210606294 0.5979431401107542 0.12545208274478625 0.6683053492471437 0.12779770086423123 0.6630933464802065 0.21145784423595965 0.5963795163763081 0.20520286258410664
2 0.6637279906270819 0.21034091366865323 0.6688265380716549 0.12779770086423126 0.7376251807345109 0.12701582815774956 0.7292859304986813 0.21067595005476833