0 0.042876081857067844 0.41246439804110613 0.17444588846091658 0.4109808227513792 0.1896745826197532 0.5663273644907934 0.06784475050266164 0.5739424574834786
0 0.1744550292254889 0.4165762401463693 0.301351951964287 0.4140268432162141 0.3125196944756684 0.5693733849556283 0.1896745826197532 0.5708964370186437
0 0.3005515204535591 0.417946854181457 0.430288519176025 0.41554985344863177 0.43638008607040724 0.5648043960889735 0.31150447050612434 0.5678504165538086
0 0.05840970758806199 0.5728262401463693 0.18358312726393047 0.5739424574834787 0.1988118214227671 0.711012960095078 0.079012493014043 0.715581948961733
0 0.18450619881613217 0.5783086962867201 0.30845868705893326 0.5769883942871183 0.31759592586194735 0.7140589805599131 0.19779659745322314 0.7155819489617329
0 0.31151643273426083 0.5769380822516325 0.43536486210086345 0.5724194054204635 0.4384105340094949 0.707966939630243 0.32064170930913843 0.7125359284968978
0 0.0803395321494655 0.7194819419007552 0.19779659745322314 0.7155819489617331 0.21201006764251587 0.8389454013121723 0.09931747432843821 0.8450374422418425
0 0.1988118214227672 0.7186279694265678 0.31759592586194724 0.7155819489617331 0.32571794069541726 0.8389454013121723 0.21404057135088347 0.8435143901788273
0 0.3179126315646702 0.7167407138305798 0.43434952659275994 0.7140589805599131 0.4394257579790389 0.8328533603825025 0.32571794069541715 0.8374224329103527
0 0.11688923975180468 0.9168503629533868 0.22013208247598595 0.9166187140124772 0.23231504895691116 1 0.13180542212375865 0.9988610155794366
0 0.22014216372841286 0.9113679068130359 0.32876366837332854 0.9120496414846269 0.33587040346797503 1 0.23028454524854364 1
0 0.3261363157751965 0.9099972927779482 0.43739531003995114 0.9044346321531369 0.43739531003995114 1 0.33282467579006353 1
0 0.5545719882898164 0.5138898366375974 0.558209862418219 0.34549159191041445 0.7074514667136318 0.34396858167799704 0.6972990039410742 0.5191142564388388 0.558209862418219 0.5145451839109886
0 0.6972990039410741 0.5191142564388389 0.706436242744088 0.3500605807770692 0.8556778470395009 0.3470145603122343 0.839433817372561 0.5160682359740038
0 0.8442284210383544 0.5275959769884745 0.8617693023953237 0.35615262170673934 0.96329415319802 0.3500605807770693 0.9409586681752574 0.5145451839109886
0 0.5545719882898164 0.6797341348832113 0.5571946384486752 0.5282522341721484 0.6577042652818277 0.5267292657703289 0.6485670264788137 0.6744607981782531
0 0.6496012280558983 0.6742516787428605 0.6556738173427398 0.5236832453054937 0.8008544142214178 0.5221601932424785 0.784610384554478 0.6759837665800731
0 0.7875763742547286 0.6701398366375974 0.8018696381909616 0.5236832453054937 0.9450196755919923 0.5221601932424785 0.9226841905692295 0.671414777713418
0 0.5490895321494654 0.8113130822516325 0.5500879591233088 0.6775068186430881 0.6881617651380602 0.674460798178253 0.6800397503045902 0.8115313007898525
0 0.6788409941377695 0.8113130822516325 0.6901922130771481 0.6775068186430881 0.826235571152812 0.6775068186430881 0.8110068769939753 0.8115313007898525
0 0.8104199415061906 0.8099424682165447 0.8252203471832683 0.674460798178253 0.9216689665996857 0.6714147777134181 0.899333481576923 0.8115313007898525
0 0.5454345613892315 0.979898608567422 0.5460269517065736 0.8831125725604873 0.6709025115015764 0.8892046134901573 0.6648110561457536 0.9851539653182769
0 0.6687898245471263 0.984010450672685 0.6769940783959586 0.8861585930253223 0.8028848621605056 0.8876815614271419 0.7886713919712128 0.9851539653182771
0 0.7912313450149625 0.984010450672685 0.8018696381909615 0.884635540962307 0.8891810188043652 0.8785435836938323 0.86887609325925 0.9805848927904267