0 0.38764810860814686 0.5465283569611588 0.4851119519941081 0.5465283569611588 0.4851119519941081 0.6698918093115983 0.3896786680857941 0.6698918093115983
0 0.4851275438453719 0.5467845734797026 0.5825759069186289 0.5450053048981435 0.5795301234714378 0.665322736783748 0.48511195199410806 0.6698918093115984
0 0.5792430409213953 0.5262253629533868 0.6465365785397259 0.5267292657703287 0.6414603471534472 0.6455237292541135 0.5795301234714378 0.6485696660577529 0.5825759069186289 0.5480513253629786
0 0.6459462572956642 0.5262253629533868 0.7125276980999107 0.5252062137073136 0.7044057948050003 0.6470466976559331 0.6404451231839032 0.6470466976559331
0 0.38735707600911456 0.7715652752340886 0.4526240041987876 0.7749791388730275 0.4516087802292438 0.6683687572485832 0.38967866808579404 0.6683687572485832 0.385617660669059 0.6592307795152733
0 0.4513190643132082 0.6660279945323342 0.519630459267076 0.6668457888467633 0.5186152352975318 0.7795482114008779 0.4516087802292438 0.7765021909360427
0 0.5189360233775356 0.6660279945323342 0.6130334067748617 0.6698918093115983 0.6099876233276705 0.7856401686693523 0.517600011327988 0.7810711798026977
0 0.6130334067748617 0.671414777713418 0.7054210187745441 0.671414777713418 0.6983142279106181 0.7856401686693524 0.6079570638500232 0.7825942318657129
0 0.38004713448864674 0.7852714155849657 0.4719138173129188 0.7856401686693523 0.4729290412824626 0.8937736023568121 0.38054142928278023 0.8922506339549924
0 0.47050766080443623 0.7852714155849657 0.5612556458654101 0.7856401686693524 0.5582098624182191 0.8907275818919771 0.46988325783527163 0.8907275818919772
0 0.5609681871202257 0.7797889594446149 0.6282621009336982 0.7825942318657128 0.6221706455778755 0.8876815614271419 0.5592251979263223 0.8846355409623071
0 0.6276714034944947 0.7825301875147903 0.6952685560019863 0.7841172002675326 0.6861313171989725 0.8861585930253222 0.6221706455778755 0.8876815614271422
0 0.38460232516095566 0.9577398647959571 0.4719138173129189 0.9562168127329419 0.4708984818048154 1 0.38764810860814686 0.9988610155794366
0 0.4719138173129188 0.9577398647959571 0.5592251979263223 0.9562168127329419 0.558209862418219 1 0.4719138173129189 0.9988610155794366
0 0.5582269590500503 0.955227555935843 0.6140486307444056 0.9516478238662868 0.6110028472972143 1 0.5561794144791312 0.9988610155794365
0 0.6729330709792236 0.9501248554644671 0.6698872875320327 1 0.6099876233276705 0.9973379635164217 0.6130334067748617 0.956216812732942
1 0.7258974360951725 0.8102194263969318 0.7581428690482659 0.8075809491727484 0.7528663413137328 0.8603508318422071 0.7206209083606394 0.8594713072259754
1 0.728135495202065 0.8096476297955794 0.7317602303756005 0.7609675455678883 0.7610742661884798 0.7600880692639124 0.7575566025023708 0.8102194263969318
1 0.7355227861007358 0.7613664071364098 0.7387956221585575 0.7073181865944539 0.7651782608312228 0.7073181865944539 0.7599017330966897 0.7618470701841199
1 0.7381611042788325 0.709919202663524 0.7423132858446667 0.655427828541227 0.7698685220198609 0.655427828541227 0.7645919942853278 0.7090771875146615
1 0.8035913950956308 0.7083362117566661 0.8091493467559113 0.6545483522372513 0.8449124433951136 0.6527893513170436 0.8408085131631096 0.7073181865944539
1 0.7983147587394372 0.7629493980432677 0.8032864880647441 0.7081977112106858 0.8408085131631096 0.7064387102904781 0.8337731213801522 0.7618470701841199 0.802113954972954 0.7618470701841199
1 0.7946211132901019 0.8096476297955794 0.7991825578327401 0.7609675455678883 0.8337731213801524 0.758329068343705 0.8273240605538293 0.8075809491727485
1 0.793906030098207 0.809339950092956 0.8255651965054054 0.8075809491727485 0.8191160712683434 0.861230308146183 0.7886295023636739 0.8656277862905739
1 0.8405278495889845 0.70517022994295 0.8454987099410085 0.6501508257806045 0.8965051876486538 0.6483918248603969 0.8906423933682259 0.7055591856742465
1 0.8341958859615525 0.7621579025898388 0.8402221822064754 0.7055591856742465 0.890642393368226 0.702920708450063 0.8836070015852687 0.7574495920397291
1 0.8273362586985009 0.8096476297955794 0.8331868548342574 0.7583290683437048 0.8836070015852687 0.753931590199314 0.8777442073048408 0.8067014728687725
1 0.8204766314354496 0.8603033388150361 0.8267377295971953 0.8075809491727484 0.8783304738507358 0.8040629473323333 0.8724676795703077 0.8541943527776084
1 0.8724676795703077 0.8550738290815846 0.8789167403966307 0.8049424719485652 0.9228878263213192 0.7996654691879425 0.9152661679924673 0.8515558272411695
1 0.878330473850736 0.805821948252541 0.8841932681311638 0.753931590199314 0.9322682842878564 0.750413588358899 0.9234740928672144 0.8005449454919183
1 0.8837962677097704 0.7534514526021195 0.890056062411592 0.702920708450063 0.9393036760708136 0.6985232303056719 0.9316820177419612 0.7512931129751306
1 0.8906558949728218 0.702795743582663 0.8965051876486541 0.647512348556421 0.9451664703512414 0.643994346716006 0.9398899426167083 0.6994027066096479
1 0.7334121315582586 0.6086077846246107 0.7382093556126625 0.5498881115145657 0.7780764468946079 0.5516470641225175 0.7733861857059698 0.6105734258565745
1 0.7407994224569292 0.5524116074311511 0.7458310139415146 0.490082249320405 0.783939241175036 0.4909617256243809 0.7780764468946078 0.5507675878185416
1 0.7471313860843615 0.4890919711568302 0.7522800747678378 0.4249994085217495 0.788043235817779 0.4241199080616458 0.7827667080832459 0.4909617256243809
1 0.7518803588049353 0.42577233488250943 0.7587292000048996 0.3581575668028865 0.7927334325956782 0.3581575668028865 0.787456904861145 0.42587890898185327
1 0.8305022405122171 0.42577233488250943 0.8367045185203665 0.35639856588267893 0.8707088155218838 0.3572780663427828 0.8648460212414558 0.423240407601542
1 0.8241702768847851 0.4883004757034012 0.8314279907858335 0.423240407601542 0.8642597546955606 0.423240407601542 0.8572243629126036 0.4883232484001974
1 0.8178383132573529 0.550037121070864 0.8243925990028762 0.4883232484001974 0.8548792323182846 0.4874437479400937 0.8484301714919614 0.5490085868983341
1 0.8130893405367788 0.6093992800780398 0.8197024022249771 0.5490085868983342 0.8460850408976425 0.5481291105943582 0.8402221822064756 0.6070554240161595
1 0.8642727131918548 0.4249808394290804 0.8712950820677787 0.35639856588267904 0.9269917565533232 0.35463956496247145 0.9205426957270002 0.423240407601542
1 0.8568854222931841 0.4883004757034012 0.8636734237389265 0.423240407601542 0.9193701626352102 0.42060190622123067 0.9117485043063581 0.4865642474799899
1 0.8473874768520359 0.549245625617435 0.8548792323182846 0.4865642474799899 0.9094033737120389 0.48568474701988623 0.9029542484749771 0.5481291105943583
1 0.8405278495889845 0.6078162891711817 0.8466713074435375 0.5472495859781266 0.9006091178806581 0.5463701096741507 0.8935737905084401 0.6052964714082076
1 0.9202050585675048 0.42260635306879335 0.9269917565533233 0.3555190654225752 0.9791707673527587 0.3537600645023677 0.9727217065264356 0.41972240576112696
1 0.9117624403975955 0.4859259893431142 0.9187838316785761 0.4206019062212307 0.9709628424780116 0.41796342899704725 0.9627549176032645 0.4839257460996786
1 0.9022644949564473 0.5476626347105769 0.9088171071661441 0.48568474701988623 0.9615823845114744 0.4830462456395749 0.9533743952259883 0.5472495859781266
1 0.894160057054335 0.604416946791976 0.9006091178806581 0.5463701096741507 0.9504429980857744 0.5437315841377115 0.9434076707135562 0.6017784695677926
1 0.9402562767210397 0.8326009979450206 0.9504429980857744 0.7468903320133251 1 0.7442518547891417 1 0.8286836573978241
1 0.9518648767046654 0.7479109844281165 0.9609960535548405 0.6694945330854726 0.9668589122460077 0.6694945330854726 0.9721354399805406 0.6765305367663027 0.999690611744996 0.6774100130702785 0.999690611744996 0.7460108557093492
1 0.9698054403157229 0.6188972255191879 0.9809296314011827 0.5199799138342625 1 0.5199799138342625 1 0.6193631759524532