0 0.06480590641847135 0.44947097698847455 0.17038488104418162 0.45819401446452906 0.19068986235857685 0.5906954445482782 0.08510394836986564 0.5876495077446385
0 0.17080005846525498 0.4576946611990008 0.2790165227108041 0.4566709624015138 0.2922147131612732 0.5830804352167882 0.19272036606694437 0.5952645170761285
0 0.2859316374126234 0.4330236085674219 0.365312623585384 0.438394923273699 0.3693736310021192 0.5495742937647985 0.29526049660846426 0.5587123551593034 0.29119948919172933 0.4399179335061165
0 0.3642973996158403 0.43382589257644644 0.437395310039951 0.4262108832449565 0.445517324873421 0.5617583756241384 0.37038885497166285 0.5708964370186437
0 0.08856321635999181 0.5879029945323342 0.1582019145632564 0.5906954445482783 0.17343060872209293 0.7003519302987531 0.10540892968426087 0.6988288782357379
0 0.15709391811437778 0.5865323804972464 0.23333027292645503 0.5906954445482782 0.24652851914620377 0.7018748987005732 0.1744458884609166 0.7003519302987532
0 0.2320208186991731 0.5851617664621588 0.33485517949843097 0.5876495077446386 0.34399241830144495 0.7079669396302432 0.24652851914620377 0.7064438875672276
0 0.33344625729566435 0.5851617664621588 0.4363800860704074 0.5846034872798035 0.4404410934871422 0.7033978671023927 0.3419619145930775 0.7049209191654079
0 0.10135561402081053 0.7085170296200535 0.1988118214227671 0.7125359284968977 0.21505579532042726 0.8176233417195227 0.12165290358192117 0.8145773212546875
0 0.19912608185706784 0.7085170296200535 0.29627572057800816 0.7110129600950779 0.3064282391198457 0.8176233417195228 0.21201006764251587 0.8145773212546875
0 0.29689654969332513 0.7085170296200535 0.3673431830630312 0.7110129600950779 0.37444986238839784 0.8130543528528676 0.30541295938102214 0.8145773212546876
0 0.36816847951788656 0.7071464155849657 0.4394257579790389 0.7064438875672276 0.44247154142622996 0.8100083323880327 0.3734346384188541 0.8145773212546876
0 0.13790532162314972 0.8825850120761938 0.22317781015389726 0.8861585930253222 0.23434555266527868 0.9699238629941018 0.1500798997297864 0.963831905725627
0 0.22288339179858832 0.8853262401463693 0.31251969447566846 0.8876815614271419 0.3216569332786823 0.9790619243886071 0.23536077663482255 0.974492935521952
0 0.3179126315646702 0.8880674682165447 0.38764810860814686 0.8892046134901573 0.38967866808579404 0.940986794069962 0.32774844440378487 0.940986794069962
0 0.38827081869917307 0.8894380822516325 0.45160878022924383 0.8876815614271422 0.45262400419878757 0.942509762471782 0.38866333257769065 0.9394637420069468
0 0.1419578848963163 0.971446915057117 0.20591855651741345 0.9729698834589368 0.21201006764251587 1 0.14500366834350756 0.9988610155794366
0 0.2055222806874772 0.974416152427071 0.2708945078773341 0.9760159039237716 0.2749555152940691 0.9988610155794366 0.20896433996460462 0.9988610155794365
0 0.2758804678219801 0.9785279945323342 0.361251616168649 0.9805848927904267 0.3642973996158401 1 0.2769860190024366 0.9988610155794366
0 0.36359976606759414 0.9771573804972464 0.4495783322901562 0.979061924388607 0.45160878022924383 1 0.365312623585384 0.9988610155794366
0 0.5389201608426473 0.6820758075097428 0.5389201608426473 0.5236832453054937 0.6637958321762099 0.5252062137073136 0.6556738173427398 0.6835988595727582
0 0.6550836841962491 0.6811047489182991 0.6627804966681063 0.5206372248406587 0.786640944032125 0.5221601932424784 0.7714121383347289 0.6820758075097428
0 0.7720427485237344 0.6769929068130359 0.786640944032125 0.5175912043758236 0.911516503827128 0.5160682359740038 0.8891810188043652 0.6759837665800729
0 0.5409507203202947 0.6835988595727583 0.6556738173427398 0.686644880037593 0.6485670264788137 0.8313303919806825 0.5389201608426473 0.8267614031140278
0 0.6559974268863076 0.68658720505865 0.7724273623042728 0.6881678484394129 0.7612596755621712 0.8298073399176674 0.6475518025092698 0.8267614031140277
0 0.7738702339038515 0.6838459769884745 0.8922268022515563 0.6835988595727582 0.8729371006759848 0.8237153826491925 0.7612596755621712 0.8252383510510124
0 0.5454345613892315 0.9237034331288254 0.6526280338955487 0.9257566917457869 0.650597585956461 1 0.5439963922289262 1
0 0.6532561988161322 0.9250740471639132 0.7653206829789062 0.924233723343967 0.7571986681454362 1 0.6495823619869171 1
0 0.7638190643132081 0.9237034331288254 0.86887609325925 0.9166187140124772 0.8556778470395009 1 0.7571986681454361 1