0 0.5161947953073602 0.5166310647077728 0.5176000113279883 0.37138268220031684 0.6414603471534472 0.36985967196789926 0.6353687802590647 0.5114991634461536
0 0.6349813450149625 0.5084073804972464 0.6414603471534472 0.36529064127064675 0.762274899531715 0.3607216105733942 0.7490766533119662 0.5038841541146636
0 0.7510266666523895 0.5015543103218079 0.762274899531715 0.3576756319391568 0.8780133320622636 0.35006058077706925 0.863799861872971 0.4947460927201585
0 0.5125236684031497 0.6592307795152733 0.5135390039112531 0.5267292657703287 0.6282621009336984 0.5206372248406587 0.6231858695474193 0.6500927181207681
0 0.6363841157671682 0.6440006771910982 0.6414603471534474 0.5175912043758235 0.7561834441758923 0.5023611857128439 0.7450156458952311 0.6333396473947732
0 0.750112923962331 0.6399863278656676 0.7632901235012591 0.5084531429813185 0.8698913172287936 0.4962691447831738 0.854662623069957 0.6242015860002682
0 0.510493220464062 0.768887181604553 0.509477996494518 0.6561847590504383 0.6201400861002283 0.6485696660577529 0.6160790786834932 0.7673641295415377
0 0.6272468769641544 0.7643181090767027 0.6323231083504331 0.6500927181207682 0.7389241905394084 0.6348626157965928 0.7297869517363945 0.7551801313433929
0 0.7300105847810444 0.749635450672685 0.7379089665698644 0.6348626157965929 0.8455252727283837 0.6257246380632833 0.8282661306304594 0.7445190178858726
0 0.5134535672371847 0.930556503304264 0.6099876233276705 0.9272797438088022 0.6069418398804796 1 0.5135390039112533 0.9973379635164215
0 0.6148790058336759 0.9278152752340886 0.7135430336080142 0.924233723343967 0.7054210187745441 1 0.6110028472972143 1
0 0.7144769590500503 0.9195915910235622 0.8079610935467844 0.915095661949462 0.7947628473270353 0.9973379635164215 0.7074514667136318 1
0 0.7199594151904012 0.9195915910235622 0.7236954963805718 0.8952966544198274 0.8160831083802543 0.8876815614271419 0.8130373249330632 0.9135726935476423
0 0.6203614619740269 0.9237034331288254 0.6221706455778757 0.901388611688302 0.7196344889638371 0.8968196228216474 0.7165887055166453 0.9227107549421474
1 0.21013704450916637 0.07073704552990072 0.2611051844209275 0.06955506641795335 0.2690317090829336 0.1683402691895187 0.22025312669543518 0.17016963014653447
1 0.261721441527313 0.06991389025833454 0.3123227026265178 0.07046974689646127 0.318420008678163 0.16651090823250284 0.2684219918752028 0.16925494966802657
1 0.3116595280023274 0.06991389025833454 0.363540220832108 0.07046974689646125 0.3678083082733922 0.16651090823250284 0.31902975937947803 0.16651090823250284
1 0.3637926952015182 0.06991389025833454 0.4501221409321078 0.06955506641795335 0.45378051116566115 0.16925494966802657 0.36841802548112307 0.16742558871101074
1 0.2106858146902105 0.17363145447567208 0.2909820644585911 0.1719989659811773 0.2982988384192822 0.2625520821297309 0.2208628773967502 0.2625520821297309
1 0.2913550313036952 0.17198514393253972 0.34402873428737385 0.1719989659811773 0.3482968887158266 0.2643814179643737 0.2989085891205972 0.2643814179643737 0.28915287934181433 0.17291364645968524
1 0.34458573886497423 0.17198514393253972 0.39341703388260313 0.1710843106250424 0.397685188311056 0.26438141796437375 0.34829688871582654 0.26346676260823876
1 0.39397505515894443 0.1703388333894074 0.4428053334778326 0.16925494966802662 0.4458540534908236 0.2625520821297309 0.397685188311056 0.2625520821297309
1 0.21720447366961257 0.26529609844288166 0.2647635881480651 0.26621077892138956 0.2726901128100713 0.3540198536344193 0.22574071553934952 0.3549345089905543
1 0.26446529243253364 0.2641785343479508 0.3129324198342485 0.2662107789213895 0.31902975937947803 0.3558492145914352 0.27208036210875625 0.35401985363441935
1 0.31220829818337154 0.265001689619517 0.363540220832108 0.26529609844288166 0.3678083082733922 0.3558492145914352 0.3196394765872088 0.3558492145914352
1 0.3632439250204741 0.2641785343479508 0.44463455208819347 0.26255208212973086 0.4470734879062852 0.3521904926774035 0.3678083082733923 0.3521904926774035
1 0.2238562990352692 0.35637192476336194 0.30256699284773486 0.35493450899055423 0.30866429889938013 0.43725550083253656 0.23183805508457903 0.43542613987552076
1 0.3034279752866657 0.3547256142202296 0.3501261073261876 0.3558492145914352 0.3543941947674717 0.43634084547640173 0.30988376680842594 0.4363408454764018
1 0.34952467049437125 0.3555487694917957 0.3989046227265175 0.3558492145914352 0.40378249436270114 0.4390848617895524 0.35439419476747175 0.43542613987552076
1 0.3994627569693856 0.35390245894866346 0.4458540534908235 0.35310514803353854 0.44890270651664615 0.4354261398755208 0.4031727771549702 0.43725550083253667
1 0.24306325537181317 0.5588681215686399 0.23793536113622413 0.5104188087634554 0.28366529049790007 0.513162825076606 0.2873236607314535 0.5579820429116288
1 0.2875136400363864 0.5555755004823753 0.28305553979658493 0.5104188087634552 0.32634653334016905 0.5113334641195901 0.32817575195053006 0.5552380265984781
1 0.33086648433887134 0.5679228295558678 0.32634653334016905 0.5113334641195901 0.3696375268837533 0.51133346411959 0.37207646270184497 0.5662141420958272
1 0.3747680988224005 0.5613375873833385 0.3708569612992148 0.5095041031625743 0.4476832051140161 0.5122481697204712 0.4482929223217468 0.5625554201817955 0.3745153985199368 0.5616407648256605
1 0.23647801319928383 0.5613375873833385 0.31110323471747187 0.5607260592247796 0.317200540769117 0.6284122136553814 0.24586188579823026 0.6293269192562623
1 0.3111107578212833 0.5629838979264707 0.3306146877686219 0.5616407648256605 0.3312244049763527 0.5680435030528428 0.3574428477932943 0.567128797451962 0.360491500819117 0.629326919256262 0.3165908235613863 0.6274975582992464
1 0.3678083082733922 0.5707875193659935 0.4110993018169764 0.5707875193659935 0.41414795484279904 0.6393883793974762 0.372076462701845 0.6393883793974762
1 0.41231873623243803 0.5707875193659935 0.4574389483863831 0.5698728640098586 0.4592681000095755 0.6403030347536111 0.4141479548427989 0.6384736737965954
1 0.2485509571822543 0.6329520960095952 0.29037234725086025 0.6293269192562623 0.2989085891205972 0.6988424346438799 0.25561759557701313 0.6997570900000146
1 0.2924525716657834 0.6288363196517645 0.3361022766125362 0.6293269192562623 0.34219958266418143 0.6979277290429987 0.29890858912059726 0.6988424346438799
1 0.3397606468460896 0.631156280213278 0.3714666785069456 0.6311562802132779 0.3714666785069457 0.6403030347536111 0.38366135759740455 0.6393883793974762 0.387319727830958 0.6960983680859828 0.34463851848227317 0.696098368085983
1 0.3840971919001504 0.641183648725257 0.45560972977602215 0.641217740354492 0.456219446983753 0.7015864509570305 0.3879294450386888 0.6970130736868638
1 0.261721441527313 0.6988045177348889 0.3312244049763527 0.6988424346438797 0.33610227661253617 0.7564671289332673 0.2696414262906644 0.7582964898902831
1 0.33196402470095965 0.6988045177348889 0.3739056143250374 0.6970130736868638 0.37756405154575934 0.759211145246418 0.33610227661253617 0.7573817842894022
1 0.3736705584603123 0.6963350519201905 0.4165868906608907 0.6997570900000147 0.4184161092712518 0.759211145246418 0.3781737687534901 0.759211145246418
1 0.4175721729438414 0.6988045177348889 0.4574389483863831 0.7006717453561495 0.4598778842044748 0.7564671289332673 0.4196355436867134 0.7573817842894022