0 0.022158556487592372 0.5099761950443339 0.05160077660500148 0.3058934095287544 0.1988118214227671 0.30437044112693457 0.17546111243046056 0.5099761950443338
0 0.18053734381673936 0.5038841541146636 0.19881182142276718 0.3013244206620995 0.2749555152940691 0.29675538996484707 0.26175726907432023 0.5038841541146636
0 0.2621743274711029 0.5029249243568956 0.2759707392636129 0.2982784001972645 0.3541448810740027 0.2967553899648471 0.34399241830144495 0.5008381336498288
0 0.3444111695763661 0.5001836962867201 0.3551601608128264 0.293709369500012 0.4323190786536722 0.2891403806333571 0.4282580712369373 0.4977921131849936
0 0.02642871343601521 0.511148608567422 0.1785068401083718 0.5069301745794987 0.1571866348244328 0.7369040085543827 0 0.7399500290192177 0.0008382954343734365 0.697305909833918
0 0.18085122805589826 0.5042955383919833 0.26277249304386413 0.5023611857128439 0.24449801543783625 0.7369040085543827 0.15921713853280026 0.7384270606173982
0 0.2621743274711029 0.5042955383919833 0.3450076422709889 0.5008381336498287 0.33485517949843113 0.735381040152563 0.2475437988850275 0.7369040085543828
0 0.3453249122664246 0.5042955383919833 0.42927329520648105 0.5023611857128439 0.42622762329784947 0.735381040152563 0.33485517949843113 0.7338579880895478
0 0.525332222207945 0.559120099795492 0.6150638547139494 0.5587123551593034 0.6221706455778755 0.732335019687728 0.5307981460091774 0.7353810401525628
0 0.6139652631436175 0.5577494857604044 0.702375235327353 0.5556663346944685 0.7145582575775579 0.7338579880895478 0.6231858695474195 0.7384270606173982
0 0.7016845613892315 0.5522670296200535 0.792732399387948 0.5465283569611586 0.8089763175163281 0.7262429787580578 0.714558257577558 0.7292889992228928
0 0.7927323993879478 0.5450053048981436 0.8841047874180864 0.5450053048981434 0.9054250484713053 0.7186279694265679 0.8079610935467844 0.7201509378283878
0 0.8841047874180864 0.5465283569611588 0.9744619514786811 0.5419592844333085 0.9988278844405316 0.712535928496898 0.9054250484713053 0.715581948961733
0 0.5244184795178866 0.3905345734797026 0.6069418398804795 0.38813575292631175 0.6140486307444056 0.5541433662926486 0.5277524741005457 0.5571893867574835
0 0.6066553216231497 0.3809402752340886 0.6922227725547954 0.37747468129938927 0.7033904592968968 0.5541433662926485 0.6130334067748617 0.5556663346944685
0 0.6934608771787052 0.3781990471639131 0.7785189291986552 0.3744286608345541 0.7927323993879477 0.5434823364963238 0.7033904592968968 0.5450053048981435
0 0.7802664327342608 0.37408720505864995 0.8637998618729709 0.37290569243273436 0.8841047874180864 0.5450053048981435 0.7927323993879477 0.5404363160314887
0 0.8627845263648677 0.3683366617354818 0.9511112424863745 0.3668136515030642 0.9744619514786812 0.5358672435036383 0.8841047874180865 0.5419592844333085
0 0.8414871929681789 0.21646659102356225 0.9267451979859646 0.2175591088627224 0.9500959069782712 0.3683366617354818 0.859738854456236 0.3683366617354818
0 0.7793526900442023 0.37408720505864995 0.7653206829789062 0.21908211909513983 0.842479600819752 0.2190821190951399 0.8627845263648675 0.37290569243273436
0 0.681582222207945 0.22606088926917628 0.7653206829789062 0.22212809772937722 0.7805493771377429 0.37290569243273436 0.6942532204938828 0.37747468129938916
0 0.6002591227927403 0.2356551875147903 0.6830855337517816 0.22974314889146485 0.6932379965243392 0.3820437119966417 0.6069418398804796 0.3850897324614767
0 0.5226762427142669 0.24192718892020731 0.6008503845246567 0.23583514799053718 0.6089723993581265 0.38661274269389423 0.5257219146228985 0.3927047417929666
0 0.5216609072061634 0.15816187712083007 0.5176000113279882 0.03175240430555552 0.5947588176302745 0.03479842477039061 0.5988198250470094 0.15816187712083002
0 0.5993453801026818 0.1575301875147903 0.5957741531383778 0.03479842477039056 0.6698872875320327 0.034798424770390544 0.6769940783959588 0.155115856655995
0 0.6770135087576526 0.15341834540952715 0.6709025115015764 0.030229394073138006 0.7440004219256872 0.027183394523601783 0.7521224367591572 0.1475008473245051
0 0.7528541520325064 0.14656527523408858 0.7440004219256872 0.025660384291184345 0.8170983323497979 0.024137374058766797 0.830296578569547 0.14445482685967012
0 0.8286947953073602 0.14519466119900085 0.8160831083802541 0.025660384291184377 0.890196242773909 0.019568364276813133 0.9084707203799368 0.14445482685967012
1 0.24652851914620383 0.29827840019726454 0.24957430259339503 0.2602032698786198 0.33587040346797503 0.25715724941378465 0.33282467579006353 0.29827840019726454
1 0.33344625729566435 0.2973328190937377 0.33485517949843097 0.25715724941378465 0.3785108698051329 0.25258821871653214 0.3774956458355891 0.29675538996484707
1 0.3773059064184713 0.29459159102356225 0.3795260937746767 0.2541112289489497 0.42419706382020217 0.2541112289489497 0.4241970638202021 0.2906633908657747
1 0.4239067836114538 0.2918503629533868 0.42521228778974607 0.2525882187165321 0.4698832578352715 0.2525882187165321 0.46683747438808026 0.3607216105733942 0.4485629967820526 0.3622446208058117 0.4323190786536722 0.29066339086577453