0 0.016377543845371934 0.5522670296200535 0.1358664295404937 0.5541433662926487 0.15921713853280028 0.7110129600950781 0.04855499315781029 0.7110129600950781
0 0.13790532162314972 0.5550082576902289 0.2576962616575853 0.5541433662926487 0.2749555152940691 0.711012960095078 0.16023236250234413 0.711012960095078 0.13891215721840505 0.5587123551593034
0 0.25972676536595285 0.5526203142296334 0.38054142928278023 0.5495742937647983 0.39069389205533794 0.7064438875672275 0.2749555152940691 0.7064438875672276
0 0.0495702728966339 0.7140589805599132 0.15921713853280023 0.712535928496898 0.18256784752510674 0.8496064311084975 0.07596670956685186 0.8511294831715127
0 0.1607488888746117 0.7112582576902289 0.2780012429719804 0.711012960095078 0.2922147131612731 0.8480834627066776 0.18256784752510677 0.8511294831715126
0 0.2767942105120386 0.7098876436551412 0.3927243399944256 0.7094899080320628 0.40287680276698323 0.8419914217770076 0.29322999290009677 0.8465604106436624
0 0.10683807016116141 0.949745099795492 0.2099795639341484 0.948601803401452 0.2191168027371623 1 0.11860717590400978 1
0 0.20917725144771113 0.9470038717253166 0.3115044705061245 0.9440328145347971 0.32064170930913843 1 0.21607107505925074 0.9973379635164215
0 0.3135349742144921 0.9440328145347974 0.4170903844948356 0.9425097624717818 0.4221666158811146 1 0.31759592586194735 0.9988610155794366
2 0.5213936528439573 0.2032372590335452 0.5214570426722156 0.12368332933995964 0.5681924789310996 0.12368332933995964 0.5674505832205377 0.20269533960341002
2 0.5654593998561384 0.20223576478326832 0.5689342931415285 0.1270218600341915 0.6334736779513717 0.12590901137524615 0.6319900495305136 0.20269533960341 0.5652251405892509 0.20492103692130056
2 0.6319900495305136 0.20046964228551944 0.6342155736619335 0.12479616271630091 0.6965294343403567 0.1214576320220691 0.6935620959985082 0.19713112687389164
2 0.5221988568826446 0.27948165254896973 0.5221988568826446 0.20492103692130054 0.5674505832205378 0.20380818826235528 0.5674505832205378 0.27948165254896984
2 0.5659669547996798 0.27503028847839667 0.5674505832205377 0.20603388558024582 0.6312482353200848 0.20492103692130056 0.6282808969782361 0.27391743981945144
2 0.6302226947073741 0.26933587955181676 0.6312482353200847 0.19935679362657416 0.6928202817880792 0.19601827821494638 0.6898529434462304 0.2683532270899331
2 0.5207259900104394 0.34945541957396403 0.5207151469616538 0.27948165254896984 0.5644833263788219 0.2783688344552326 0.5652251405892509 0.3462523886944382
2 0.5654593998561384 0.3394404770711956 0.5652251405892509 0.27280459116050626 0.6275390012676743 0.2716917425015609 0.6253135586363874 0.3418009940586571
2 0.6253135586363874 0.3418009940586571 0.6275390012676743 0.26946604518367034 0.6868856051043818 0.26946604518367034 0.6824346383416753 0.33957532730597456
1 0.5654593998561384 0.546749786878502 0.5696761073519574 0.4931479531970943 0.629764525399094 0.49314795319709415 0.6267971870572454 0.5465645665656353
1 0.6267971870572452 0.5443388692477447 0.629022711188665 0.4931479531970942 0.6891111292358015 0.49203513510335684 0.6861437908939528 0.5421131719298542
1 0.6849710470558414 0.5407408213768409 0.6898529434462304 0.4898094377854664 0.7477159188620801 0.4875837404675758 0.7454903947306606 0.5421131719298542
1 0.536293652881326 0.6133352415806875 0.5377773628023169 0.557692992024672 0.591931104165756 0.5576929920246719 0.5897055800343363 0.6155609388985781 0.5407446196440325 0.6133352415806875
1 0.5904473942447652 0.6111095442627971 0.591931104165756 0.5565801739309346 0.647568555450186 0.5576929920246719 0.6446012171083373 0.6099967261690598
1 0.6495849168793931 0.6088424303956661 0.6512777080024637 0.5565801739309346 0.7054314493659027 0.5521287792951537 0.702464111024054 0.6055453315332787
1 0.7076715833954499 0.6098439246459428 0.7106242303390381 0.5543544766130442 0.7632943432816195 0.5532415973888909 0.7588433765189129 0.6088839080753224
1 0.5348100244604682 0.6656389757250756 0.5362936528813261 0.6166738181227316 0.5948984425076047 0.6144481208048408 0.5941565467970429 0.6656389757250756
1 0.6171533578212703 0.6645261576313382 0.6193788819526901 0.6133352415806876 0.676499961657978 0.6111095442627971 0.6742745190266911 0.6623004603134476
1 0.6965294343403566 0.6623004603134478 0.6987549584717765 0.6088839080753226 0.7566178523874932 0.6077710288511692 0.7536505140456444 0.6589619449018198
1 0.537035467091755 0.7157170125515727 0.536293652881326 0.6667518549492287 0.5882219516134783 0.6656389757250756 0.5889637658239074 0.7134913152336823
1 0.5889637658239073 0.7134913152336823 0.5897055800343363 0.6656389757250755 0.6431175071873465 0.6645261576313383 0.6408920645560597 0.7123784971399449
1 0.6408920645560597 0.7123784971399448 0.6453430313187664 0.6667518549492288 0.6957876201299278 0.6634132784071849 0.6943039917090701 0.7123784971399449
1 0.6956536523921278 0.7099933496736271 0.6965294343403566 0.663413278407185 0.749199547282938 0.6600747629955571 0.7447485805202315 0.7101527998220544
1 0.5367498980148688 0.7690815104399608 0.5370354670917549 0.7157170125515728 0.5934147325866138 0.7146041944578355 0.591931104165756 0.7646822312843328
1 0.6128634610359088 0.7630725449382997 0.6134442052689927 0.7146041944578354 0.6698234707638516 0.7134913152336821 0.6683398423429936 0.7613437158727051
1 0.6823003957217699 0.7590665679371924 0.6831764525521041 0.7123784971399449 0.7380720896261052 0.7112656790462076 0.7336210413632656 0.7568923212369238
0 0.9199883644541403 0.9403370272373008 1 0.9382794232807409 0.999197048707459 0.959423517235493 0.9880695910506263 1 0.9086935145315398 1
0 0.9233266786217298 0.9413385214875776 0.9413341547917422 0.8537031697225641 1 0.8481389569930458 1 0.9405051205986314
0 0.9353994781080449 0.840349046945637 0.9494942741067264 0.7535470960695696 0.9836185427877869 0.8125279221676291 0.9999388629178879 0.8114151040738918 0.999197048707459 0.8370105315340092
0 0.9466948777948561 0.6829530049161524 0.9695237467891051 0.5810560735415883 1 0.5799432554478511 0.999197048707459 0.6867764210545173
0 0.966057099966875 0.5727886373856999 0.9880695910506261 0.4541917237695313 1 0.4541917237695313 1 0.5754918608120699