0 0.030083684196249127 0.3480455383919833 0.17038488104418156 0.3546296114743218 0.19170508632812064 0.5084531429813185 0.055661784021736445 0.5069301745794987
0 0.16897257308513802 0.35763983663759735 0.31353497421449195 0.3576756319391568 0.32571794069541715 0.5084531429813185 0.1896745826197532 0.5084531429813185
0 0.3133439181143778 0.35763983663759735 0.4140446010476445 0.35462961147432176 0.4231818398506584 0.5130222155091687 0.32571794069541726 0.5130222155091689
0 0.05566847951788655 0.505666152427071 0.19068986235857677 0.5099761950443338 0.2099795639341484 0.6485696660577529 0.08002771698358688 0.6485696660577529
0 0.18998865495648304 0.511148608567422 0.3236874369870498 0.5130222155091687 0.3358704034679749 0.6500927181207682 0.2089643399646047 0.648569666057753
0 0.325222573085138 0.515260450672685 0.4231818398506584 0.5114991634461535 0.4282580712369373 0.6500927181207682 0.33688568320679874 0.6546617069874231
0 0.08399450290969943 0.6495806261112815 0.2099795639341484 0.6470466976559331 0.2282540415401761 0.7704101500063728 0.1013479780368057 0.7704101500063728
0 0.20917725144771113 0.6495806261112815 0.3368856832067987 0.6531387385856033 0.34703814597935634 0.7688871816045532 0.23028454524854364 0.7719331184081926
0 0.33618748536583976 0.6591749243568956 0.43130385468412835 0.6546617069874231 0.4404410934871422 0.7765021909360428 0.34906864968772383 0.7825942318657128
0 0.13059538010268187 0.8729907138305798 0.2394217840515576 0.8724515427641623 0.2485590228545714 0.9303257642736371 0.13992743695722862 0.9288027122106218 0.13079014238493503 0.8785435836938323
0 0.24348279146829252 0.8739745111659822 0.35820588849073765 0.8663595018344923 0.361251616168649 0.933371784738472 0.2485590228545714 0.931848732675457
0 0.3571906645211938 0.8648365334326726 0.43638008607040724 0.8602674609048223 0.4404410934871423 0.9318487326754571 0.36226695167675255 0.9333717847384722
0 0.138912157218405 0.9333717847384722 0.2485590228545714 0.9318487326754569 0.2627724930438642 1 0.15312562740769775 1
0 0.2502956725003427 0.9332977313744394 0.36226695167675255 0.9333717847384723 0.37038885497166296 1 0.26175726907432023 0.9988610155794366
0 0.3617722806874772 0.9332977313744394 0.4404410934871423 0.934894753140292 0.44653254884296495 1 0.3693736310021192 0.9988610155794366
0 0.5655369005705181 0.5508964155849657 0.5643014293126014 0.42011884231528646 0.6658262801152974 0.42011884231528646 0.6637958321762099 0.5556663346944684
0 0.6642211110968339 0.5563788717253166 0.6698872875320329 0.41859583208286893 0.77445792178192 0.42011884231528646 0.7612596755621712 0.5602354072223188
0 0.5079711110968339 0.6783635208481237 0.626231541456051 0.682075807509743 0.6191248621306845 0.8206693621843575 0.5115084444336058 0.8191463101213424
0 0.6267576608044362 0.6797341348832113 0.7440004219256874 0.6835988595727582 0.7328327351835858 0.8237153826491925 0.6201400861002283 0.8191463101213423
0 0.7428029824418632 0.6838459769884745 0.8627845263648677 0.686644880037593 0.8434948247892958 0.8282843715158476 0.7308021757059384 0.8221923305861775
0 0.5135390039112532 0.8815896041586676 0.6637958321762099 0.8831125725604873 0.6577042652818276 0.9881999857831119 0.510493220464062 0.979061924388607
0 0.6687898245471263 0.8825850120761938 0.825220347183268 0.8907275818919772 0.8110068769939754 1 0.659734824759475 0.991246006247947