0 0.5582269590500503 0.3686047489182991 0.6800397503045903 0.37747468129938916 0.6709025115015766 0.5236832453054938 0.5592251979263224 0.5130222155091687
0 0.6715310526173017 0.5289665910235622 0.6790245263350465 0.38052070176422415 0.8069458695772406 0.38356672222905924 0.7957781828351391 0.5343442751018187
0 0.7976275438453719 0.5262253629533868 0.8089763175163281 0.3805207017642242 0.9389282202361695 0.38052070176422415 0.9206537426301419 0.5343442751018187
0 0.5500879591233085 0.6379086362614281 0.5521184070623963 0.5114991634461536 0.6648110561457539 0.5236832453054937 0.6587196007899312 0.6516156865225882
0 0.6668415040848412 0.6592307795152733 0.6729330709792237 0.5267292657703287 0.7957781828351389 0.5358672435036385 0.78257993661539 0.6683687572485832 0.6668415040848412 0.6592307795152734
0 0.7830076608044362 0.667398608567422 0.7978086307742267 0.5312982546369834 0.9206537426301419 0.5404363160314888 0.9013640410545701 0.671414777713418
0 0.5500879591233085 0.6424777087892785 0.6577042652818276 0.656184759050438 0.6526280338955487 0.7734561704712076 0.5450117277370297 0.7582260681470325
0 0.6651348537868924 0.661916152427071 0.7805493771377428 0.6729378297764332 0.7693816903956413 0.7917322095990226 0.6587196007899311 0.7749791388730276
0 0.7830076608044362 0.6728810647077728 0.9023792650241141 0.6790297870449079 0.8830895634485426 0.7963012821268729 0.771412138334729 0.7886861891341874
0 0.5582269590500503 0.9332977313744394 0.6587196007899311 0.9486018034014521 0.6536432578650926 1 0.5561794144791313 0.9958149951146018
0 0.6559974268863076 0.949745099795492 0.762274899531715 0.9638319057256273 0.7551682202063483 1 0.6526280338955489 0.9973379635164215
0 0.7629053216231497 0.9524863278656676 0.8709065411983374 0.9744929355219519 0.8627845263648675 1 0.7571986681454362 0.9988610155794366
0 0.5591407017401088 0.9154797489182991 0.56125564586541 0.901388611688302 0.6617652726985626 0.9135726935476423 0.6587196007899312 0.9333717847384722
0 0.6614798830266584 0.9346683454095271 0.6627804966681066 0.915095661949462 0.7632901235012591 0.9257566917457869 0.7612596755621712 0.947078834999632
0 0.7619915789330912 0.9442626436551412 0.7653206829789061 0.9288027122106218 0.8678607577511464 0.9394637420069468 0.8627845263648677 0.9607858852607922 0.7653206829789062 0.947078834999632
2 0.36538958700913016 0.12957019347827672 0.4106482469889286 0.13070959481916275 0.41270586915185364 0.21302063182799205 0.3688104445777234 0.2119917406862157
2 0.41270586915185364 0.13482514525664158 0.4771772516251445 0.13585403639841787 0.47854894949945836 0.2109628778036924 0.4127058691518536 0.21302063182799205
2 0.4778631005623014 0.13585403639841787 0.5443921051985174 0.13585403639841787 0.5430203319727492 0.21404952296976837 0.47923479843661526 0.21404952296976837
2 0.37032792157657013 0.2119786515724325 0.41407756702616755 0.2150784141115447 0.41682103812624954 0.2871005679618638 0.37361150016500333 0.28607170507934043
2 0.41539022450446067 0.21290458930382752 0.48060657166238346 0.21507841411154474 0.48197826953669726 0.28607170507934043 0.4195645092263315 0.28607170507934043
2 0.4808231575230413 0.21475646476661753 0.5450779541356743 0.2150784141115447 0.5457638030728312 0.2922450236707454 0.48129242059954036 0.28812945910364
2 0.3684760461137801 0.28605367008403326 0.41339171808901065 0.2871005679618638 0.41682103812624943 0.3591227500714358 0.37429738677788726 0.35809385892965945
2 0.41956450922633154 0.3529494032207777 0.41750688706340633 0.2840139227957878 0.48060657166238346 0.2860717050793404 0.4826641184738543 0.3570649677878831
2 0.4826750329858313 0.35457306220726387 0.48060657166238346 0.2871005679618638 0.5443921051985176 0.2891583502454165 0.5443921051985176 0.3570649677878831
1 0.3235433221292792 0.5031670577720738 0.3797842913023241 0.5103692675052551 0.380470140239481 0.5638714938406122 0.3235433221292792 0.5546114453053723
1 0.37897000706959016 0.5082787256188354 0.4408263537383761 0.5155137514733898 0.44219805161269 0.5700447841727642 0.3811560645280923 0.5649003567231354
1 0.4400818973416609 0.5147602897386004 0.4991249450743462 0.5206581789230184 0.501182491885817 0.5772469939059456 0.4415122026755331 0.5700447841727642
1 0.2913145684975294 0.5647609272339309 0.3448051289655967 0.572102566456317 0.34754860006567867 0.6245758733906447 0.2954227998670296 0.6173736636574633
1 0.34563624873937 0.570316553622301 0.4003602868772119 0.5772469939059456 0.4010461358143688 0.6307491637227965 0.34823448667856277 0.6214891717060627
1 0.4037896069144508 0.5772469939059456 0.4600305760874957 0.5823914778740801 0.4607164250246526 0.6348647282899019 0.4065330780145327 0.62869143795775
1 0.46208819825042086 0.5865069859226795 0.5155856963233838 0.5916514698908141 0.5155856963233838 0.6472114219912178 0.46140234931326385 0.6389802928570072
1 0.2956356112440395 0.6203171911176314 0.35166380671580166 0.6276625185567206 0.35509312675304056 0.6791069060900191 0.30022385545430946 0.6708758334743145
1 0.37526625614401027 0.6295765684315815 0.4332817893752871 0.6369225105734546 0.4339677136638983 0.688366898106753 0.3777267068151262 0.6791069060900191
1 0.455514192864911 0.6388359457455316 0.5142139984490699 0.647211421991218 0.5142139984490699 0.6976268901234871 0.45591540711309986 0.6883668981067531
1 0.3024258212742695 0.6721697040757519 0.35303554226584266 0.6801358254910485 0.3557790133659246 0.7243780032911655 0.3070825332045144 0.7161468741569549
1 0.35509312675304056 0.6791069060900192 0.40653307801453276 0.6863091723417064 0.40653307801453276 0.7336379953078995 0.35715071124023856 0.7264357855747181 0.35372139120299956 0.6832224706571243
1 0.4085906248260035 0.6873380352242298 0.4600305760874957 0.6914535997913349 0.4607164250246527 0.7398113421585575 0.4085906248260035 0.7346668581904228
1 0.4634598961247346 0.6914535997913349 0.5155856963233838 0.6996846724070397 0.5142139984490699 0.7501001970578147 0.46277404718757775 0.7408402050410807 0.46277404718757775 0.6965980272409636
1 0.3091401176917123 0.7161468741569549 0.3633235023775593 0.7274646484572416 0.3653811245404843 0.7727357456583879 0.31325532434183523 0.763475753641654
1 0.38452563345796026 0.7305037811536375 0.44014050480121925 0.7377535598750048 0.4415122026755331 0.7830246005576453 0.3859570824396451 0.7747935279419407
1 0.453662317402121 0.7397631584675876 0.5094129051860629 0.7501001970578147 0.5094129051860629 0.7953712942589611 0.45385778495017487 0.7850823828411979