0 0.6002591227927403 0.7441529945323342 0.6079570638500233 0.5983105375409634 0.7165887055166456 0.5998335059427832 0.7054210187745442 0.746042069948888
0 0.7071670175295824 0.745523608567422 0.718619264994293 0.5937414650131133 0.830296578569547 0.5952645170761286 0.8140526604411665 0.7490880904137228 0.7074514667136318 0.7475650383507076
0 0.814988654956483 0.7414117664621588 0.830296578569547 0.5937414650131132 0.9379129962666257 0.5922184966112933 0.9196385186605981 0.7399500290192179
0 0.5984316374126234 0.7592297489182991 0.7084666906831756 0.7597491202100477 0.6993294518801619 0.8983425912234672 0.5927283696911867 0.9044346321531369
0 0.708080760219641 0.7606003629533868 0.8191288918274455 0.7612720886118677 0.8047573120286251 0.8983425912234672 0.6991714538091937 0.8968196228216474
0 0.8178740716232951 0.7551179068130359 0.9286176478540838 0.7536570792803776 0.9093279462785125 0.8922506339549924 0.8057725359981687 0.8937736023568121
1 0.2477565707734508 0.3745338361394593 0.3110208420428713 0.37220283090235745 0.3138740519869566 0.4438957599339702 0.2525301949201483 0.446035853508865
1 0.31131293665640425 0.370681935176856 0.3716513770322802 0.3722028309023574 0.37450458697636546 0.44282571314652286 0.31244744701491395 0.4438957599339702
1 0.3723013685642888 0.370681935176856 0.43299523409908847 0.3689926905400153 0.4358483656776612 0.4396155727841807 0.3723646599269234 0.4417556663590755
1 0.43200583348463895 0.3687559846955544 0.4921991249336983 0.3647125327798489 0.49362569072298473 0.4331953214491195 0.43513508278301805 0.43640546181146167
1 0.25032450474851964 0.4457940039476191 0.31244744701491395 0.44496580672141756 0.3131607299095572 0.5145186421781356 0.25324351699754777 0.5155886595759599
1 0.31131293665640425 0.4438680534663175 0.37307798200432274 0.44282571314652286 0.37521786987100864 0.5123785486032408 0.31244744701491395 0.5134485660010651
1 0.372943352058056 0.4409791277443651 0.43228187283893277 0.4385455259967333 0.43442179988837476 0.5080983614534513 0.37307798200432274 0.5091684376305218
1 0.43200583348463895 0.4371272267817618 0.49148584203905515 0.4331953214491195 0.48934591498961305 0.5016780807287671 0.4337085169937316 0.5038181743036617
1 0.25289243872358846 0.5151282212744774 0.3131607299095571 0.5145186421781355 0.3160139398536424 0.5797912904850641 0.25752329273091945 0.5808613078828884
1 0.31259690364393866 0.5132022707931757 0.3723646599269234 0.5113084724261704 0.37521786987100864 0.5776511969101693 0.3145873348815998 0.579791290485064
1 0.3735853355518232 0.5093503698305725 0.43228187283893277 0.5080983614534513 0.43299523409908847 0.5712309161854849 0.37307798200432274 0.5744410859374502
1 0.43200583348463895 0.5054984688679692 0.4893459149896131 0.5027481569058375 0.4900591978842563 0.568020805212766 0.43228187283893277 0.5701608987876607
1 0.25609672694163305 0.5819313840599587 0.31387405198695667 0.5797912904850641 0.3167272227482856 0.6429238452170978 0.2603765026750047 0.6418538278192735
1 0.3145228541252402 0.5786845871574308 0.3737912648989659 0.576581179512345 0.37450458697636546 0.637573640669484 0.3153006569589992 0.6386436580673082
1 0.3735853355518232 0.5738697109541767 0.43085530704964636 0.5723009923625556 0.43228187283893277 0.6311533599447997 0.37450458697636546 0.634363529696765
1 0.43136384999087174 0.5709807852322243 0.48791934920032665 0.568020805212766 0.48791934920032665 0.6279432489720805 0.43299523409908847 0.6300833425469754
1 0.27678244026211685 0.6910758037041145 0.33241983825799837 0.6867956165543249 0.3345597653074404 0.7456480429158153 0.2789223281288027 0.74778813649071
1 0.3312144249631876 0.6875007893509723 0.3880572754366361 0.6835855055816059 0.3909104853807212 0.7402978383682016 0.3338464432300409 0.7456480429158153
1 0.3883509559084689 0.6826859131477182 0.4451212784045602 0.6782353010339921 0.4465479225593591 0.7360176512184119 0.39019716330332194 0.7402978383682016
1 0.44484550335998313 0.678834012185115 0.49790554482186883 0.6760952074590972 0.5000453935057985 0.7295973704937277 0.4451212784045603 0.7349476338205878
1 0.27985574546181113 0.7481682295119733 0.3352730482020836 0.744578025517991 0.33669965317412626 0.8012902995253405 0.2839154259395738 0.8023603757024109
1 0.33506632592579083 0.74431632854937 0.39162376827536455 0.7424379319430963 0.39162376827536455 0.7959400949777267 0.3374129360687695 0.7991502059504457
1 0.3909188898835378 0.7404644275867668 0.4465479225593591 0.7370876686162363 0.4472612054540023 0.7905898904301127 0.39162376827536455 0.7948700188006561
1 0.44677145384128475 0.7356495513835127 0.4993321106111553 0.7317374640686225 0.4986188277165121 0.7841696097054286 0.4465479225593591 0.7895198142530423
1 0.28178169594311275 0.8020948429884185 0.33812625814616876 0.8012902995253404 0.3402661460128547 0.8505123341894275 0.2853420309116165 0.852652368985076
1 0.3369922764070925 0.7982429420258154 0.39162376827536455 0.7959400949777266 0.39376369532480665 0.8451620708625673 0.3402661460128547 0.8483722406145328
1 0.3922028568710722 0.7934280658225613 0.4465479225593591 0.7905898904301127 0.4472612054540023 0.8408819424920243 0.39376369532480665 0.8451620708625673
1 0.44677145384128475 0.7886131896193072 0.49790554482186883 0.7863097032803232 0.49790554482186883 0.8366017553422347 0.4451212784045602 0.8398118663149535
1 0.28320214304493063 0.8537224451621465 0.3416927509848974 0.8494422580123571 0.3424060338795405 0.9029444210469874 0.28676863588365903 0.9050845146218822
1 0.3402021938759285 0.850243605020959 0.39162376827536455 0.8483722406145328 0.39305037324740716 0.9018744036491632 0.34311935595693993 0.9029444210469874
1 0.3909188898835378 0.845428728817705 0.444407995509917 0.8430219772876728 0.44583463966471587 0.8901039183768651 0.39305037324740716 0.8954541229244789
1 0.44484550335998313 0.840613852614451 0.49505233487778355 0.8387418489171296 0.49647890066707 0.8879638248019703 0.4451212784045602 0.8911739945539354