2 0.2688113083198238 0.22861427614550978 0.3282165566191031 0.22988499596738426 0.3348922607722336 0.3212663686681618 0.2739766208089071 0.31876279626207216
2 0.32739163939368104 0.22974082097385318 0.38579434450586414 0.23113679936128007 0.3924700486589949 0.32001459965596807 0.33489226077223355 0.32001459965596807
2 0.3859719704675383 0.22861427614550978 0.4475443787309077 0.22863319257348844 0.450882230807473 0.31876279626207216 0.3916356085589949 0.31876279626207216
2 0.28082778648882006 0.3187378624129825 0.33739562691051617 0.31876279626207216 0.3440713310636466 0.39762616940559364 0.2881624692151681 0.4001297418116832
2 0.3371550279059906 0.3187378624129825 0.3949733689589945 0.31876279626207216 0.3999801929121252 0.39762616940559364 0.3440713310636467 0.39762616940559364
2 0.3927312394375988 0.3187378624129825 0.4517167625840384 0.31876279626207216 0.45672349486060365 0.3988779727994895 0.3999801929121251 0.3988779727994895
2 0.2889969093151681 0.44644632985901983 0.343236845125364 0.4464463298590198 0.34907806334021185 0.5165471480086749 0.294003687430016 0.5177989170208684
2 0.34490577116364657 0.4464463298590198 0.40081463301212517 0.4464463298590198 0.4041524850886905 0.515295310233077 0.3490780633402118 0.515295310233077
2 0.4002415382932215 0.44378433835910097 0.4550545229840382 0.4451945608468261 0.4583923750606036 0.5177989170208686 0.4033180449886905 0.5177989170208686
2 0.29434632442894104 0.5170097522014226 0.34907806334021185 0.5177989170208686 0.3540848414550598 0.5891514698010152 0.30401719782142905 0.5891514698010151
2 0.34766944630386243 0.5147566625447357 0.4041524850886905 0.5177989170208686 0.4074903371652557 0.5878997007888214 0.3540848414550598 0.5866479317766278
2 0.4039966877210329 0.5170097522014226 0.45672349486060365 0.5190507547964665 0.45839237506060343 0.5853960940010297 0.4074903371652557 0.5866479317766278
2 0.481352765933947 0.2207284623471059 0.4792539276199949 0.13850364045745786 0.5268182051153433 0.13600003366966618 0.5284870853153429 0.21611522739793457
2 0.5293215254153428 0.21486342400403877 0.528487085315343 0.1410072300543984 0.5969128236935171 0.13850364045745783 0.5960783835935171 0.21361162061014288
2 0.5977473554700826 0.21486342400403877 0.5977473554700826 0.13600003366966618 0.6653386537482568 0.12974103389103822 0.6603318297951261 0.20985621042845545
2 0.48360585559063385 0.2995866003311446 0.48092280781999497 0.22112240659181567 0.5284870853153428 0.21736699641012824 0.5293215254153428 0.29623040393535194
2 0.5293215254153429 0.2924749937536644 0.5284870853153429 0.21611522739793462 0.5960783835935171 0.21361162061014288 0.5969128236935171 0.28746778017808117
2 0.5947582786538502 0.287194607219367 0.5960783835935171 0.21361162061014288 0.6636696818716913 0.21110801382235134 0.6620008016716915 0.28246060098419995
2 0.4867640718731254 0.3713383668971858 0.4842606598965601 0.29998577973533713 0.5309904972919084 0.2962304039353519 0.5318249373919083 0.36758295671549834
2 0.5316717682666193 0.3649262003750623 0.5301559655153428 0.29247499375366437 0.5960783835935171 0.28871958357197697 0.5952439434935172 0.3600721707338257
2 0.5955093085394125 0.35929347623334523 0.5952439434935172 0.2862159767841852 0.6611662698951261 0.2849642077719916 0.6594973896951263 0.3550649571582423
2 0.48660997513288295 0.45392324181419164 0.4859296317731256 0.41389954476283497 0.543507373821604 0.4164031515506266 0.544341813921604 0.4539571502223947
2 0.5466923659778647 0.45392324181419164 0.5460107857981693 0.41264774136893917 0.6069263799232129 0.4088923655689539 0.6069263799232129 0.4514535434346031
2 0.605272697051722 0.4561763314708785 0.6069263799232129 0.40889236556895386 0.6469805131654307 0.40513695538726646 0.646145981388865 0.45395715022239475
2 0.4851079153617584 0.5158832073730791 0.48509509999656003 0.4539571502223947 0.543507373821604 0.4539571502223947 0.5451762540216039 0.5140435412208831
2 0.5451762540216037 0.5177989170208684 0.5443418139216039 0.4552089536162905 0.6044229679466475 0.4539571502223947 0.6044229679466475 0.5152953102330768
2 0.6035885278466476 0.5140435412208831 0.605257499723213 0.4552089536162905 0.6453115412888649 0.4539571502223947 0.646145981388865 0.5165471480086749
2 0.48759851197312537 0.5778852736376549 0.4867640718731254 0.5152953102330767 0.5443418139216039 0.514043541220883 0.544341813921604 0.5753817356132677
2 0.5429372165500533 0.5744635384469365 0.5443418139216039 0.5152953102330768 0.6027540877466477 0.515295310233077 0.6019196476466478 0.5741298978376694
2 0.6022685775094729 0.5733369936185931 0.6044229679466476 0.5140435412208831 0.6444771011888653 0.5152953102330767 0.6444771011888653 0.5703745220376841