0 0.09678690057051813 0.339821854181457 0.18662885494184184 0.3409225612131619 0.1825678475251068 0.35310660124190424 0.20287282883950206 0.48560811498684886 0.12063767961237734 0.4825620945220139
0 0.1835924561260737 0.3480455383919833 0.3186112056007707 0.35158359100948666 0.33180945182051963 0.49474609272015857 0.20287282883950206 0.491700155916519
0 0.3316187719155474 0.3274863278656675 0.4658222504185365 0.3348305202834918 0.4658222504185365 0.4840850629238337 0.3409466906235337 0.4734240331275087
0 0.10683807016116141 0.48647755593584296 0.1937355900364882 0.4901771038535037 0.21201006764251595 0.6211555655354332 0.13079014238493503 0.6150636082669585
0 0.2055222806874772 0.49058939804110613 0.33180945182051974 0.49626914478317385 0.3409466906235337 0.618109545070598 0.2191168027371623 0.6135405562039435 0.20185760486995813 0.491700155916519
0 0.3389161869151661 0.4825620945220139 0.4658222504185366 0.4871310833886687 0.4678528098961838 0.6196325971336133 0.34399241830144495 0.6135405562039433
0 0.13059538010268187 0.6194271173393517 0.2130253473813396 0.6196325971336134 0.22926932127899974 0.738427060617398 0.15007989972978633 0.7308119676247126
0 0.2237971344886468 0.6139446611990008 0.3419619145930774 0.6165865766687783 0.3510991533960914 0.7338579880895478 0.23739128034318982 0.7247200103562381
0 0.3489798830266585 0.6125740471639132 0.4688680338657277 0.6181095450705981 0.46886803386572773 0.7338579880895477 0.35516016081282636 0.7292889992228928
0 0.19090239764654152 0.871620099795492 0.18561363097229794 0.8176233417195228 0.2871384817749941 0.8237153826491924 0.2952604966084643 0.8800665520956523
0 0.2950690643132082 0.8839556261112815 0.2861232578054505 0.8237153826491925 0.3967853474111606 0.8282843715158476 0.3988159068888079 0.9059576842161525
0 0.40106321635999176 0.9113679068130359 0.39780057138070457 0.8298073399176675 0.46480702644899263 0.8328533603825026 0.4648070264489928 0.8237153826491925 0.4739442652520065 0.8221923305861775 0.48003572060782923 0.921187702879132
0 0.18816116957636608 0.8757319419007552 0.2901842094529056 0.8831125725604874 0.30135195196428693 0.9760159039237715 0.20185760486995827 0.962308853662612 0.1866288549418418 0.8846355409623071
0 0.29119948919172944 0.8831125725604873 0.3967853474111606 0.8983425912234669 0.40186157879743956 0.9942919430515866 0.3003367279947432 0.974492935521952
0 0.3998311308583517 0.9211877028791321 0.4759747131910941 0.9303257642736373 0.4769900486991978 1 0.40490736224463064 0.9942919430515866
0 0.20826350875765265 0.9620806261112815 0.3064282391198456 0.979061924388607 0.30845868705893337 1 0.21302534738133969 0.9973379635164215
0 0.569191871330752 0.7016639594446149 0.5703928846684239 0.5465283569611588 0.6962837799715305 0.5571893867574836 0.6861313171989725 0.7171049173635528
0 0.6870646783482959 0.7194819419007552 0.6962837799715305 0.5587123551593036 0.8272507951223558 0.5724194054204635 0.8110068769939754 0.7338579880895477
0 0.8113336841962491 0.7331880822516325 0.830296578569547 0.5708964370186438 0.9673551606147549 0.5830804352167882 0.9409586681752574 0.7490880904137228
0 0.5683624367293362 0.8480834627066776 0.570392884668424 0.7064438875672279 0.689176989107604 0.7216739898914031 0.6780093023655025 0.8648365334326724
0 0.6788409941377695 0.8620258015498781 0.6891769891076042 0.7201509378283877 0.8120221009635192 0.7369040085543828 0.7957781828351389 0.880066552095652
0 0.7985412865354303 0.8798437840060184 0.8150678844107103 0.735381040152563 0.9409586681752574 0.7506110588155427 0.9186232946910543 0.8952966544198274
0 0.5765018128512198 0.9428920296200535 0.6820703097822376 0.9623088536626119 0.6769940783959586 1 0.575469116054703 1
0 0.6824959648980035 0.9620806261112815 0.7947628473270355 0.9821079448534419 0.7907018399103004 1 0.6780093023655026 1
0 0.07394333331905614 0.8702494857604044 0.055661784021736424 0.7917322095990226 0.05261600057454534 0.7978242505286925 0 0.7932552616620377 0 0.8633134813696572
0 0.0757708186991731 0.8661376436551412 0.09322596320333573 0.9607858852607923 0 0.9531707922681069 0 0.8617905129678374
0 0.0932259632033357 0.9623088536626119 0.10033269829798203 1 0 0.9973379635164215 0 0.9531707922681069
0 0.05109976606759416 0.6838459769884745 0.033326298998973776 0.5861264556816232 0 0.5846034872798035 0.0008382954343734572 0.679029787044908