0 0.14795649121379298 0.5673437840060184 0.1622628662107115 0.43991793350611663 0.24652851914620377 0.43839492327369906 0.2373912803431899 0.5678504165538086
0 0.23739128034318993 0.5663273644907936 0.24551329517665998 0.43534890280886396 0.3297789481121522 0.43534890280886396 0.3247027167258733 0.5724194054204634
0 0.3215676023249041 0.5714556261112815 0.33079417208169615 0.43230288234402897 0.41607504898673225 0.43230288234402897 0.4150598250171884 0.5708964370186437
0 0.4138556140208105 0.5687143980411061 0.4181056084643795 0.44144094373853404 0.5358744889340158 0.4368719130412814 0.5419659442898386 0.5678504165538086
0 0.11962245564283353 0.7140589805599132 0.1358664295404937 0.5663273644907936 0.26480299675223157 0.5678504165538086 0.2546505339796738 0.715581948961733
0 0.25363525424085037 0.7171049173635526 0.26784878019942265 0.5693733849556282 0.3541448810740027 0.5708964370186437 0.34805342571818004 0.714058980559913
0 0.3517211110968339 0.7167407138305798 0.35617538478237015 0.5678504165538087 0.44653254884296495 0.5632813440259583 0.44653254884296495 0.7125359284968978
0 0.4513190643132082 0.715370099795492 0.45262400419878757 0.5663273644907934 0.5419659442898385 0.5678504165538084 0.5460269517065736 0.714058980559913
0 0.11454616848727484 0.8754975632289973 0.13485114980167004 0.7140589805599132 0.22622353783180857 0.7140589805599131 0.2130253473813396 0.8785435836938325
0 0.21374596489800352 0.8812143980411061 0.2282540415401761 0.714058980559913 0.32470271672587336 0.7140589805599131 0.31556547792285944 0.8785435836938323
0 0.31608514618455325 0.8757319419007552 0.3267331646649613 0.7094899080320628 0.4221666158811146 0.711012960095078 0.42013605640346724 0.8800665520956523
0 0.42013605640346724 0.8754975632289973 0.4231818398506583 0.7125359284968978 0.5551641905095874 0.7140589805599132 0.56125564586541 0.8770205316308173
0 0.17038488104418162 0.3622446208058117 0.18358312726393056 0.25411122894894955 0.2607419893354965 0.2556342391813671 0.24957430259339503 0.3622446208058116
0 0.25212315788045964 0.35901045067268506 0.26175726907432023 0.25258821871653214 0.3389161869151662 0.2510652084841146 0.33383995552888734 0.3622446208058117
0 0.3348551794984311 0.3576756319391568 0.3409466906235336 0.25258821871653214 0.42013605640346724 0.25258821871653214 0.41709038449483554 0.3637676310382291
0 0.4175105847810444 0.3617516787428605 0.4211512803730111 0.24954219825169718 0.5328287054868246 0.2510652084841147 0.5338439294563685 0.3591986421715745
0 0.18907491226642456 0.25210255593584296 0.20287282883950206 0.15206983619115996 0.30845868705893326 0.15206983619116 0.30033672799474315 0.25258821871653214
0 0.30033672799474326 0.24954219825169718 0.309473966797757 0.14902385755692268 0.3785108698051329 0.15206983619116 0.3754650863579417 0.2541112289489497 0.30744346308938947 0.2525882187165321
0 0.3736509356582374 0.25347316997093067 0.38054142928278023 0.14902385755692263 0.4556697876459787 0.14902385755692263 0.4536393397068911 0.24954219825169713
0 0.45314654969332513 0.2493613278656675 0.4577002355850664 0.1475008473245052 0.5287676980700898 0.14902385755692268 0.5297829220396335 0.2525882187165321
0 0.2028728288395022 0.15206983619116 0.21302534738133969 0.05612050527833923 0.28409275409708296 0.05764349459545784 0.275970739263613 0.15206983619115988
0 0.2767942105120386 0.149306503304264 0.28510797806662674 0.05459749504592173 0.3561753847823702 0.05764349459545793 0.3500839294265475 0.15054686778934018
0 0.3517211110968339 0.14793588926917628 0.35719066452119386 0.0576434945954579 0.42419706382020217 0.05307448481350422 0.4231818398506583 0.15054686778934018
0 0.4229930409213953 0.14793588926917628 0.4252122877897462 0.06068951506029284 0.5257219146228985 0.05459749504592173 0.5287676980700897 0.14902385755692268
2 0.5490895321494654 0.6701398366375974 0.5480573996456614 0.5861264556816232 0.6038961679718479 0.5906954445482782 0.6069418398804796 0.6729378297764332
2 0.6028808324637444 0.5891724761464585 0.6566890413122838 0.5891724761464584 0.6617652726985626 0.6714147777134178 0.6038961679718478 0.6714147777134181
2 0.6566890413122838 0.5922184966112933 0.7104972501608229 0.5891724761464584 0.7176039294861895 0.6714147777134178 0.6617652726985627 0.6698918093115982
2 0.5509170175295824 0.6756222927779482 0.6049113919413917 0.6744607981782531 0.6099876233276704 0.755180131343393 0.5561794144791312 0.7567030997452125 0.5551641905095874 0.7110129600950779
2 0.6069418398804795 0.6744607981782531 0.6617652726985627 0.6744607981782531 0.667856839592945 0.7521341108785579 0.6069418398804795 0.7536570792803777
2 0.6627804966681063 0.6729378297764332 0.7165887055166456 0.671414777713418 0.7226802724110282 0.7521341108785579 0.667856839592945 0.7521341108785579
2 0.5571946384486753 0.8069623119231977 0.6099876233276704 0.8039162914583629 0.6140486307444056 0.8892046134901573 0.5582098624182191 0.8861585930253222
2 0.6139652631436175 0.8058306261112815 0.6688720635624887 0.8039162914583629 0.6749635189183113 0.8861585930253223 0.6130334067748617 0.8876815614271422
2 0.6697035672371847 0.8030893980411061 0.7257259443196596 0.8023932393953477 0.7318175112140421 0.884635540962307 0.6719177354711205 0.8831125725604873
2 0.5591407017401088 0.8866968541814569 0.6160790786834933 0.8846355409623071 0.6191248621306845 0.9684008945922821 0.5582098624182191 0.9684008945922821
2 0.613051520453559 0.8866968541814569 0.6749635189183113 0.8892046134901573 0.6780093023655027 0.9668778425292667 0.6191248621306846 0.9653548741274468
2 0.6759787428878551 0.8876815614271422 0.7348631831226735 0.884635540962307 0.7399394145089522 0.9607858852607923 0.6800397503045903 0.9653548741274468
2 0.8012825146056058 0.745523608567422 0.7957781828351391 0.6698918093115983 0.8526320635923097 0.6698918093115983 0.8617693023953236 0.7429960494840527
2 0.7930588303950795 0.6701398366375974 0.7856256085240217 0.5891724761464585 0.841464376850208 0.5922184966112933 0.8506016156532219 0.6698918093115983
2 0.8113336841962491 0.8812143980411061 0.8049154216381529 0.7993472189305125 0.8648150858425147 0.8008702709935277 0.8719217651678814 0.8831125725604874
2 0.8177298830266584 0.8812143980411061 0.8769979965541602 0.8846355409623071 0.8871505708652773 0.9699238629941018 0.8252203471832682 0.9684008945922818
2 0.9091041520325064 0.5879029945323342 0.9490806830087274 0.5906954445482783 0.9612637052589321 0.671414777713418 0.9216689665996856 0.6714147777134178
2 0.923724035073442 0.6687692226025096 0.9602484812893883 0.6698918093115984 0.9744619514786812 0.7490880904137228 0.9328367648803467 0.7475650383507076
2 0.9419988888746117 0.8017187840060184 0.978522958895416 0.8023932393953477 0.9907058696070618 0.8846355409623071 0.9541569143950062 0.8846355409623071
2 0.9538775438453719 0.8853262401463693 0.9937516530542525 0.8831125725604873 1 0.912049641484627 1 0.971446915057117 0.9683703845842987 0.9684008945922818
2 0.04835853799741872 0.8688788717253166 0.08611922810868937 0.870928490701147 0.07799721327521933 0.9288027122106219 0.04144825806316391 0.9181416824142971
2 0.049272280687477195 0.8688788717253166 0.06479902282475028 0.7719331184081925 0.09830219458961452 0.7734561704712076 0.0861192281086894 0.8754975632289974
2 0.0849082455997579 0.871620099795492 0.09830219458961456 0.7734561704712077 0.12774441470702363 0.7734561704712078 0.11454616848727481 0.8754975632289973
2 0.08002771698358686 0.9211877028791321 0.08611922810868938 0.8694055222993274 0.10743943339262847 0.8739745111659822 0.0983021945896146 0.9303257642736371
2 0.07901249301404303 0.7292889992228929 0.09018023552542438 0.6394316883244433 0.1216529035819212 0.6409546567262632 0.11048521683981966 0.7338579880895478
2 0.09424118717287959 0.6394316883244432 0.10540892968426091 0.5663273644907934 0.13383592583212622 0.5678504165538086 0.12368340729028868 0.6424777087892783