0 0.018097549070857328 0.4566709624015139 0.14195788489631636 0.46124003492936394 0.16124764224116778 0.5906954445482784 0.045509265479898954 0.5922184966112933 0.01809754907085735 0.4597169828663488
0 0.14064654969332516 0.4590652752340886 0.2708945078773341 0.4597169828663489 0.28206225038871535 0.5906954445482782 0.16023236250234404 0.5876495077446385
0 0.26948426899157074 0.4549534331288254 0.39678534741116056 0.45057900513303917 0.40389213827508685 0.5876495077446386 0.28307747435825925 0.5906954445482782
0 0.05018602337753568 0.6002385208481237 0.1338359258321262 0.6044024948094381 0.1521104034381539 0.7262429787580579 0.06987525421102919 0.7231969582932227
0 0.13516409355297426 0.6043503629533868 0.21911680273716222 0.6074485152742732 0.23028454524854364 0.727766030821073 0.1531256274076977 0.7277660308210729
0 0.2183146783482959 0.6057209769884745 0.30338245567265454 0.6059255468724535 0.3155654779228595 0.7231969582932227 0.23434555266527868 0.727766030821073
0 0.30512023390385146 0.6057209769884745 0.38764810860814686 0.5998335059427832 0.3957701234416168 0.7186279694265678 0.3165807018924034 0.7201509378283876 0.30338245567265454 0.6089715673372884
0 0.0629784210383544 0.7222231699709307 0.17749161613882797 0.7292889992228929 0.1937355900364882 0.8328533603825025 0.08205822069195441 0.8282843715158476
0 0.1781099999857228 0.7277056261112815 0.29424521686964056 0.7292889992228928 0.301351951964287 0.8298073399176673 0.19576609374485562 0.8298073399176673
0 0.2950690643132082 0.7290762401463693 0.4059225862141745 0.7201509378283877 0.41201404156999716 0.8252383510510124 0.304397735411478 0.8313303919806825
0 0.09039070174010878 0.9086266787428605 0.19779659745322314 0.9105266730828071 0.2099795639341484 0.991246006247947 0.1084547131314521 0.9912460062479472
0 0.19821233916700937 0.9086266787428605 0.30033672799474315 0.912049641484627 0.30845868705893337 0.991246006247947 0.20896433996460462 0.9897229541849321
0 0.30237900583367605 0.9099972927779482 0.40490736224463053 0.9090037046809872 0.41099881760045337 0.9897229541849318 0.30845868705893337 0.9897229541849318
0 0.5289871929681789 0.5358196611990008 0.5307981460091774 0.3698596719678992 0.6414603471534472 0.3698596719678992 0.6333383323199772 0.5373902955666536
0 0.6340676023249041 0.5289665910235622 0.642475571122991 0.3668136515030642 0.7927323993879477 0.36529064127064675 0.7775037052291112 0.5267292657703287
0 0.7805493771377429 0.5236832453054938 0.7927323993879477 0.3607216105733942 0.9480654590391836 0.35158359100948666 0.9247147500468768 0.5206372248406586
0 0.5308146783482959 0.6824753629533868 0.5307981460091772 0.5389132639684734 0.6333383323199772 0.5389132639684734 0.6282621009336983 0.6835988595727582
0 0.6267576608044362 0.6687692226025096 0.6313078843808894 0.5252062137073136 0.77445792178192 0.5252062137073137 0.7643054590093623 0.6714147777134181 0.6302925488727859 0.671414777713418
0 0.7647328070032666 0.667398608567422 0.77445792178192 0.5206372248406586 0.923699526077333 0.5191142564388388 0.9013640410545704 0.6668457888467633
0 0.5308146783482959 0.8113130822516325 0.5307981460091772 0.6835988595727582 0.6272468769641544 0.6790297870449079 0.6242010935169633 0.8130543528528679 0.5379049368731035 0.8100083323880328
0 0.6240164327342608 0.8030893980411061 0.6272468769641544 0.671414777713418 0.7632901235012588 0.6668457888467634 0.7531376607287009 0.8008702709935277
0 0.7546816374126234 0.7962363278656676 0.7653206829789061 0.6668457888467634 0.898318257607379 0.6683687572485832 0.8830895634485424 0.7947782300638575
0 0.5308146783482959 0.9579687840060184 0.5307981460091773 0.8952966544198273 0.6526280338955487 0.8922506339549924 0.6495823619869171 0.9607858852607922
0 0.6496012280558983 0.9579687840060184 0.6526280338955489 0.8937736023568122 0.7754731457514641 0.8892046134901574 0.7683664664260973 0.962308853662612
0 0.7665602923833836 0.9648218541814569 0.7764883697210079 0.8937736023568121 0.8648150858425148 0.8892046134901574 0.8536472875618538 0.9653548741274468 0.7693816903956414 0.9638319057256272
0 0.5308146783482959 0.955227555935843 0.650597585956461 0.9607858852607924 0.6475518025092698 0.9988610155794365 0.5328287054868246 0.9958149951146018
0 0.6485670264788136 0.956216812732942 0.767351130917994 0.9562168127329419 0.7643054590093623 1 0.6485670264788137 1
0 0.7683877777635005 0.9607100120761938 0.8536472875618536 0.9607858852607922 0.8445100487588396 1 0.762274899531715 0.9988610155794366