0 0.1612476422411678 0.6363856678596085 0.2871384817749942 0.6363856678596085 0.2952604966084644 0.7963012821268729 0.17647639216928415 0.8008702709935277
0 0.2868453801026819 0.6331332576902289 0.4089683696613655 0.6287706585281185 0.41404460104764435 0.7947782300638575 0.2942452168696406 0.7917322095990225
0 0.4102006432605766 0.6331332576902289 0.5307981460091774 0.6302936269299384 0.5318134815172808 0.7917322095990226 0.41201404156999705 0.7963012821268728
0 0.17628251460560584 0.8058306261112815 0.2942452168696406 0.8054392598601824 0.3043977354114782 0.947078834999632 0.19068986235857693 0.950124855464467
0 0.2950690643132082 0.8017187840060184 0.41302937707810056 0.7993472189305125 0.41709038449483554 0.9455557829366168 0.30338245567265454 0.948601803401452
0 0.4138556140208105 0.7976069419007552 0.5287676980700897 0.7902092411972027 0.5297829220396335 0.9348947531402921 0.4170903844948356 0.9440328145347971
1 0.5571946384486751 0.48560811498684886 0.5592251979263223 0.4079348022865441 0.6028808324637444 0.4109808227513791 0.5998351605551128 0.49017710385350366
1 0.5993453801026818 0.48647755593584296 0.6028808324637444 0.40945781251896146 0.6901922130771477 0.4125038329837966 0.6891769891076042 0.4901771038535038
1 0.6888921637284128 0.48784816997093067 0.6901922130771478 0.41250383298379656 0.778518929198655 0.4094578125189616 0.7734426978123762 0.48560811498684897
1 0.5591407017401088 0.4851069419007552 0.6434907950925348 0.49017710385350366 0.6404451231839035 0.5648043960889737 0.5571946384486751 0.5632813440259584
1 0.6441187719155473 0.48921878400601837 0.7358784070922174 0.49170015591651905 0.7308021757059386 0.5648043960889735 0.641460347153447 0.5632813440259582
1 0.7354930409213953 0.48647755593584296 0.77445792178192 0.4871310833886688 0.7693816903956413 0.5632813440259584 0.7308021757059386 0.5617583756241386
1 0.5600544444301672 0.5604907138305798 0.5998351605551129 0.5648043960889735 0.5998351605551128 0.6333396473947732 0.5592251979263222 0.6318166789929532
1 0.5993453801026818 0.5632319419007552 0.6871465411685164 0.5648043960889735 0.6810549742741341 0.6363856678596084 0.5988198250470094 0.6318166789929535
1 0.6861509356582374 0.5632319419007552 0.7693816903956414 0.5632813440259582 0.7663359069484499 0.6333396473947733 0.6820703097822378 0.6333396473947732
1 0.5582269590500503 0.7551179068130359 0.5592251979263224 0.6942598893690832 0.6434907950925348 0.6942598893690832 0.642475571122991 0.755180131343393
1 0.6422912865354303 0.7578591348832113 0.642475571122991 0.6912138689042481 0.7267411682892037 0.6927368373060678 0.7226802724110277 0.7567030997452127
1 0.7236954963805718 0.7539618716750369 0.7267411682892034 0.686949588771057 0.7643054590093623 0.6884726408340723 0.7612596755621712 0.7524389032732172 0.7247107203501156 0.752438903273217
1 0.5600544444301672 0.8195367664621588 0.56125564586541 0.7536570792803777 0.5978046010774656 0.7567030997452127 0.5967893771079216 0.8191463101213423
1 0.5975178947225649 0.8167955383919833 0.5978046010774656 0.755180131343393 0.6800397503045903 0.7567030997452127 0.6780093023655026 0.8206693621843575
1 0.6788409941377695 0.818166152427071 0.6820703097822378 0.755180131343393 0.762274899531715 0.7567030997452128 0.7582138921149799 0.8191463101213424
1 0.5554857309798749 0.8743613278656676 0.5571946384486751 0.8176233417195227 0.6353687802590647 0.8191463101213424 0.6333383323199772 0.8770205316308173
1 0.634353556289521 0.8739745111659822 0.6363841157671682 0.8191463101213423 0.7155734815471018 0.8191463101213422 0.7155734815471018 0.8785435836938322
1 0.7135430336080142 0.8739745111659821 0.7176039294861897 0.8191463101213422 0.7551682202063483 0.8206693621843574 0.7511072127896135 0.873974511165982
1 0.8759827725846164 0.7871632207323678 0.890196242773909 0.6775068186430883 0.9795381828649599 0.6775068186430883 0.9622789292284762 0.7886861891341875
1 0.9657561988161322 0.7880126436551412 0.9835991902816951 0.6775068186430881 1 0.6820758075097428 0.9978126604709878 0.7917322095990225
1 0.8688994736699333 0.8866968541814569 0.8800437800013513 0.7856401686693524 0.9643094887061235 0.7886861891341875 0.9531416904254623 0.8876815614271422
1 0.9541569143950064 0.884635540962307 0.965324712675667 0.7871632207323676 1 0.7886861891341875 0.9988278844405315 0.8374224329103527 0.9896906456375176 0.8876815614271422 0.9561874738726533 0.8892046134901573
2 0.5408658479389391 0.3261157138305798 0.5429811682593826 0.24801922984987737 0.578514899501894 0.24801922984987737 0.5764843400242468 0.3287385211844195 0.5460269517065736 0.32873852118441954
2 0.5774155555412783 0.3261157138305798 0.5785148995018942 0.24801922984987732 0.6099876233276704 0.24801922984987737 0.6089723993581265 0.32569250071958444
2 0.6093965496933251 0.3274863278656675 0.6120180712667583 0.24649621961745974 0.6495823619869171 0.24801922984987737 0.6455213545701822 0.32569250071958444
2 0.6468599999857227 0.32337448576040434 0.6505975859564611 0.2434501991526248 0.6841007577213254 0.24345019915262475 0.6790245263350463 0.3241694904871669
2 0.6806684795178866 0.32200387172531664 0.6851159816908694 0.24497320938504225 0.7206497129333809 0.24801922984987743 0.7155734815471018 0.3256925007195844