0 0.5563994736699333 0.24387887172531664 0.5505311596529147 0.11094868540768017 0.7190168213673247 0.10333367607619025 0.731196544030119 0.23431217958871745
0 0.7327518128512198 0.24524948576040434 0.7190168213673246 0.11094868540768017 0.8824276265159915 0.10637969654102541 0.9006971547560076 0.23888116845537216
0 0.5591407017401088 0.23976702962005347 0.7322114930415975 0.23431217958871742 0.7443911041960408 0.3881357529263117 0.5647407803386659 0.391181731560549
0 0.7327518128512198 0.2411376436551412 0.9027270527789647 0.23583514799053718 0.9230265905502887 0.3835667222290593 0.7464211137273488 0.38661274269389423
0 0.5655369005705181 0.39464641558496577 0.7443911041960407 0.38508973246147665 0.7504810212816136 0.4977921131849936 0.7596157854016217 0.5373902955666535 0.5718456464357171 0.5373902955666535 0.5840252575901603 0.5023611857128439
0 0.7473716958921556 0.38642273137443944 0.9230265905502887 0.3850897324614767 0.9463709753560483 0.5404363160314888 0.757585775870314 0.5373902955666535
0 0.5353833917985883 0.028692468216544705 0.5332765804243769 0 0.6936424270302572 0 0.6946574875500867 0.030229394073138006
0 0.6989433333190561 0.031433696286720145 0.6966873855730438 0 0.851978375613181 0 0.8570532321789242 0.034798424770390544
2 0.3086260652709141 0.2982954856690251 0.3119796558509026 0.24568682576250578 0.3448064603955545 0.24646869846898742 0.3427222124765635 0.2996358921867709
2 0.34241173194630714 0.29987837005957263 0.3449144044440218 0.24542592459891235 0.3787003800565548 0.24730359216814438 0.37744903235140687 0.30113015416925604
2 0.37735800879503495 0.3013089377984772 0.37870038005655476 0.24542592459891238 0.4120692550424259 0.2466777087085958 0.40998370608395424 0.3005042621144144
2 0.4095665596321301 0.3017560462240978 0.41206925504242586 0.24855537627782784 0.4729674129402527 0.2504330438470599 0.4729674129402527 0.30300781314319497
2 0.3063867779483216 0.35369246532819426 0.30904287987301715 0.2980006938950475 0.3732779344344635 0.3005042621144144 0.37119238547599187 0.35370493206068426
2 0.3705988439524908 0.35369246532819426 0.3728608338078016 0.29987837005957263 0.4078981571254825 0.30113015416925604 0.40622970879367276 0.3549566989797815
2 0.4062722139548071 0.3542557290650729 0.40748101067365844 0.3005042621144143 0.4416841327380155 0.3023819382789395 0.4404327850328676 0.354330824115526
2 0.4408190564833659 0.3548189928019516 0.44168413273801543 0.30113015416925604 0.4738016600187387 0.3036337051980367 0.4729674129402527 0.3555825910346232 0.44210123336467744 0.3549566989797815
2 0.30487175904349273 0.3537049320606843 0.33865773465602567 0.35307904000584256 0.33573796153164914 0.4087832609808931 0.30070066112654936 0.406905584816368
2 0.3382406340293638 0.3524531479510009 0.3736950579737065 0.3530790400058426 0.370358161310087 0.4087832609808931 0.336155062158311 0.40753147687120966
2 0.3739784263737629 0.35369246532819426 0.4091494590054682 0.354330824115526 0.4078981571254825 0.4087832609808931 0.37160948610265376 0.4081573689260514
2 0.40873235837880634 0.3537049320606843 0.47213321168692884 0.3555825910346232 0.47213321168692884 0.41066093714541835 0.40748101067365833 0.4094091530357349
2 0.30075414057953487 0.40663925659478994 0.3666041640198056 0.4075314768712097 0.3641014915220909 0.4663651409298827 0.29652954029702494 0.46511339120137163
2 0.3664682432153805 0.40663925659478994 0.40122436379824344 0.4075314768712097 0.3991388148397717 0.4669910501753106 0.36285016672952414 0.46573926606562716
2 0.40101508574393935 0.4072025203316686 0.43584454066410017 0.4087832609808931 0.4341761381574526 0.468242834284994 0.3991388148397718 0.4663651409298827
2 0.4359374374304174 0.4088923115423046 0.4692134156499712 0.41066093714541835 0.4679621137699855 0.47012049325893296 0.4345932387841144 0.4663651409298827
2 0.2985010856320201 0.500704300653529 0.3349037373657442 0.5014149928575014 0.3324010648680296 0.5640040264358109 0.29527821550445815 0.5627522423261275
2 0.3345499647922555 0.5023940918641651 0.370358161310087 0.5032926862126128 0.36868971297827724 0.5646299013000665 0.3324010648680296 0.5640040264358109
2 0.37097435311041 0.5040838830748011 0.40748101067365844 0.5057962544319797 0.404144159835201 0.5658816854097498 0.3682726123516153 0.563378117190383
2 0.4078981571254825 0.5070480041604907 0.4733845135669145 0.5101774816252855 0.4729674129402527 0.5658816854097498 0.4053954617151867 0.5652558105454943
2 0.2931926665459865 0.5615004582164441 0.3611817183977144 0.5627522423261275 0.35909616943924266 0.6265930256329479 0.28943866925570505 0.624715366659009
2 0.3660927340574614 0.563789839183941 0.40247571150339123 0.5646299013000665 0.39997301609309543 0.6278448097426313 0.363267267356186 0.6265930256329478
2 0.4047701773231306 0.5643531029208195 0.44168413273801543 0.5652558105454943 0.4400156844062057 0.6265930256329478 0.4028928121300532 0.6253412759044371
2 0.4415700747992042 0.5643531029208195 0.47838985856234384 0.5665075946551779 0.4771385566823583 0.6284707189880593 0.4404327850328676 0.6272189348783759
2 0.28648479257860837 0.6978466085610661 0.35784484464667593 0.6985629441592479 0.356593496941528 0.7304833186220718 0.2844333242602757 0.7298574437578162
2 0.35708051426740256 0.6978466085610661 0.39496771692282845 0.6991888190235034 0.3941334698443424 0.7317351027317552 0.3561763963148661 0.7298574437578162
2 0.3950069392172335 0.6989731360348234 0.4329247904523046 0.6991888190235035 0.43209054337381864 0.7317351027317552 0.39329926859101866 0.7311092278674999
2 0.43405989164082176 0.7000996635085809 0.47255031231359074 0.7016923872428702 0.4717161110602669 0.7323610119771832 0.43209054337381875 0.7311092278674999
2 0.04121659257192335 0.303150791401637 0.04803667293747282 0.25282153071780944 0.08021852063273556 0.252253418648021 0.0745393649224939 0.3039521709347577
2 0.07325632852832219 0.3046846085484859 0.07908267701208883 0.25111717890461344 0.1142934132988575 0.25054905903290964 0.1078570354407394 0.3028159311913501
2 0.10747843476563308 0.3028159311913501 0.11391479182608727 0.25054905903290964 0.13852443884024918 0.24941282709141743 0.13322390460277775 0.3033840510630539
2 0.03201368969083006 0.3573456639236308 0.039707250108495455 0.3022478113196463 0.1021779005281617 0.3016796914479426 0.0976345676409028 0.35565092322149433
2 0.09725596696579655 0.3556509232214943 0.10179927905539149 0.3011115793781541 0.13398112675065424 0.30167969144794254 0.12716614821742983 0.35508280334979053
2 0.02656011761314516 0.41154053644562455 0.03364949372314755 0.3567871629649018 0.06848160853714601 0.3556509232214943 0.06242385215179809 0.410758379134623
2 0.06234918437295237 0.4105179916810587 0.06848160853714601 0.35565092322149433 0.10066345623240873 0.35508280334979053 0.09498430052216708 0.410758379134623
2 0.09460569984706084 0.410758379134623 0.10028483475963852 0.35451468347808673 0.1271661482174298 0.35451468347808673 0.12035116968420541 0.4096221393912154
2 0.020019536656698755 0.46813831453456667 0.02645591451481689 0.410758379134623 0.09119821058044861 0.4113264990063267 0.08514045419510072 0.46529773077987846
2 0.08703349916595995 0.466433970523286 0.09309125555130787 0.41019025926291924 0.12035116968420542 0.4113264990063267 0.11429341329885753 0.4641614910364709
2 0.019743152516039017 0.5623658892190978 0.02607729304204668 0.5010857792836646 0.06280245282690436 0.5005176438081302 0.05674469644155643 0.5590338189514815
2 0.056366095766450186 0.560170058694889 0.06242385215179811 0.499381435272384 0.09990623408453225 0.5005176438081302 0.09536292199493732 0.5613062984382966
2 0.024174179829158003 0.6206509407993552 0.03327089304804131 0.559601954427016 0.09839178978877929 0.5613062984382966 0.09346985622641413 0.6232311928118707
2 0.16919186303742295 0.5607381941704235 0.17600684157064733 0.5010857792836646 0.2040239570537574 0.5005176438081302 0.19948066576182638 0.5618744027061696
2 0.17551080498491425 0.6221847579462042 0.18017153218747198 0.5607381941704235 0.2172753134450999 0.5613062984382966 0.2138678241784877 0.622663057336336
2 0 0.7254617791673622 0.0007104238800083177 0.6914019647759571 0.07037465350800523 0.6931063087872377 0.06658856356628676 0.726625303198607
2 0.06712105994092667 0.7264843239319281 0.07113187565588172 0.6931063087872374 0.08665487769318972 0.6936744442627722 0.08249018707636503 0.726625303198607
2 0.15369651667417464 0.7285294134610599 0.15707632946906308 0.6959469237495872 0.18509346574983712 0.6959469237495872 0.1828218201038717 0.7294658869532952