2 0.2557746190763454 0.4851682448973608 0.2611130373255815 0.4082264122782091 0.31387195203589985 0.4072370938726549 0.31057452892317006 0.48638234893811866
2 0.31097475306335554 0.4851682448973608 0.31453145839444224 0.40426916582835104 0.3705877599908296 0.4062477754671008 0.3666308667462182 0.48440371212701033
2 0.36676843687818295 0.4851682448973608 0.3692688197270663 0.40327984742279693 0.42202769821072394 0.40426916582835104 0.42268720456926634 0.48440371212701033
2 0.2538587209682404 0.5595916935702574 0.25847512057139416 0.48341439372145617 0.31387195203589985 0.4834143937214563 0.3105745289231701 0.5605809848034531
2 0.31097475306335554 0.5590651984606164 0.31387195203589985 0.48341439372145617 0.368609313368524 0.48539300336020585 0.36663086674621825 0.5595916935702575
2 0.36597136038767586 0.5605809848034531 0.36860931336852387 0.4844037121270104 0.423346674701148 0.4844037121270104 0.42268720456926634 0.5625596216145613
2 0.25102622045380685 0.6552202705670211 0.2551776612320037 0.6080681595806182 0.3105745289231701 0.6060895227695098 0.3085960823008645 0.6565445712462616
2 0.3086005537520863 0.6534396210835692 0.31123399905505184 0.6070788140027055 0.36794984323664226 0.6070788140027055 0.36531189025579414 0.6575339168241743
2 0.36597136038767586 0.6555552800130661 0.36794984323664226 0.6060895227695098 0.4253251213234536 0.6060895227695099 0.4240061448330296 0.6565445712462616
2 0.24449717234781643 0.7513753426734259 0.24594486202569624 0.728764624645205 0.30463915282959236 0.7307432614563132 0.30463915282959236 0.750529575222679 0.24594486202569618 0.750529575222679
2 0.30463915282959236 0.7465723016004625 0.3059581293200163 0.728764624645205 0.3626739372749462 0.728764624645205 0.3626739372749462 0.750529575222679
2 0.3639929137653702 0.7505295752226793 0.3626739372749461 0.727775279067292 0.42268720456926634 0.728764624645205 0.42202769821072394 0.7495402296447663
2 0.4492718629447895 0.37832927589024445 0.45038560218818885 0.30731623380762974 0.4827004356369258 0.3083055522131839 0.4840194121273498 0.37656833198991047
2 0.48369775295819367 0.3694260284729848 0.4827004356369258 0.30434830576332583 0.5156747392175444 0.30434830576332583 0.5176532220665108 0.3686537847454772
2 0.5176532220665108 0.36766449351228164 0.5156747392175445 0.30236966895221756 0.5499680555152477 0.3033589873577717 0.5512869957790111 0.3686537847454772
2 0.5526060084960958 0.36964310315103144 0.5506275256471294 0.30731623380762974 0.5961320515467852 0.30731623380762974 0.5981105343957516 0.3716217399621397 0.5565629017407072 0.37261105836769387
2 0.4451170141500684 0.44332298203624027 0.44576920258503505 0.37755765039546463 0.49391171769219966 0.3755790135843563 0.4945711878240813 0.4398845197388663
2 0.49589016431450533 0.43790588292775806 0.49589016431450533 0.3706324215565856 0.5282049615365816 0.37063242155658555 0.5288645041217847 0.43394860930554136
2 0.5305881893557615 0.4308584356520767 0.5288645041217848 0.37162173996213965 0.5631577479661666 0.37458969517880214 0.5638172180980483 0.43295929089998714 0.5341403376301594 0.43196997249443303
2 0.5657957009470147 0.4309806812612375 0.5631577479661666 0.37458969517880225 0.5954725814149036 0.37261105836769387 0.5967915941319883 0.43196997249443303
2 0.44867831311697215 0.44332298203624027 0.4827004356369258 0.44186312937761607 0.4840194121273498 0.5081472995155929 0.44906662569776484 0.508147299515593
2 0.48599785874965556 0.4388952013333122 0.5189721623302741 0.4398845197388664 0.520291175047359 0.5061686627044846 0.48599785874965556 0.5071579539376802
2 0.5545844188917408 0.437905882927758 0.5565629017407072 0.5061686627044846 0.5209506451792405 0.5061686627044846 0.5209506451792405 0.43691656452220384
2 0.5549237322962713 0.4362003841024325 0.602067427640363 0.4349379277110956 0.6060243933382958 0.5051793171265718 0.5559034316088255 0.5061686627044846
2 0.45763995477219055 0.6159826524803342 0.4576399547721906 0.5556344199480409 0.5064419400112369 0.5536557831369325 0.5077609527283218 0.6179612892914425
2 0.5071014101431186 0.616971998058247 0.5077609527283218 0.5496985095147159 0.54403267942167 0.5467305814704121 0.5427136667045852 0.6199399261025507
2 0.5436462855677424 0.6204976056397085 0.5427136667045852 0.5447519446593037 0.5783259232660519 0.5437626534261082 0.5803044061150183 0.6179612892914425
2 0.5803044061150183 0.6179612892914425 0.5796449359831368 0.5467305814704121 0.6132787096956369 0.5447519446593038 0.6145977224127217 0.6179612892914425
2 0.4464287089435775 0.616971998058247 0.48204096550504405 0.616971998058247 0.48138145914650177 0.6575339168241743 0.44576920258503505 0.6545659344351531
2 0.49082035089200143 0.6178266314145304 0.5282049615365817 0.618950580524638 0.5268860212728183 0.6545659344351534 0.4912737647113516 0.6545659344351532
2 0.5387567734599739 0.618950580524638 0.5750285001533223 0.6189505805246379 0.5756879702852038 0.6555552800130661 0.5387567734599739 0.6565445712462615
2 0.5792592752367811 0.6178266314145304 0.6330633208253367 0.6179612892914425 0.6324038506934551 0.6555552800130661 0.5809638762468999 0.6535766432019577
2 0.59745106426387 0.7505295752226793 0.5967915941319883 0.7267859878340965 0.6310848379763703 0.727775279067292 0.6324038506934551 0.7485509384115707
2 0.5495817838459155 0.7487043684482481 0.548649042798163 0.725796696600901 0.5855803120767145 0.727775279067292 0.5862397822085961 0.750529575222679
2 0.5057824698793554 0.7495402296447663 0.5064419400112369 0.728764624645205 0.541394726440822 0.727775279067292 0.5420541965727036 0.7485509384115708
2 0.4484071555658831 0.750529575222679 0.44906662569776473 0.727775279067292 0.5024850467666254 0.728764624645205 0.5011660340495407 0.7495402296447663
2 0.9163955774370152 0.31600654396942657 0.910707056959729 0.26576499663614817 0.8961983517917255 0.264775678230594 0.9021337278853032 0.31622007228525856
2 0.9179613733170704 0.31325214424095466 0.912685467355374 0.26576499663614817 0.9450003008041109 0.2657649966361482 0.9542331000104184 0.3122628258354005
2 0.9517852485281326 0.3127427041317549 0.9444431219286998 0.2647265481864389 0.9748846280894674 0.2630352011477779 0.982776863545955 0.31123845238734255
2 0.9822273813523252 0.3119816508111501 0.9737571304908818 0.26303520114777784 1 0.26134385410911687 1 0.310392778868012 0.9833405813785462 0.31123845238734255
2 0.9472617730250593 0.31123845238734255 0.981085648114778 0.310392778868012 0.9895416633372597 0.36451572151584444 0.95346279305037 0.36451572151584444
2 0.9538147240497454 0.36601643657409216 0.9472617730250594 0.3120841259066731 0.901599513783908 0.3146211232376187 0.9094917492403958 0.36789839236612054
2 0.9844680789771317 0.3120841259066731 1 0.3120841259066731 0.9996888320575157 0.36282437447718335 0.991232816835034 0.36113302743852227
2 0.9354233888736266 0.42202135824099907 0.9252762201533706 0.36705271884678997 0.9078005338092185 0.3704354129241122 0.9156927692657061 0.42371270527966015 0.9337322353758525 0.42117566149462243
2 0.926416804507972 0.36601643657409216 0.9619188082728518 0.365361395035175 0.9692473258967481 0.42202135824099907 0.9342959532084438 0.42202135824099907
2 0.9624399950166 0.36297222329167295 0.9974338987937474 0.36367004799651387 1 0.39411420178422923 0.9996888320575155 0.4203300112023379 0.9686835461307537 0.422021358240999
2 0.974616848146277 0.47484706142058114 0.9675561104655712 0.42371270527966015 0.9179477025294747 0.42371270527966015 0.9218938512244198 0.4795269717391076
2 0.9730947415050675 0.47484706142058114 0.9669923926329796 0.42117566149462243 1 0.4194843144559613 0.9996888320575158 0.4744529306231244
2 0.9450068397612912 0.5733964304331992 0.9359871067062181 0.5141994698964297 0.9720659769931077 0.5125081228577685 0.9810856481147779 0.5750877774718604
2 0.9805219302821867 0.5725507801409147 0.9715021972271134 0.5116624725654841 1 0.5141994698964297 0.9996888320575158 0.5733964304331992
2 0.9568452239127236 0.5742421271795757 1 0.5708594331022537 1 0.635976085047291 0.965301177201803 0.63428473800863