2 0.47191187544297514 0.2796948098491529 0.5035927510535675 0.2796948098491529 0.5046487737950967 0.3304023625415659 0.47155985497148417 0.329874157356484
2 0.5040011400795853 0.27856430007918465 0.5361510149620723 0.2790655433879221 0.5377916404183353 0.3301488363812707 0.5041584693375013 0.3301488363812706
2 0.5353875835475114 0.27801042166504475 0.5669130633309427 0.2778346169992306 0.5685537113180084 0.3289179099925792 0.5373814896869703 0.32891790999257914
2 0.5667740270154377 0.27801042166504475 0.62597623314969 0.2790655433879221 0.628847333330851 0.3283024467982334 0.5685537113180084 0.3283024467982334
2 0.4703991829550996 0.329521114180053 0.533279869719306 0.3283024467982334 0.5341001937128389 0.38184757566481503 0.4705252757258647 0.38184757566481503
2 0.5324335653387654 0.3273056005234935 0.5660927393374098 0.3270715204095419 0.5669130633309426 0.38123211247046934 0.5341001937128389 0.38123211247046934
2 0.5660355224632511 0.3273056005234935 0.598085262431178 0.32645605721519605 0.6001361062112142 0.3818475756648151 0.5673232140623077 0.38123211247046934
2 0.5980852624311781 0.32645605721519605 0.6296676798551865 0.3270715204095419 0.6325387800363474 0.38061666618027346 0.5989056089555136 0.3800012029859277
2 0.4729862477064633 0.3812321124704693 0.5070295920494651 0.3800012029859277 0.5066194413180999 0.43600816772574247 0.4729862477064633 0.4353927214355466
2 0.506585906012238 0.381585685109201 0.5390221376740361 0.38061666618027346 0.540252612398934 0.4335463487566593 0.5070295920494651 0.43416179504685515
2 0.5390221376740361 0.3800012029859277 0.5722451580235048 0.38061666618027346 0.5747061074733009 0.4353927214355466 0.540662763130299 0.434777241337051 0.5390221376740361 0.38061666618027346
2 0.5715743066046498 0.38047792828092136 0.6337692772920481 0.3800012029859277 0.6362302267418442 0.4335463487566592 0.5730654820170377 0.43416179504685515
2 0.4733532011638456 0.43531189128076875 0.5373814896869703 0.43354634875665926 0.5390221376740361 0.4901687935949697 0.4738065716999962 0.49078423988516556
2 0.5372338449279777 0.4330963776242093 0.5722451580235048 0.43354634875665926 0.5734756327484029 0.48893786720627824 0.5386119644118683 0.4895533134964741 0.5369713164248026 0.43416179504685515
2 0.5723128111568363 0.4336502560383491 0.605058005110806 0.43293086865816366 0.6075189996222072 0.48893786720627824 0.5730654820170378 0.48893786720627824
2 0.605058005110806 0.43231542236796777 0.6386911761916401 0.4329308686581636 0.6411521707030412 0.48893786720627824 0.6066986530978717 0.48893786720627824
2 0.4910773104163215 0.5233785591290087 0.5267173003018457 0.5234037046647411 0.5275376242953786 0.5831034485706305 0.4918536319653112 0.581872522181939
2 0.5267173003018457 0.5234037046647411 0.5615809686383804 0.524019150954937 0.5624012926319133 0.5831034485706305 0.5267173003018457 0.581872522181939
2 0.5612352428740388 0.5255940727855681 0.5943938382564842 0.5252500773436284 0.5964446595057177 0.5837188948608262 0.5624012926319132 0.5831034485706303
2 0.5944679477224313 0.5244863159572883 0.6583789069748234 0.5240191509549369 0.6608398564246193 0.5831034485706305 0.5956243129813821 0.5824879684721347
2 0.5032626355273987 0.5809819141995555 0.5660927393374098 0.581872522181939 0.5685537113180084 0.6440341188652112 0.5045686200688665 0.6434186387667155
2 0.5664047747393444 0.5831974278561151 0.5993157596868786 0.5831034485706305 0.6009564076739443 0.644649565155407 0.5673232140623078 0.6434186387667155
2 0.602960750072576 0.5815357926136954 0.6378708747289098 0.5812570420834432 0.6391013719846105 0.6421877461863239 0.6042377036480758 0.6421877461863237
2 0.6448436174085379 0.5818725221819389 0.6772462912336713 0.5824879684721347 0.6809377379391677 0.6421877461863239 0.6460740696026331 0.6415722660878282
2 0.48960030131194854 0.6419085397549416 0.5254868255769478 0.6421803583067608 0.5254868255769478 0.6551050684838718 0.48939268251551515 0.6551050684838718
2 0.5254177720929937 0.6419085397549416 0.5611708179070153 0.6421803583067608 0.5615809686383805 0.6557205147740676 0.5254868255769478 0.6544895883853762
2 0.5627122519784118 0.6435701749973611 0.5989056089555136 0.6434112846954523 0.5993157596868786 0.6563359948725633 0.5636317673568112 0.6557205147740676
2 0.6003759841399232 0.6419085397549416 0.6669922976415171 0.6421803583067608 0.6678125991042473 0.6581823675514505 0.5997259104182437 0.656951441162759
2 0.48775203452844945 0.7234212633023019 0.5562488739458181 0.7240367434007975 0.5562488739458181 0.7486551697497282 0.4869317105349166 0.7480397234595325
2 0.5568042155609199 0.7238825450476428 0.5943938382564842 0.7240367434007974 0.5943938382564842 0.749270649848224 0.5574793712015188 0.7474242771693366
2 0.5933601908941515 0.7249903018759226 0.6304879813179167 0.7252676359811892 0.631308282780647 0.7480397234595325 0.5931633410007836 0.7486551697497282
2 0.6299161662273831 0.7255441802900625 0.6657618003858164 0.7258831160796849 0.6661719511171815 0.7480397234595325 0.631308282780647 0.7474242771693366
2 0.8258340329418111 0.28261392000539776 0.8828388766567871 0.28394073268502285 0.8887113051551968 0.3342938913214233 0.8291480293977235 0.33177624289766544
2 0.8601977837139286 0.3313273689021356 0.8916475424460025 0.33177624289766544 0.8962615769507523 0.3865352992411815 0.8648020957748699 0.3846470499578238
2 0.8292326456555371 0.3313273689021356 0.8606075105736061 0.33177624289766544 0.8656410404650438 0.3852764663856097 0.8341815592891612 0.3840176508174237
2 0.8367851183527059 0.384005865964887 0.8954226783437802 0.38590588281339566 0.9008756575387042 0.43940612358872566 0.8429902250783768 0.4387767071609398
2 0.8681278800459558 0.437250798479926 0.9000367128485303 0.437517874305368 0.9071675353405999 0.4960534465029853 0.8731913122605994 0.4941651799322418
2 0.8367851183527059 0.43668436302763836 0.8681577823691617 0.4375178743053679 0.8731913122605994 0.49227694793626975 0.8425707757748907 0.49227694793626975
2 0.823945914767519 0.28091461364853476 0.8291480293977235 0.3305174100420937 0.8140474858066121 0.3298879936143077 0.8090140019983765 0.2807936591897862 0.8241145455894877 0.28142307561757207
2 0.837917989257281 0.4355514921230631 0.8425707757748909 0.49290634707666997 0.8291480293977236 0.4941651799322418 0.8241145455894877 0.43562964230939605
2 0.8371627419875641 0.384005865964887 0.8429902250783768 0.43877670716093975 0.8232756008993138 0.4362590414497961 0.8178226217043901 0.3840176508174237
2 0.8341815592891612 0.3827588179618519 0.8291480293977235 0.33114682646987953 0.8127891378961543 0.3305174100420937 0.818242117091078 0.38275881796185185
2 0.73225289004916 0.27890541855012135 0.7511285695380492 0.2807936591897862 0.7557426270843999 0.33114682646987953 0.7372863968989968 0.32988799361430776
2 0.7370924787500793 0.329061627092985 0.756162076387886 0.33114682646987953 0.7595177629821777 0.3808705686784941 0.7406420834932886 0.37961173582292235
2 0.7389805969243716 0.38004081779887344 0.7607761339342367 0.3808705686784941 0.7641318205285285 0.43562964230939594 0.7419004544453475 0.43374139302603826
2 0.7408687150986637 0.43215287940933717 0.7649707421771015 0.4337413930260383 0.7683264057297924 0.4903887159402978 0.7452561410396393 0.4903887159402978
2 0.7525750477792752 0.5256147290367994 0.7716820923240841 0.5262653313123941 0.7779739931675809 0.5860597017908118 0.7557426270843999 0.5841714697948398
2 0.7537079186838506 0.5845240160747148 0.7775545208224939 0.5854303026504114 0.7817491290653586 0.645224673128829 0.7582593920301188 0.6445952739884289
2 0.7635261331901698 0.7244335727897643 0.7888799285158273 0.7245309010064525 0.7901382994678864 0.7497074889683454 0.7649707421771015 0.7490780898279453
2 0.8330088820041215 0.5284469062982375 0.8530572387780503 0.5300418298791094 0.8593491165799462 0.5892067666423554 0.8383761444904251 0.5873185346463834
2 0.8394284837967148 0.5879226287884408 0.8543156327717103 0.5892067666423554 0.8593491165799461 0.6471129051248009 0.8450875176790087 0.6464835059844011
2 0.8534005582864769 0.5295797772028128 0.9109426712383776 0.5319300618750814 0.9184929430339334 0.5892067666423554 0.8585102179729741 0.5866891355059832
2 0.8586872891744948 0.5862233224315778 0.8933253396599465 0.5873185346463835 0.8987783188548704 0.646483505984401 0.8627048031742379 0.6445952739884289
2 0.8934286635814708 0.5867897578838654 0.926043214829489 0.5879479683615552 0.9319156433278987 0.647112905124801 0.8983588695513842 0.6458541068440007
2 0.9012951068421899 0.725160334721624 0.9386270165164824 0.7257897338620242 0.9398853644269405 0.7515957209643176 0.9033923994428221 0.7509663218239173 0.9012951068421902 0.7257897338620242
2 0.8648020957748699 0.727048566717596 0.9021340054491619 0.7264191675771959 0.9042312980497941 0.7509663218239173 0.8668993883755018 0.7497074889683455
2 0.865862138236805 0.6434333031126304 0.9310767447209267 0.6458541068440007 0.9323350926313848 0.6603306328209192 0.8677383330656757 0.6603306328209192 0.8664799390720158 0.645224673128829