0 0.14887023390385143 0.22606088926917628 0.15875125150404584 0.09571866674470036 0.295772713304167 0.10181066584377275 0.28968285197276966 0.23583514799053718
0 0.2886728654827988 0.23702580154987804 0.29577271330416693 0.10333367607619025 0.4297492723156771 0.10333367607619032 0.42670436952706625 0.23126615912388238
0 0.4275617543716877 0.23017273137443944 0.42873426755002314 0.10333367607619029 0.5221118625272364 0.10790270677344282 0.5241418163043688 0.23431217958871736
0 0.1293170053668892 0.3668136515030643 0.14454163081829452 0.22365110796179472 0.2876529539498129 0.22669712842662984 0.2815630926184156 0.36985967196789926
0 0.279535438582214 0.37134597698847455 0.2876529539498129 0.2312661591238824 0.4256893647614123 0.23278916935629984 0.4246744157499339 0.3774746812993891
0 0.4266480116816292 0.37408720505864995 0.4277193185385447 0.22669712842662978 0.5251568210700228 0.2312661591238823 0.5271867748471551 0.3774746812993892
0 0.11049304092139528 0.5042955383919833 0.12525709781262442 0.3683366617354818 0.2754732312870183 0.3729056924327343 0.2653235181555319 0.5145451839109887
0 0.2663384671670103 0.5130222155091687 0.27648823605267236 0.3713826822003168 0.4206145081956691 0.37290569243273436 0.41858455441853665 0.5160682359740038
0 0.41858455441853665 0.5175912043758237 0.4216294572071477 0.3683366617354817 0.5241418163043687 0.3744286608345541 0.5251568210700228 0.5191142564388388
0 0.6165044065159279 0.5297752862351637 0.6083847029157493 0.3835667222290592 0.7078520477160085 0.38661274269389423 0.7169868118360168 0.5282522341721486
0 0.7172181871202257 0.5262253629533868 0.7078520477160085 0.3835667222290592 0.8479184680589161 0.3850897324614767 0.8631431492644969 0.5267292657703287
0 0.8698132163599918 0.5275959769884745 0.8529933246246594 0.3835667222290592 0.9900147864247806 0.3835667222290592 0.9991495505447883 0.4307798721116113 1 0.5236832453054937
0 0.6103102923833836 0.38505211733935174 0.6063546933844414 0.23888116845537216 0.7007472931273085 0.24497320938504236 0.7078520477160086 0.3850897324614768
0 0.7062532748395239 0.38505211733935174 0.6987172835960006 0.24192718892020723 0.8337088473731649 0.24649621961745974 0.8479184680589161 0.3850897324614767
0 0.8515383625588222 0.38642273137443944 0.8377687549274295 0.24345019915262467 0.9676853506304994 0.2449732093850423 0.9940746939790455 0.3866127426938942
0 0.6075690643132081 0.23976702962005347 0.6012798368186981 0.10942571700586036 0.6936424270302572 0.11247169564009771 0.69973234411583 0.24497320938504236
0 0.6989433333190561 0.24387887172531664 0.6916125290073004 0.11094868540768017 0.8225441852301999 0.11704072633735027 0.8347237963846433 0.24649621961745974
0 0.8323497660675941 0.24524948576040434 0.8205141756988918 0.11247169564009764 0.9463709753560482 0.11247169564009768 0.9656554526075425 0.24345019915262478