2 0.5180222806874771 0.3768284331288254 0.5160220569500147 0.3135084606908421 0.573875544458674 0.3119854504584246 0.5759055539899819 0.37747468129938916
2 0.5765018128512198 0.3768284331288254 0.573875544458674 0.3135084606908421 0.6327440367329872 0.31503147092325945 0.6347739347559441 0.38052070176422415
2 0.635895087705021 0.3768284331288254 0.6327440367329872 0.3119854504584245 0.6723280517558059 0.31350846069084193 0.677402908321549 0.3789976915318067
2 0.5207635087576526 0.4426179068130359 0.5190669597386255 0.3759516710669718 0.5769205030014605 0.3759516710669718 0.5799653500358956 0.4429639121403538
2 0.5810705263015122 0.4426179068130359 0.5789504010244172 0.3759516710669718 0.6347739347559441 0.3805207017642243 0.6388338423102088 0.444486964203369
2 0.6450325146056058 0.4467297489182991 0.6418788008529954 0.3789976915318066 0.6814628158758139 0.3789976915318066 0.6855227234300786 0.444486964203369
2 0.523504736827828 0.5042955383919833 0.5210969135157578 0.4399179335061165 0.5809804105557252 0.44296391214035385 0.5840252575901603 0.502361185712844
2 0.5838117543716876 0.5029249243568956 0.5819953595672036 0.441440943738534 0.6398489028300384 0.44296391214035385 0.6439086988759521 0.502361185712844
2 0.6477737426757812 0.5042955383919833 0.6469536574187386 0.4444869642033689 0.6885675704645139 0.444486964203369 0.6926274780187789 0.5023611857128439
2 0.5317284210383544 0.6125740471639132 0.5322616314128985 0.5419592844333087 0.5748904934701524 0.5404363160314886 0.5769205030014604 0.6135405562039433
2 0.5774155555412783 0.6139446611990008 0.5748904934701524 0.5419592844333087 0.634773934755944 0.5419592844333087 0.6378188932987303 0.6165865766687783
2 0.637722573085138 0.6194271173393517 0.634773934755944 0.5419592844333087 0.6946574875500867 0.5434823364963238 0.6987172835960006 0.6181095450705978
2 0.5322616314128985 0.7353810401525629 0.5322616314128985 0.7018748987005732 0.5779354520129388 0.7018748987005732 0.5779354520129388 0.735381040152563
2 0.5783292982313368 0.7372999243568956 0.5789504010244172 0.7018748987005732 0.640863851841517 0.7033978671023929 0.6418788008529954 0.7369040085543829
2 0.6441187719155473 0.7359293103218079 0.6428937498644737 0.7064438875672276 0.7037922516700947 0.7049209191654079 0.7058221496930518 0.732335019687728
2 0.7474932241648038 0.3156836774886735 0.8095376521026156 0.3184905620690225 0.8150231082474286 0.3812527804211134 0.7533119149458987 0.3812527804211135
2 0.7579871851206138 0.4425371466897897 0.7539975781312388 0.3802238610200842 0.8150231082474286 0.38022386102008415 0.8198228258758551 0.4440149422546986
2 0.7592217687624738 0.4425371466897897 0.8198228258758551 0.4440149422546986 0.825993945206008 0.5119215315379121 0.7635970887191381 0.5098637492543596
2 0.875272631097315 0.3184614906828585 0.9021044420549104 0.32054834435257507 0.9103326262721299 0.38022386102008415 0.8822197576937713 0.3781660787365315
2 0.883914716590335 0.37772150549213906 0.9096469630867897 0.3812527804211135 0.9158180824169426 0.44504380513722186 0.8883908770239243 0.4429860228536693
2 0.8894703429787051 0.44438902215257975 0.9178750719729628 0.4440149422546986 0.9267889193755221 0.5078059669708072 0.8959333227247572 0.5078059669708072
2 0.766011978792704 0.5517977989944007 0.8067949240302091 0.5530770641719535 0.8102233152879554 0.6158392260055385 0.7718252729363576 0.6158392260055385
2 0.8073705307950143 0.5536496744571908 0.8657633892593323 0.5571926287390587 0.8705631822188055 0.6148103631230152 0.8095376521026156 0.6148103631230152
2 0.864778670141505 0.5545756121885858 0.9261032561901821 0.5541059270544768 0.933645701891015 0.6178970082890911 0.8712488454041453 0.6158392260055385
2 0.7802096906740942 0.7045775246745772 0.819137162690515 0.7053525010068021 0.8205085643922413 0.7362191222230801 0.7814247835242571 0.7362191222230801
2 0.8197163672136145 0.7045775246745772 0.8801626928067048 0.7074102832903548 0.8829054208791113 0.7351902593405565 0.8211942275775814 0.7351902593405566
2 0.8808282574856849 0.7073553378687623 0.9432452124789146 0.7063813638893255 0.9466736790677076 0.733132477057004 0.8835910840644512 0.7351902593405565