2 0.08227520520399283 0.36720167132876264 0.09180411408017211 0.3036334364239914 0.15041630717898805 0.3036334364239913 0.1422106052966174 0.37047527814285436
2 0.14221060529661736 0.37047527814285436 0.14924405945341412 0.3027539359638876 0.1826530391406545 0.30451293688409514 0.17561958498385782 0.37047527814285436
2 0.07594324157656074 0.4313128030565125 0.08301227223669086 0.3660777758423356 0.1433828530221914 0.3695957776827506 0.13693550662985804 0.4346785943252782
2 0.13715222330840418 0.4352702803236575 0.14338285302219136 0.36783677676254306 0.17620569274832126 0.3695957776827506 0.16858609863041396 0.43555811894150986
2 0.06802828704227064 0.4930494484239753 0.07715104970714456 0.4329196175611985 0.13810775435543204 0.4355581189415098 0.13283265568867272 0.4944844806755668
2 0.13240325058783015 0.4946324393308333 0.13810775435543202 0.4337991180213023 0.16975834635598797 0.4346785943252782 0.16448324768922862 0.49712295789975036
2 0.22210606864311794 0.49621543023769127 0.228370571651451 0.4302811161808872 0.24654033090622984 0.431160616640991 0.24185137220058106 0.49624343328351866
2 0.22896569590616936 0.4313128030565125 0.23423177808267379 0.36783677676254306 0.24888482635737777 0.3695957776827506 0.24595422314176643 0.431160616640991
2 0.23476999589798211 0.36641017587533364 0.2395068767494331 0.3036334364239913 0.24947096631848836 0.3036334364239913 0.2465403309062298 0.36783677676254306
2 0.06116865977921922 0.6070247937177528 0.06953147168756087 0.5349413569035726 0.11349061651167282 0.5367003578237802 0.1064571623548761 0.6070602013830583
2 0.1097137142561985 0.6109822709848978 0.11700735968839475 0.5349413569035726 0.15920814902246933 0.5375798341277561 0.15217469486567262 0.6105781549112175
2 0.2126081232019698 0.6117737664383268 0.2189925898468592 0.5410978359681711 0.24302361992615504 0.5410978359681711 0.23833462902385916 0.6132166804476568
2 0.04256985449097726 0.7249128765389167 0.04784495315773659 0.6941304812159241 0.09473471729578349 0.6985279593603152 0.09004574249181116 0.7293103546833075
2 0.09810511427257303 0.7336640662663944 0.10176817145258021 0.6967689584401077 0.1468995961989133 0.699407435664291 0.14396896078665478 0.731069355603515
2 0.20258251412520237 0.7297065889992493 0.20433954157215525 0.6950099575199001 0.23423177808267379 0.6967689584401076 0.2324734225926364 0.7337078811399541
2 0.32130683213955386 0.3711591485959077 0.32449459537869274 0.30891041502848604 0.3819345729485819 0.3089104150284861 0.37900396973297057 0.3748727562872453
2 0.3784177975752128 0.3739932558271415 0.38193457294858185 0.3080309145683823 0.44054676604739784 0.3097899154885898 0.4387883783607133 0.3739932558271416
2 0.4387883783607133 0.3748727562872453 0.4399606582829345 0.30891041502848604 0.4798169521658611 0.3106694159486936 0.47864467224364005 0.3748727562872453
2 0.31628886129967504 0.4381965961656933 0.32039174443750745 0.37047527814285436 0.3784177975752128 0.37311375536703784 0.37665947428182256 0.4381965961656933
2 0.3767115138795845 0.43922775759080257 0.3784177975752128 0.37223425490693407 0.4382022705962499 0.3731137553670379 0.43644388290956543 0.43819659616569334
2 0.43633750470457006 0.4408107484976606 0.43820227059624983 0.3748727562872453 0.47923084440139757 0.3748727562872453 0.47864467224364005 0.43731711986171734
2 0.31444720487650246 0.4946324393308333 0.31921949671193345 0.4355581189415098 0.3778316898107493 0.43731711986171734 0.3766594742818226 0.4962434332835187
2 0.3772391775152039 0.4977984211445493 0.3784177975752128 0.4355581189415098 0.43761616283178656 0.43819659616569323 0.43703005506732306 0.49888195881995767
2 0.43703005506732306 0.4997614351239336 0.4382022705962499 0.4381965961656933 0.4792308444013977 0.4390761207819248 0.4792308444013977 0.5015204360441412
2 0.30917056852030905 0.5381646892694288 0.3520423364380634 0.5384593587439876 0.34852559326134147 0.6123371558314251 0.3051525562016929 0.6105781549112176
2 0.35243898664109496 0.5373731938159998 0.4147573804780647 0.5384593587439876 0.4118267772624533 0.6149756813678642 0.34793945330023096 0.612337155831425
2 0.41417127271360127 0.5410978359681711 0.47336957357688064 0.5428568368883787 0.4757140690280286 0.6176141585920476 0.4118267772624533 0.6158551576718402
2 0.2980896321723029 0.6988382663155179 0.34559499004573013 0.699407435664291 0.3450088500846195 0.731069355603515 0.29753296208378566 0.7293103546833075
2 0.3455793593780435 0.6980467708620889 0.4112406694979899 0.7011664365844985 0.4100683895757687 0.7328283565237225 0.3450088500846195 0.7319488802197466
2 0.40995432292360295 0.6996297617689469 0.47395574573463833 0.702925437504706 0.4745418534991019 0.7337078811399542 0.408896174046842 0.7319488802197466
2 0.5455638772777734 0.314171475949019 0.6019225965023941 0.31568555639238727 0.604267091953542 0.3790093962708352 0.546827114383653 0.3781298958107315
2 0.6025087042668575 0.31656505685249103 0.6593625418756361 0.31920353407667446 0.661707037326784 0.38164789765114654 0.604267091953542 0.3790093962708352
2 0.6579562316646927 0.317337457762735 0.6980466202296357 0.3218420354569857 0.7015633312097106 0.3825273739551223 0.6634654250134685 0.38252737395512226
2 0.5485854698736903 0.37725039535062765 0.6060254474435794 0.3781298958107315 0.6071976951691535 0.43793575800489226 0.5474132221481163 0.43793575800489226
2 0.6051898681027588 0.3782826076767688 0.661707037326784 0.38076839719104266 0.6646376405423954 0.4414537598453074 0.6060254474435793 0.4396947589250997
2 0.6637605316565056 0.44001925304423156 0.6611209295623206 0.3825273739551223 0.7021494389741739 0.3825273739551223 0.7062523221120066 0.443212712453259
2 0.5482021954558701 0.5001729075048363 0.5479993621092268 0.43793575800489226 0.6066115552080429 0.4388152343088681 0.6077838029336168 0.5012595978833402
2 0.6078281862808556 0.5017558984116943 0.6077838029336168 0.43881523430886815 0.6646376405423954 0.4405742352290756 0.6669821359935433 0.5012595978833402
2 0.6669821359935433 0.5012595978833402 0.6652237483068587 0.4388152343088681 0.7062523221120066 0.4405742352290756 0.7109413130143024 0.5030185988035476
2 0.5508405136339668 0.6117737664383267 0.5497577175992643 0.5390779968871626 0.5925446468944494 0.5390779968871625 0.5937168946200234 0.6120763176706239
2 0.5935812681191334 0.6117737664383267 0.5925446468944494 0.5390779968871625 0.6529152276799499 0.54083699780737 0.6552597231310979 0.6147147948948074
2 0.6532072589441189 0.6133567573451848 0.6523291199154865 0.5425959987275776 0.7126996363076926 0.5469934768719685 0.7168025194455252 0.616473795815015 0.6552597231310978 0.616473795815015
2 0.5524235045408248 0.7012127526758049 0.5989919932867827 0.7017850747276733 0.5995781010512461 0.7352059955871048 0.5538605685404495 0.730808517442714
2 0.5983302408397074 0.7020042481292339 0.6611209295623206 0.703544075647881 0.6622931450912474 0.7334469946668972 0.5984058533256721 0.7334469946668971
2 0.6616498771140282 0.7043787344895209 0.7220776181122845 0.7053030765680882 0.7238360057989691 0.7325675183629214 0.6622931450912475 0.7316880420589456
2 0.3120966422762393 0.8942234302157593 0.36350282279267976 0.8945315893091318 0.35857296028934993 1 0.30680908806278345 0.9993292485514244
2 0.3626811940869631 0.892065753268301 0.4136234376078127 0.8957644734665456 0.4111584612216331 1 0.35610798390317044 0.9980963643940104
2 0.41195606778977634 0.8953329793881319 0.49578833923264853 0.8957644734665456 0.4949666202579024 1 0.40869352996996816 1