2 0.28685213557022476 0.36726968759125006 0.2917515889416428 0.3224904956423517 0.3322833971050033 0.3244955398414085 0.3278293619310627 0.37061140956633937
2 0.3279718134283669 0.36926381519966844 0.3327288153024808 0.32516388790776074 0.3728152297351694 0.3271689137501456 0.3705881876813934 0.37194810569904396
2 0.3708767800095796 0.36986528669379753 0.3741514353939905 0.32382719177505626 0.4155740554855002 0.32516388790776074 0.4129016441678581 0.3739531498981007
2 0.41297978459862 0.3722711726703142 0.4155740554855002 0.325832235974113 0.4561058881156662 0.330510654081907 0.4538788705286959 0.3739531498981008
2 0.2862697898354126 0.3680608722114101 0.3287201738592119 0.3712797576326917 0.32382072048779376 0.4173956457142946 0.28239807592947846 0.41472225344888564
2 0.3279718134283669 0.37046675818792674 0.3705881876813934 0.37328480183174856 0.3688065882919005 0.41806399378064685 0.3256023443440923 0.41605894958159007
2 0.3700748180174073 0.37106822968205583 0.4124562259703805 0.37261645376539626 0.41067462658088766 0.41806399378064685 0.3679157763637513 0.41672729764794225
2 0.41217782260644775 0.37166970117618503 0.45343347679802415 0.3739531498981008 0.45343347679802415 0.4194006715566795 0.4106746265808877 0.41806399378064685
2 0.2826609608706377 0.41437417725935455 0.3247115324159431 0.41672729764794236 0.32248449036216703 0.4648482115719301 0.2788348526836871 0.46351151543922553
2 0.32560234434409235 0.41739564571429455 0.3683611700944231 0.41806399378064685 0.3661341525074527 0.46618490770463455 0.32248449036216703 0.4641798635055778
2 0.3680699130369769 0.4179830062241295 0.41067462658088766 0.41806399378064685 0.4102292083834102 0.46551655963828237 0.365688758776781 0.46551655963828237
2 0.4097719366299311 0.4179830062241295 0.45254264040306913 0.4200690196230318 0.4516518529417256 0.46618490770463455 0.40978381465273844 0.4641798635055778
2 0.2801710583425081 0.4628431673728733 0.32337530229031625 0.4635115154392256 0.3202574727751967 0.5136374552055982 0.27616241689923926 0.5102957332305089
2 0.3224844903621671 0.4641798635055778 0.36657954623812455 0.46618490770463455 0.3656887587767809 0.5123007957862374 0.3207028909726742 0.5123007957862374
2 0.36606500805654635 0.4642963112720739 0.41067462658088766 0.46551655963828237 0.4075567725989625 0.5129691254959178 0.3647979468486317 0.510964099653533
2 0.4097719366299311 0.4642963112720739 0.4538788705286959 0.4661849077046346 0.45298803413374095 0.5129691254959179 0.4084475845271117 0.5123007957862374
2 0.2810570368862933 0.5497052634384131 0.32382072048779376 0.5517332032043176 0.3229299085596445 0.5998541171283055 0.2779440407555377 0.5985174209956009
2 0.3239620034675059 0.5515096779208005 0.3696974002200498 0.5524015329139981 0.3674703581662738 0.6005224468379858 0.32248449036216703 0.5985174209956009
2 0.3696738370213212 0.5521111494149297 0.4146832680241565 0.5510648367812936 0.4129016441678581 0.5991857507052812 0.36791577636375133 0.5991857507052815
2 0.41418272758687824 0.5503067349325422 0.4587782994333084 0.5530698993370223 0.45788751197196487 0.5998541171283055 0.4129016441678581 0.5985174209956009
2 0.27438079304294066 0.5971807248628963 0.31981207904452486 0.5985174209956009 0.3193666608470474 0.6178994598498009 0.27304458738411963 0.6165627637170964
2 0.31995219350664494 0.5984244544628742 0.3661341525074527 0.5998541171283055 0.36524334057930347 0.6178994598498009 0.3193666608470474 0.6165627637170965
2 0.36646598905263245 0.5990259259570033 0.41156541404223135 0.5985174209956009 0.4102292083834102 0.6178994598498009 0.3647979468486317 0.6172310934267768
2 0.4105738986221034 0.5984244544628742 0.456551281846338 0.5985174209956009 0.4561058881156663 0.6178994598498009 0.41022920838341026 0.6178994598498009
2 0.267423683019366 0.698268722488313 0.3149126256731068 0.6994376669513704 0.3140218137449576 0.7288449084441825 0.2654726982282537 0.7288449084441823
2 0.31514042155361177 0.698268722488313 0.36168011733351213 0.7007743630840749 0.3607893054053628 0.730181604576887 0.31357639554748 0.7288449084441825
2 0.3616542170995993 0.7012760799589586 0.40800219079643996 0.7027793889264599 0.40711137886829063 0.7295132381538627 0.35945307527973613 0.7288449084441825
2 0.4077670316495007 0.7006746084648295 0.4516518529417256 0.7021110592167795 0.4516518529417256 0.7281765420211581 0.40711137886829063 0.7268398458884537