0 0.10501058478104441 0.6660279945323342 0.23385931824124284 0.6592307795152734 0.24603898514986175 0.8252383510510124 0.12018224124688118 0.8328533603825025
0 0.23487426725272123 0.6561847590504383 0.36174601592135586 0.6424777087892785 0.3688508262642315 0.8084852803250175 0.2440090313727293 0.8206693621843576
0 0.36276102068700977 0.6455237292541134 0.4825279032585931 0.6318166789929535 0.4845578570357256 0.7947782300638575 0.3678358772527531 0.8054392598601824
0 0.12145795320209704 0.8291310647077728 0.24705398991551578 0.8191463101213423 0.2582187078126562 0.9653548741274468 0.14048172326402975 0.979061924388607
0 0.2448132163599918 0.8209073804972464 0.3678358772527531 0.8084852803250174 0.37189578480701785 0.9531707922681067 0.2582187078126562 0.9607858852607922
0 0.3688508262642315 0.8008702709935276 0.48455785703572574 0.7902092411972027 0.4835429080242472 0.9379407736051271 0.37291073381849643 0.9501248554644671
0 0.571019356710869 0.9031442226025096 0.6723280517558059 0.8968196228216474 0.6672531951900625 1 0.5708305859158875 0.9973379635164215
0 0.6715310526173017 0.9004029945323342 0.7697654985331083 0.8922506339549923 0.7606307344131003 0.9973379635164215 0.6692830932130195 0.9988610155794366
0 0.7702152631436175 0.8921793103218079 0.8692329548417186 0.8907275818919771 0.8529933246246594 0.9942919430515866 0.7636756929558866 0.9958149951146018
1 0.5362971344886468 0.4165762401463693 0.5373364879786416 0.32569250071958444 0.6093996519272278 0.324169490487167 0.6063546933844415 0.41707282185045147
1 0.6057415789330912 0.4165762401463693 0.6104146009387063 0.31960045978991436 0.6845076629102492 0.3211234700223318 0.6774029083215491 0.42011884231528646
1 0.6760997660675941 0.4206880822516324 0.679432806344506 0.3211234700223318 0.7565708268588354 0.3180774913880946 0.7484510117503057 0.4125038329837966
1 0.5261717700815013 0.4201188423152865 0.6012798368186981 0.4185958320828689 0.596204980252955 0.5114991634461535 0.5261717700815013 0.5130222155091687
1 0.6030003508629157 0.4206880822516324 0.6753728987902411 0.4185958320828689 0.6713129912359764 0.5114991634461536 0.6033098463500062 0.5130222155091687
1 0.6770135087576526 0.4193174682165447 0.7454061647158704 0.4170728218504514 0.735256340076033 0.5084531429813185 0.6733430007672841 0.5084531429813185
1 0.527159707588062 0.5974972927779482 0.5282017238586336 0.5130222155091687 0.5982348782759118 0.5130222155091687 0.596204980252955 0.5952645170761285
1 0.5956904093424479 0.593385450672685 0.5972199292644333 0.5084531429813185 0.6723280517558059 0.5084531429813185 0.6642082366472761 0.5937414650131132
1 0.6669623391670093 0.593385450672685 0.6702980422244978 0.5038841541146635 0.7352563400760329 0.5038841541146637 0.7342413910645544 0.5876495077446385