0 0.10683807016116137 0.09037009979549207 0.12221219502401355 0.001292304233699493 0.2155897900012267 0 0.20645502588121858 0.08962662581503036
0 0.20552228068747716 0.09037009979549207 0.2166047390127051 0 0.3109973387555722 0 0.304907477424175 0.09267264627986538
0 0.3060339765939099 0.09174071383057979 0.3099823339899183 0.0012923042336994773 0.4815129542471147 0.004338303783235678 0.47846799570432835 0.0926726462798654
0 0.09221818712022571 0.18768369628672013 0.1039426667839974 0.0896266258150303 0.28257804162989403 0.08962662581503034 0.27344327750988595 0.1901450083404025
0 0.27445828227554 0.18709898787556742 0.2805480878527616 0.09114963604744784 0.37900059514989354 0.09267264627986536 0.37189578480701785 0.1931910288052376
0 0.3739256828299749 0.19319102880523756 0.37900059514989365 0.09267264627986536 0.47846799570432846 0.0941956565122829 0.47846799570432846 0.19014500834040252
0 0.08059825410115024 0.2891403806333572 0.09683785644112176 0.18709898787556742 0.19529030798407812 0.1870989878755674 0.18412559008693763 0.2906633908657747
0 0.18359245612607364 0.29322097698847455 0.19529030798407818 0.18862199810798497 0.2978026670812993 0.19014500834040254 0.2927278105155561 0.2891403806333572
0 0.2923278362430327 0.29322097698847455 0.2978026670812994 0.19014500834040254 0.4794830004699824 0.1931910288052376 0.47846799570432846 0.2906633908657746
0 0.06937461986876373 0.39875825769022893 0.08161323098971644 0.2891403806333572 0.2673534719326643 0.2891403806333572 0.26024866158978865 0.39879678272263674
0 0.2603468420909859 0.40012887172531664 0.2663384671670102 0.2891403806333571 0.3749406875956287 0.2891403806333571 0.37088078004136393 0.3942277520253841
0 0.37090970758806197 0.39464641558496577 0.37392568282997485 0.2906633908657747 0.4754230929157176 0.2906633908657747 0.47745304669284994 0.3972737724902191
0 0.055668479517886525 0.5042955383919833 0.06841858719253135 0.39879678272263663 0.17600583073258355 0.40031979295505427 0.1638261080697891 0.5084531429813185
0 0.16623134501496253 0.5084073804972464 0.17702077974406197 0.3957507622578017 0.28460799540702647 0.3987967827226367 0.27547323128701834 0.5084531429813185
0 0.27679421051203856 0.505666152427071 0.28359304639554805 0.39727377249021917 0.4754230929157176 0.39270474179296666 0.4754230929157176 0.5084531429813185
2 0.5175300931437805 0.3658647295060809 0.5171080950737745 0.3005854595203716 0.5764458171574794 0.30058545952037163 0.5771051086818447 0.36489097926106095
2 0.5768850759255119 0.364084080022629 0.5764458171574793 0.29959615470099676 0.6344648837587549 0.3005854595203716 0.6377614138142804 0.36093370563884425
2 0.6368336085350605 0.3596324563139991 0.6357834668074857 0.29563889466495946 0.6773198469142845 0.29563889466495946 0.6812757409278739 0.35994438723329014
2 0.5197453336049347 0.4321644134598747 0.5190860420805692 0.36291234244995263 0.5784237279474248 0.3639016608555068 0.5790830194717902 0.42721784860446255
2 0.5786657254089638 0.4308584356520767 0.5777644002062101 0.3629123424499526 0.6377614138142804 0.36192302404439847 0.6423765993522351 0.42820716701001676
2 0.6430358908766005 0.4252392117933543 0.6384207053386457 0.35796575042218187 0.6812757409278739 0.35994438723329014 0.6852315625077648 0.4272178486044626
2 0.5217232806117292 0.4875660811367559 0.5217232806117292 0.4331537318654289 0.5804016387373703 0.4321644134598748 0.5856761157996904 0.4895447179478642
2 0.5834141240315024 0.48872954386426476 0.5810609664785849 0.42820716701001676 0.6423765993522351 0.4252392117933542 0.646332420932126 0.4865767627312018
2 0.6463304057801376 0.48694889438081285 0.6436951824009659 0.4242498933878001 0.685231562507765 0.42326057498224595 0.6918246226188157 0.4855874443256476
2 0.5216849419385018 0.6035814355469149 0.5197453336049347 0.5310959551193458 0.5658968630328389 0.5291173183082375 0.5665561907740536 0.6062839093902344
2 0.5650140793691656 0.6062524097720928 0.5632596607185282 0.5291173183082375 0.6285311151720694 0.5291173183082375 0.6324869367519601 0.6062839093902344
2 0.6303045604290701 0.6062524097720928 0.6278718236477039 0.5301066367137917 0.6924839141431811 0.5320852735249 0.6957805166324051 0.6043053269238431
2 0.5216849419385018 0.7326785230971806 0.5217232806117292 0.6933437117001314 0.5678748100396337 0.6943330029333269 0.5685341015639991 0.7299483568438421
2 0.5697624779917041 0.7308978736137286 0.569852720829579 0.6943330029333269 0.6351241752831203 0.6953223485112396 0.6357834668074857 0.7309377024217549
2 0.6344648837587549 0.7299483568438421 0.6338055922343895 0.6953223485112396 0.7003956297366614 0.6963116397444352 0.7017142852190906 0.7299483568438421
2 0.5359301378061172 0.900059574541663 0.5863354073240558 0.9030785615410061 0.588972645855216 1 0.5368873478406259 1
2 0.5869754229984063 0.9009498992833889 0.6364428307655496 0.9020892703078107 0.6403986523454404 1 0.5876540265896357 1
2 0.6368336085350605 0.900059574541663 0.7195155909791472 0.9001106334967023 0.725449359565833 1 0.6397393608210751 0.9996049590896653