0 0.2603468420909859 0.9689336962867201 0.36682087248709905 0.942509762471782 0.3739256828299748 1 0.2663384671670102 1
0 0.636803944287252 0.5861264556816234 0.6489836669500464 0.3896587213281317 0.7951398928701756 0.391181731560549 0.7748403550988517 0.5876495077446385
0 0.7748403550988515 0.5830804352167882 0.796154841881654 0.3866127426938942 0.9423110678017832 0.3850897324614768 0.9098319188760159 0.5861264556816232
0 0.9108468678874941 0.5815574668149686 0.9433260168132619 0.3850897324614768 1 0.38204371199664183 1 0.5785114463501334
0 0.6236092726129794 0.7506110588155426 0.6337589857444655 0.5830804352167882 0.766720539990322 0.5846034872798034 0.7474360627388273 0.7506110588155426
0 0.7464579532020971 0.7482648366375974 0.766720539990322 0.5830804352167882 0.8976521962132213 0.5815574668149686 0.8712628528646753 0.7445190178858726
0 0.8773527699502484 0.7475650383507076 0.9027270527789647 0.5785114463501334 1 0.5724194054204634 0.9981346015333101 0.7429960494840528
0 0.5993453801026818 0.9511157138305798 0.6033098463500061 0.8191463101213423 0.6185344160472358 0.8191463101213423 0.625639170635936 0.8541755036363474 0.7210467193902815 0.8511294831715126 0.7129270157901029 0.947078834999632
0 0.7126494736699333 0.9538569419007552 0.7220617799101109 0.8511294831715126 0.8458885700359592 0.8465604106436623 0.8306638888303784 0.9516478238662868
0 0.8306638888303784 0.9470788349996322 0.8458885700359592 0.8450374422418425 0.9585505865104913 0.8419914217770076 0.93723621123604 0.942509762471782
0 0.5993453801026818 0.9949753629533868 0.6012798368186981 0.9516478238662868 0.7149569138130599 0.9455557829366168 0.7108970062587951 1
0 0.7108219882898164 0.99908720505865 0.7149569138130598 0.9516478238662868 0.8276190417959433 0.951647823866287 0.8164542681446271 1
0 0.8186436257167169 1 0.8266040927844647 0.947078834999632 0.93723621123604 0.940986794069962 0.9230265905502887 1
2 0.2987240350734421 0.1424534331288254 0.3607310669098775 0.14293181662725263 0.3678358772527531 0.24345019915262475 0.304907477424175 0.24345019915262475
2 0.3608585379974187 0.1424534331288254 0.42873426755002314 0.13988579616241756 0.43177922609280966 0.24192718892020731 0.36682087248709905 0.2419271889202072
2 0.42847549706174615 0.13971220505864998 0.4916626673786012 0.13988579616241756 0.4936926211557337 0.24192718892020726 0.4297492723156771 0.24040417868778974
2 0.30420649121379295 0.2411376436551412 0.36986583102988546 0.24192718892020726 0.3759556366071071 0.3348305202834918 0.3140422415441831 0.3348305202834918
2 0.3681684795178865 0.23976702962005347 0.43177922609280955 0.24040417868778974 0.43583913364707433 0.33483052028349175 0.3749406875956287 0.33483052028349175
2 0.43213046782198006 0.23839641558496574 0.49572257493286626 0.23888116845537227 0.4977525287099984 0.3348305202834918 0.4358391336470743 0.33330751005107434
2 0.3261363157751965 0.38642273137443944 0.383060446949983 0.38356672222905924 0.3881353592699016 0.4581940144645292 0.33129682077272077 0.45819401446452906
2 0.38370210524888065 0.3823108892691763 0.4459888467785609 0.3820437119966417 0.44801880055569343 0.45514799399969397 0.3850904007271153 0.45514799399969397
2 0.44583660817285725 0.3795696611990008 0.5028273852757418 0.38052070176422415 0.5058722880643527 0.455147993999694 0.44801880055569343 0.45514799399969397
2 0.33070502922548883 0.4563240471639131 0.3891503082813801 0.4581940144645291 0.3942251648471234 0.5328213066999988 0.3373866263499425 0.5328213066999988
2 0.3891845613892315 0.4549534331288254 0.44700379579003935 0.455147993999694 0.4510637033443041 0.5358672435036383 0.3932102158356449 0.5343442751018187
2 0.4476640935529742 0.4535828190937377 0.5058722880643527 0.4536249419366788 0.5058722880643527 0.5312982546369835 0.4500487543328259 0.5328213066999988
2 0.5403813907672526 0.13379379706334524 0.5413963955329066 0.02413737405876684 0.5921450726986899 0.024137374058766828 0.5911301236872115 0.13379379706334524
2 0.5902079532020971 0.13011790681303592 0.594175082229998 0.021091374509230636 0.6459387084072601 0.019568364276813088 0.6428937498644738 0.13074777659851017
2 0.6459462572956642 0.13011790681303592 0.6479686064302169 0.01956836427681312 0.7362714005958624 0.01499935449485944 0.7301814835102896 0.1261787459012576 0.6489836669500464 0.1246557356688401