0 0.05109976606759412 0.4851069419007552 0.07146348998114216 0.33178454164925447 0.14961648738403777 0.33483052028349175 0.13236190815550006 0.4871310833886687
0 0.1324228654827988 0.4809950997954921 0.14961648738403777 0.33483052028349175 0.23182936446411043 0.3348305202834917 0.21863469278983752 0.48103904245899853
0 0.2174009356582374 0.4809950997954921 0.23182936446411045 0.33483052028349175 0.3130272925327046 0.3363535305159092 0.30389252841269654 0.48256209452201376
0 0.30389252841269654 0.48103904245899853 0.3140422415441831 0.33483052028349175 0.39219521106999083 0.3363535305159094 0.3881353592699016 0.48408506292383374
0 0.3891845613892315 0.4809950997954921 0.3911802620585125 0.3333075100510743 0.4723781901271067 0.33330751005107423 0.47339313913858516 0.4840850629238337
0 0.01820502922548886 0.6495806261112815 0.047104128286816566 0.48103904245899853 0.1252570978126244 0.48560811498684886 0.10191271300686497 0.657707727452258
0 0.10394266678399743 0.6592307795152734 0.12830205635541078 0.479516074057179 0.21761974377835905 0.4840850629238337 0.20138016931547537 0.6592307795152733
0 0.20003982454712627 0.6605455383919833 0.21761974377835908 0.47951607405717883 0.304907477424175 0.4825620945220139 0.29272781051555613 0.6637997683819281
0 0.2923278362430327 0.6591749243568956 0.304907477424175 0.48103904245899853 0.38915030828138014 0.4840850629238337 0.38407545171563684 0.657707727452258
0 0.38407545171563684 0.6592307795152733 0.3911802620585124 0.47951607405717883 0.4754230929157176 0.48103904245899853 0.4744081439042391 0.657707727452258
0 0.018684859038226153 0.6500927181207682 0.10292771777251901 0.654661706987423 0.07958330508967179 0.8465604106436625 0 0.8435143901788275 0 0.752134110878558 0.016654905261093745 0.6546617069874232
0 0.10135561402081049 0.6591749243568956 0.19732026176121056 0.6622767163189129 0.17702077974406197 0.8541755036363474 0.07958330508967179 0.8496064311084974
0 0.1991260818570678 0.661916152427071 0.2906978567384237 0.6653227367837479 0.27851818982980475 0.8511294831715126 0.1790507335211944 0.8511294831715126
0 0.2923278362430327 0.661916152427071 0.3840754517156368 0.6592307795152734 0.37697064137276115 0.8465604106436622 0.2764882360526724 0.8450374422418424
0 0.38370210524888065 0.6564336962867201 0.4754230929157176 0.654661706987423 0.47237819012710663 0.8465604106436624 0.3779855903842397 0.8480834627066774
1 0.5664506432605766 0.38779334540952715 0.5667707898699739 0.30741641976117196 0.6195493650587143 0.30741641976117196 0.6225943236015007 0.38965872132813156
1 0.6267576608044362 0.3905345734797026 0.623609272612979 0.3058934095287544 0.7017622421387869 0.30437044112693457 0.7088671082358381 0.38813575292631175
1 0.7098820572473165 0.4003197929550544 0.7017622421387869 0.31503147092325945 0.7789002626531164 0.3119854504584245 0.7890499757846028 0.3957507622578016
1 0.5596659237729227 0.391181731560549 0.6185344160472359 0.39118173156054903 0.6205643140701926 0.4795160740571789 0.5616958217958795 0.4795160740571788
1 0.6212752046640854 0.48647755593584296 0.6195493650587143 0.3927047417929665 0.7007472931273084 0.3942277520253841 0.7068370987045302 0.48560811498684886
1 0.708080760219641 0.4851069419007552 0.7027771911502655 0.3987967827226367 0.7839751192188597 0.39727377249021917 0.7920949343273892 0.48103904245899853
1 0.5618819298102842 0.564602555935843 0.562710882315709 0.4810390424589985 0.6215793745900223 0.4825620945220139 0.6236092726129792 0.5663273644907934
1 0.6236092726129794 0.5632813440259583 0.6205643140701929 0.4825620945220139 0.7058221496930518 0.48103904245899853 0.7129270157901028 0.5693733849556282
1 0.7062532748395239 0.4837363278656675 0.7890499757846028 0.47951607405717883 0.8002147494359189 0.5678504165538086 0.7119119552702734 0.5663273644907934
1 0.5718456464357171 0.6211555655354332 0.6337589857444657 0.621155565535433 0.6388338423102088 0.7231969582932227 0.5748904934701523 0.7231969582932227
1 0.6349813450149625 0.6235389594446149 0.7220617799101109 0.6226786175984484 0.7311965440301189 0.7277660308210729 0.6388338423102088 0.727766030821073
1 0.7208731578804596 0.6262801875147903 0.809349513555927 0.6272476064651031 0.818484277675935 0.7308119676247126 0.7311965440301191 0.7292889992228928
1 0.5627956725003427 0.7249643980411061 0.6317290877215089 0.7262429787580578 0.6347739347559441 0.8374224329103526 0.5677857388814523 0.8358993808473375
1 0.6368088303950795 0.8387253629533868 0.6337589857444655 0.723196958293223 0.7220617799101109 0.7262429787580579 0.731196544030119 0.8404684533751877 0.6388338423102088 0.8389454013121723
1 0.7230767289215895 0.727766030821073 0.8154393191331487 0.7308119676247127 0.8245740832531567 0.8389454013121724 0.7301814835102896 0.8419914217770075
1 0.5655369005705181 0.8387253629533868 0.6337589857444655 0.8389454013121724 0.6378188932987304 0.948601803401452 0.5688006878929308 0.947078834999632
1 0.6322401169447871 0.8373547489182991 0.731196544030119 0.8404684533751877 0.7393162476302976 0.9516478238662868 0.6378188932987303 0.9501248554644671
1 0.7318380701611613 0.8400959769884745 0.8235591342416783 0.8419914217770077 0.8357388569044728 0.9501248554644671 0.7372863496073407 0.9501248554644671
1 0.8917430409213953 0.38642273137443944 0.8783677189617265 0.30741641976117184 0.924041539561767 0.3058934095287544 0.9372362112360402 0.391181731560549
1 0.9383439181143778 0.3891639594446149 0.9220115300304592 0.30437044112693457 0.9666704016190212 0.3074164197611719 0.9818950828246021 0.3866127426938942
1 0.8926567836114537 0.3891639594446149 0.9392661092589968 0.3896587213281316 0.9514458319217914 0.4719010647256889 0.9037420017904431 0.4719010647256889
1 0.9392576608044362 0.3891639594446149 0.9829100318360805 0.3896587213281316 0.9981346015333101 0.4703780126626737 0.9514458319217912 0.4719010647256889
1 0.9036216958921556 0.47277141558496577 0.9514458319217914 0.47190106472568905 0.9656554526075427 0.5602354072223187 0.9189666829960237 0.5617583756241384
1 0.9520500584652549 0.47277141558496577 0.9991495505447883 0.47190106472568893 1 0.5404363160314887 0.979865073293294 0.5602354072223187 0.9656554526075425 0.5602354072223187
1 0.9666699415061906 0.3041858892691763 1 0.3058934095287544 0.9981346015333102 0.3866127426938942 0.9829100318360806 0.3850897324614768