0 0.07401315789473686 0.7099780701754386 0.046600877192982476 0.884046052631579 0 0.8799342105263158 0 0.7031250000000001 0.07218567251461991 0.7113486842105263
0 0.06944444444444445 0.7113486842105264 0.09228801169590647 0.5646929824561405 0 0.5564692982456142 0 0.7086074561403509
0 0.09228801169590645 0.5619517543859649 0.11330409356725146 0.41392543859649134 0.01918859649122809 0.4029605263157895 0 0.5139802631578947 2.077610338479825e-17 0.5592105263157895
0 0.09137426900584797 0.5633223684210527 0.11421783625730994 0.41255482456140347 0.24853801169590642 0.4194078947368421 0.23483187134502928 0.5674342105263158
0 0.23391812865497075 0.5688048245614035 0.24945175438596495 0.42077850877192974 0.37737573099415206 0.4276315789473684 0.3718932748538012 0.571546052631579
0 0.06944444444444446 0.7127192982456141 0.09320175438596492 0.5605811403508774 0.23117690058479531 0.5660635964912281 0.2183845029239766 0.7140899122807018
0 0.2183845029239766 0.7168311403508774 0.23300438596491233 0.5660635964912281 0.3709795321637427 0.5701754385964913 0.3654970760233919 0.7223135964912282
0 0.047514619883040954 0.8799342105263158 0.07309941520467836 0.7072368421052632 0.22021198830409358 0.7154605263157895 0.20193713450292397 0.8813048245614035
0 0.20193713450292403 0.8826754385964913 0.2202119883040936 0.7113486842105263 0.3654970760233918 0.7195723684210527 0.358187134502924 0.8867872807017545 0.3508771929824561 0.8840460526315791
0 0.0365497076023392 0.3207236842105263 0.05847953216374271 0.20833333333333334 0.15350877192982457 0.21792763157894743 0.13432017543859648 0.33031798245614036
0 0.05756578947368423 0.20970394736842105 0.0804093567251462 0.09457236842105267 0.17086988304093567 0.10553728070175442 0.15168128654970764 0.2179276315789474
0 0.08497807017543861 0.09731359649122812 0.1032529239766082 0 0.12792397660818713 0 0.1836622807017544 0.009594298245614027 0.1699561403508772 0.1069078947368421
0 0.1672149122807018 0.12472587719298248 0.1845760233918129 0.01233552631578949 0.2960526315789474 0.03700657894736844 0.2850877192982456 0.13569078947368424
0 0.14894005847953218 0.2275219298245614 0.16812865497076024 0.12335526315789477 0.28326023391812866 0.1329495614035088 0.2722953216374269 0.23848684210526316
0 0.13249269005847955 0.33031798245614036 0.15076754385964913 0.22341008771929824 0.2741228070175439 0.23574561403508773 0.26407163742690065 0.33991228070175444
0 0.28326023391812866 0.1343201754385965 0.2978801169590643 0.03152412280701757 0.40387426900584805 0.03974780701754386 0.39747807017543857 0.13843201754385964
0 0.2722953216374269 0.2412280701754386 0.2841739766081872 0.13157894736842105 0.3956505847953216 0.13843201754385964 0.39016812865497075 0.24808114035087725
0 0.2640716374269006 0.3385416666666667 0.2732090643274854 0.23574561403508773 0.39016812865497075 0.2480811403508772 0.38742690058479534 0.34128289473684215
0 0.9493786549707602 0.15076754385964913 0.9292763157894737 0.04934210526315792 0.9996345029239766 0.046600877192982455 0.9987207602339183 0.1507675438596492
0 0.9676535087719298 0.2617872807017544 0.9475511695906432 0.14802631578947367 1 0.15076754385964913 0.9996345029239768 0.2645285087719299
0 0.9859283625730996 0.3686951754385965 0.9667397660818715 0.2563048245614036 1 0.25493421052631576 1 0.3508771929824561
1 0.5042133760643237 0.42748525361975265 0.5048223294170582 0.34893027111697755 0.5553654576940376 0.35075713117518165 0.5565833643995071 0.43205240376526277
1 0.5565833643995071 0.4320524037652628 0.5559744110467724 0.3516705612042836 0.6278309066694657 0.35167056120428364 0.6327025334913432 0.4265718235906506 0.5748519649815477 0.4311389737361608
1 0.6320935801386087 0.42748525361975265 0.6284398600222004 0.35349742126248773 0.7009053089976286 0.3525839912333857 0.7063858891722408 0.42565839356154855
1 0.5011686093006502 0.5096939562389359 0.5011686093006501 0.4265718235906506 0.5754609183342824 0.4311389737361607 0.5778967317452212 0.5142611063844459
1 0.5791146384506907 0.514261106384446 0.5766788250397518 0.4283986836488547 0.6521890407788534 0.4238315335033445 0.6582785743062003 0.5069536661516297
1 0.6594964810116697 0.5078670961807318 0.6552338075425268 0.4238315335033445 0.7069948425249756 0.4238315335033445 0.7136933294050571 0.5078670961807318
1 0.4981238425369768 0.591902658858119 0.49812384253697667 0.5096939562389358 0.5529296442830989 0.5124342463262419 0.5547565043413029 0.589162368770813
1 0.5565833643995071 0.589162368770813 0.5553654576940376 0.51152081629714 0.5791146384506904 0.513347676355344 0.6320935801386086 0.5106073862680379 0.6363562536077514 0.5900757987999149
1 0.6381831136659555 0.590989228829017 0.6339204401968126 0.5087805262098338 0.7112575159941184 0.5060402361225277 0.7185649562269346 0.5900757987999149
1 0.49812384253697667 0.643968170516935 0.5553654576940376 0.644881600546037 0.558410224457711 0.7435320436890569 0.503604422711589 0.742618613659955 0.5005596559479155 0.7499260538927712
1 0.5596281311631806 0.743532043689057 0.5578012711049763 0.644881600546037 0.6400099737241596 0.6457950305751391 0.6460995072515064 0.7453589037472609
1 0.6460995072515066 0.743532043689057 0.641227880429629 0.6485353206624452 0.7216097229906081 0.6503621807206493 0.7283082098706897 0.744445473718159
1 0.503604422711589 0.8540570772104032 0.503604422711589 0.7426186136599549 0.5876399853889762 0.7426186136599549 0.591902658858119 0.847663067006689
1 0.5925116122108538 0.8485764970357911 0.5888578920944456 0.7417051836308529 0.6747203148300369 0.7426186136599549 0.6808098483573839 0.8504033570939951
1 0.6826367084155878 0.8531436471813012 0.676547174888241 0.7435320436890569 0.7356156501035058 0.7435320436890569 0.7447499503945264 0.8504033570939951
1 0.5017775626533849 0.9609283906153415 0.4999507025951808 0.8504033570939951 0.5620639445741193 0.8504033570939951 0.5657176646905273 0.9554478104407291
1 0.5657176646905274 0.9554478104407291 0.5638908046323232 0.848576497035791 0.652797994131588 0.847663067006689 0.658887527658935 0.9545343804116271
1 0.6594964810116697 0.9581881005280355 0.6515800874261187 0.8494899270648931 0.7417051836308528 0.8485764970357911 0.7502305305691386 0.951794090324321