0 0.01766988214965994 0.47190106472568905 0.16179615429265667 0.4719010647256889 0.18006568253267283 0.6165865766687781 0.042029271721073326 0.6242015860002681
0 0.17803572875554047 0.6196325971336134 0.16179615429265667 0.46733199219783883 0.30592248218982904 0.46276300333118386 0.31505724630983706 0.6104945357391082
0 0.3150572463098371 0.6104945357391082 0.30490747742417496 0.45514799399969397 0.4033599289671315 0.4521019735348589 0.411479744075661 0.6028795264076183
0 0.06131377684965567 0.7627951406748829 0.03898434105537468 0.6226786175984482 0.18006568253267283 0.6181095450705981 0.19224540519546726 0.7567030997452127
0 0.19224540519546734 0.7536570792803777 0.17905073352119444 0.6135405562039434 0.31708714433279395 0.6089715673372884 0.3241920104298452 0.7475650383507075
0 0.3243088303950795 0.7523766787428605 0.3150572463098371 0.6089715673372884 0.411479744075661 0.6028795264076181 0.41553965162992584 0.7445190178858727
0 0.06023719296817892 0.7606003629533868 0.19224540519546734 0.7506110588155427 0.20645502588121864 0.8846355409623071 0.0775533513125394 0.8876815614271419
0 0.19272988302665844 0.7551179068130359 0.32317700566419116 0.7506110588155427 0.33231176978419924 0.8800665520956523 0.2044250721040862 0.8846355409623071
0 0.3243088303950795 0.7523766787428605 0.41249469308713954 0.7460420699488879 0.41858455441853665 0.8739745111659822 0.3333267745498532 0.8800665520956522
1 0.5006611695763661 0.29459159102356225 0.5018124362642633 0.19928302790430988 0.5535760624415255 0.20080603813672743 0.5525611134300469 0.293709369500012
1 0.5509170175295824 0.29322097698847455 0.552561113430047 0.19776001767189239 0.605339744372963 0.20080603813672748 0.6022947858301765 0.2967553899648471
1 0.6012798368186981 0.293709369500012 0.6043247953614846 0.1947139972070573 0.659133380081533 0.19928302790430988 0.6550734725272681 0.293709369500012
1 0.6550836841962491 0.29322097698847455 0.659133380081533 0.19776001767189239 0.7474360627388273 0.20080603813672748 0.7413462571616056 0.29523237973242955
1 0.4886177645899905 0.3835667222290592 0.48760275982433654 0.29370936950001203 0.5698156369044091 0.29370936950001203 0.5698156369044091 0.38356672222905924
1 0.5698156369044091 0.3835667222290592 0.5728605954471955 0.2952323797324295 0.6215793745900222 0.29675538996484707 0.6215793745900222 0.38356672222905924
1 0.6331538596348456 0.3823108892691763 0.636803944287252 0.29523237973242944 0.6875526214530356 0.2967553899648471 0.6845076629102492 0.38661274269389423
1 0.6843234502781205 0.3823108892691763 0.6895825194759924 0.2921863592675945 0.7372863496073407 0.2952323797324295 0.7322114930415976 0.3850897324614768
1 0.49470757016721223 0.46276300333118403 0.4967375239443445 0.3850897324614768 0.5424113445443849 0.3866127426938942 0.5403813907672526 0.4642860553941991
1 0.5474862568643037 0.465809023796019 0.5485012058757822 0.38356672222905924 0.6002648878072198 0.3866127426938942 0.5972199292644333 0.4658090237960189
1 0.5993453801026818 0.46454773137443944 0.6002648878072198 0.3820437119966417 0.6469536574187384 0.3850897324614767 0.6469536574187384 0.4673319921978387
1 0.6459462572956642 0.46454773137443944 0.6479686064302169 0.38356672222905924 0.731196544030119 0.3820437119966417 0.7271366364758542 0.4642860553941991
1 0.49572257493286626 0.5373902955666536 0.4967375239443445 0.46276300333118386 0.5748904934701524 0.4658090237960189 0.5728605954471955 0.5419592844333085
1 0.5728605954471955 0.5389132639684735 0.5738755444586738 0.46580902379601896 0.6225943236015008 0.46580902379601896 0.6215793745900223 0.5389132639684734
1 0.6221889473541439 0.5385608892691763 0.6215793745900223 0.4673319921978388 0.6702980422244978 0.4658090237960189 0.6672531951900625 0.5404363160314887
1 0.6660485964769508 0.5371902752340886 0.6672531951900625 0.4658090237960189 0.7149569138130599 0.4673319921978387 0.7129270157901028 0.5419592844333085
1 0.5006611695763661 0.667398608567422 0.49978248248713086 0.6074485152742732 0.5444412983215173 0.6059255468724535 0.5454563030871713 0.6622767163189129
1 0.5454345613892315 0.6632867664621588 0.5444412983215173 0.6028795264076183 0.5901151746757332 0.6044024948094383 0.5891001141559037 0.6668457888467634
1 0.5901151746757333 0.6698918093115984 0.5901151746757333 0.6074485152742731 0.6378188932987303 0.6074485152742731 0.6357889952757736 0.6698918093115983
1 0.636803944287252 0.6683687572485832 0.6388338423102089 0.6059255468724535 0.710897006258795 0.6059255468724535 0.7098820572473165 0.6683687572485832
1 0.4896962572956643 0.7372999243568956 0.4865878108128582 0.671414777713418 0.560680872784401 0.663799768381928 0.5616958217958795 0.7338579880895476
1 0.5637094151904012 0.7345586962867201 0.5647407803386659 0.6637997683819281 0.6093996519272278 0.6714147777134181 0.60736964239592 0.738427060617398
1 0.6194477192839684 0.7331880822516325 0.6205643140701927 0.6668457888467632 0.6672531951900624 0.6683687572485829 0.664208236647276 0.7353810401525629
1 0.6642082366472761 0.7353810401525629 0.6692830932130195 0.6698918093115984 0.7129270157901029 0.6698918093115983 0.7078520477160085 0.741473081082233
1 0.4936926211557338 0.7993472189305124 0.4936926211557337 0.7369040085543827 0.5373364879786416 0.7353810401525629 0.5373364879786416 0.8054392598601823
1 0.5383514927442956 0.8023932393953477 0.5363215389671632 0.735381040152563 0.5819953595672036 0.735381040152563 0.5819953595672036 0.7993472189305125
1 0.5819842689915707 0.8003481699709307 0.5819953595672036 0.7369040085543827 0.623609272612979 0.7384270606173982 0.6246242216244574 0.7993472189305124
1 0.6327440367329873 0.7993472189305125 0.6337589857444655 0.7338579880895477 0.7058221496930518 0.7399500290192177 0.7007472931273084 0.8023932393953475
1 0.4977525287099985 0.8617905129678374 0.4967375239443445 0.7993472189305125 0.5667707898699736 0.8023932393953475 0.5667707898699738 0.8617905129678374
1 0.5664506432605766 0.8592845734797026 0.5667707898699739 0.7993472189305125 0.6114295499501847 0.7993472189305125 0.6104146009387063 0.8602674609048223
1 0.6103102923833836 0.8579139594446149 0.6114295499501847 0.7993472189305125 0.6550734725272681 0.8008702709935276 0.6550734725272681 0.857221440439987
1 0.6550836841962491 0.8551727313744394 0.6550734725272681 0.7993472189305125 0.6977023345845221 0.7993472189305125 0.6956724365615652 0.8587444925030023 0.6560884215387465 0.8587444925030026