0 0.07028836255882219 0.4467297489182991 0.0481191051753828 0.2647722587452746 0 0.26477225874527466 0 0.4490559530700239
0 0.05932345027812044 0.26717931032180786 0.21761974377835905 0.2602032698786197 0.23182936446411043 0.4338258925764465 0.0775533513125394 0.4368719130412815
0 0.21831467834829588 0.25484378400601837 0.3759556366071071 0.2510652084841147 0.38712035450424764 0.4277338934773741 0.23182936446411043 0.432302882344029
0 0.08856321635999179 0.6112034331288254 0.06435867963826651 0.4460099326051888 0 0.45057900513303906 0.00041533079821000265 0.6181095450705981
0 0.07485707600911459 0.43576483663759735 0.22878446167549962 0.43230288234402897 0.24197913334977247 0.5998335059427833 0.09582285167546782 0.6013565580057985
0 0.23019333331905611 0.4316529945323342 0.38306044694998287 0.4262108832449565 0.3891503082813801 0.5922184966112933 0.24197913334977245 0.5952645170761285
0 0.09313192981028419 0.6139446611990008 0.1130774309040055 0.7704101500063729 0.0054902152410410375 0.7765021909360428 0 0.7369040085543828 0 0.6196325971336134
0 0.09587315788045961 0.6070915910235622 0.24299408236125092 0.5998335059427832 0.2572037030470022 0.7551801313433929 0.11510738468113794 0.762795140674883
0 0.24502403613838325 0.5967874854779485 0.3881353592699016 0.5922184966112934 0.39524016961277736 0.7429960494840527 0.2592336568241347 0.7475650383507076
0 0.02460122805589822 0.8620258015498781 0.124242148801146 0.8617905129678375 0.13845176948689727 0.9699238629941018 0.04405919762111794 0.971446915057117
0 0.12511292396233095 0.8606551875147903 0.2622785596127455 0.8526524515733322 0.27141332373275356 0.9592628331977768 0.1374368204754189 0.9653548741274468
0 0.2640018128512198 0.852431503304264 0.3911802620585124 0.8404684533751877 0.3982850724013882 0.951647823866287 0.2714133237327536 0.9592628331977767
0 0.04287608185706781 0.9703043103218079 0.13743682047541889 0.9668778425292666 0.14251167704116213 1 0.04608915139825037 1
0 0.13790532162314967 0.9620806261112815 0.27039837472127515 0.9577398647959571 0.2754732312870183 1 0.14352662605264055 0.9988610155794369
0 0.2713117543716877 0.9524863278656676 0.3972701233899098 0.947078834999632 0.40031502617852055 1 0.2744582822755399 0.9988610155794366
1 0.5271867748471551 0.27695634060461477 0.5292167286242876 0.15816187712083005 0.5931600217101685 0.15816187712082994 0.5911301236872115 0.2784793090064345
1 0.5911216958921556 0.2754029945323342 0.5931600217101685 0.155115856655995 0.6865376724415572 0.1566388668884125 0.6834927138987709 0.27847930900643453
1 0.683409707588062 0.2767736085674219 0.6875526214530356 0.15206983619116 0.7839751192188597 0.15206983619115994 0.7768703646301593 0.27238730990736226
1 0.5225909941377695 0.38505211733935174 0.5231268672928905 0.2769563406046147 0.6124446104700142 0.2754333303721972 0.6124446104700141 0.3850897324614768
1 0.6124446104700141 0.3850897324614767 0.6154894575044495 0.2769563406046147 0.7078520477160085 0.2769563406046147 0.7037922516700947 0.3866127426938942
1 0.7035120467693485 0.38642273137443944 0.7098820572473165 0.2739103201397797 0.773825406087373 0.2723873099073622 0.7677356005101511 0.3835667222290592
1 0.5207635087576526 0.4823657138305798 0.5221118625272365 0.3835667222290592 0.5819953595672035 0.3835667222290592 0.5789504010244172 0.4825620945220139
1 0.5819842689915707 0.4837363278656675 0.583010308578682 0.3820437119966417 0.6733430007672843 0.3835667222290592 0.670298042224498 0.48560811498684886
1 0.6697035672371847 0.48647755593584296 0.6733430007672843 0.3835667222290592 0.7646906419673649 0.3866127426938942 0.7586008363901434 0.4840850629238337
1 0.5207635087576526 0.6290214155849657 0.5221118625272365 0.5450053048981435 0.5799653500358957 0.5465283569611586 0.5779354520129388 0.6318166789929535
1 0.5783292982313368 0.6317626436551412 0.5799653500358956 0.5465283569611586 0.6642082366472762 0.5495742937647983 0.6621782271159683 0.6287706585281184
1 0.6633073684067754 0.6249095734797026 0.6662381346702331 0.5465283569611586 0.7494660722701353 0.5495742937647983 0.7443911041960408 0.6257246380632833
1 0.523504736827828 0.7235937840060184 0.5241418163043688 0.6333396473947733 0.6073696423959198 0.6302936269299384 0.6043247953614845 0.7186279694265678
1 0.6057415789330912 0.7181113278656676 0.6073696423959198 0.6287706585281183 0.6926274780187789 0.6318166789929536 0.688567570464514 0.7201509378283877
1 0.6870646783482959 0.7194819419007552 0.6895825194759924 0.6302936269299382 0.7525109193045705 0.6333396473947732 0.7464211137273488 0.7186279694265678
1 0.5241418163043687 0.8008702709935277 0.5231268672928905 0.7216739898914031 0.5789504010244172 0.7186279694265679 0.5779354520129388 0.7993472189305125
1 0.5783292982313368 0.7976069419007552 0.5789504010244171 0.7186279694265678 0.6611632781044899 0.7186279694265678 0.6581184310700545 0.7963012821268728
1 0.658738654956483 0.7921244857604044 0.6621782271159683 0.7186279694265678 0.740331308150127 0.7186279694265679 0.7372863496073407 0.7963012821268728