0 0.525332222207945 0.39875825769022893 0.5261717700815012 0.21755910886272253 0.6520285139844817 0.2129900781654699 0.6489836669500464 0.3957507622578017
0 0.6541699415061906 0.4042407138305798 0.659133380081533 0.2114670679330524 0.7484510117503057 0.2084210474682172 0.7433761551845626 0.4033657715892915
0 0.7418892397518047 0.4056113278656675 0.7504810212816136 0.2084210474682172 0.8458885700359592 0.2068980790663975 0.8326938983616863 0.4003197929550543
0 0.8448736210244808 0.2114670679330524 0.9392661092589968 0.20994405770063485 0.9230265905502887 0.40031979295505427 0.8326938983616865 0.40336577158929154
0 0.5372108771787052 0.5741968541814569 0.5373364879786416 0.4048887818217091 0.6225943236015007 0.40641179205412653 0.6195493650587143 0.5754654258852985
0 0.6203614619740269 0.5769380822516325 0.6236092726129792 0.40641179205412653 0.7119119552702735 0.40488878182170907 0.7068370987045302 0.5754654258852984
0 0.7062532748395239 0.5741968541814569 0.7129270157901028 0.4018428031874717 0.8012296984473972 0.40641179205412653 0.7910799853159108 0.5754654258852983
0 0.7930588303950795 0.5550082576902289 0.8012296984473972 0.3987967827226367 0.9138918264302808 0.4003197929550543 0.8986671452246998 0.5541433662926486
0 0.5372108771787052 0.7235937840060184 0.5383514927442956 0.5708964370186437 0.6571033705502249 0.5754654258852984 0.6510135649730034 0.727766030821073
0 0.6514287134360152 0.7277056261112815 0.6560884215387465 0.5769883942871182 0.740331308150127 0.5769883942871183 0.7332264420530761 0.7262429787580578
0 0.7354930409213953 0.7249643980411061 0.7423612061730841 0.5769883942871182 0.827619041795943 0.5739424574834787 0.8164542681446271 0.7262429787580577
0 0.8164542681446271 0.7231969582932227 0.827619041795943 0.5678504165538086 0.9118618168989728 0.5708964370186438 0.8966372472017428 0.7262429787580578
0 0.54634830407929 0.901773608567422 0.5454563030871713 0.8023932393953473 0.6510135649730033 0.8039162914583627 0.6479686064302169 0.9013886116883021
0 0.6532561988161322 0.9360389594446149 0.6560884215387466 0.8054392598601824 0.7342413910645544 0.8069623119231976 0.7261215759560247 0.940986794069962
0 0.727269356710869 0.9332977313744394 0.7342413910645544 0.8054392598601824 0.8123943605903623 0.8054392598601825 0.8012296984473972 0.934894753140292
0 0.8021962572956642 0.9332977313744394 0.8144243701216703 0.8054392598601825 0.8915623906359997 0.8039162914583629 0.8743078114074618 0.940986794069962
0 0.5515461086643929 0.9973379635164218 0.5505311596529147 0.9394637420069468 0.6236092726129792 0.9364178052033073 0.6236092726129792 0.9988610155794366
0 0.6240164327342608 0.9963459769884745 0.6276691801672439 0.9409867940699619 0.7007472931273084 0.947078834999632 0.6977023345845221 1
0 0.7016845613892315 1 0.7037922516700947 0.9486018034014521 0.7829601702073811 0.9546938443311219 0.7768703646301593 1
0 0.7775252046640854 1 0.7819452211959027 0.9546938443311221 0.7799152116645948 0.9455557829366168 0.7799152116645948 0.9394637420069469 0.8946072376704348 0.9546938443311219 0.8854724735504268 1
0 0.07577081869917307 0.8126836962867201 0.14251167704116213 0.8252383510510125 0.1577363024925674 0.9455557829366168 0.09582285167546778 0.9394637420069468
0 0.14338777776350053 0.8250192226025096 0.2155897900012267 0.8313303919806825 0.2277694569098456 0.9501248554644671 0.15773630249256743 0.9470788349996319
0 0.21557345027812044 0.8305016787428605 0.28765295394981283 0.8313303919806826 0.2988176160927778 0.9516478238662868 0.22878446167549954 0.9501248554644671
0 0.2877591227927403 0.8305016787428605 0.35971606214422347 0.8343764124455177 0.367835877252753 0.951647823866287 0.30084756986991024 0.9501248554644672
0 0.3597160621442235 0.8313303919806826 0.4317792260928097 0.8282843715158476 0.43685408265855286 0.950124855464467 0.36783587725275313 0.9516478238662868
0 0.08947695905005026 0.9387801875147903 0.15773630249256743 0.948601803401452 0.16484111283544312 1 0.09988275922973257 0.9988610155794366
0 0.15709391811437773 0.9470038717253166 0.22675450789836715 0.9501248554644671 0.23182936446411043 1 0.1638261080697891 0.9988610155794366
0 0.22745210524888065 0.9470038717253166 0.295772713304167 0.9501248554644671 0.30084756986991024 1 0.23182936446411043 0.9988610155794366
0 0.2967877180698209 0.948601803401452 0.3668208724870991 0.9501248554644671 0.36986583102988546 1 0.30084756986991024 0.9973379635164217
0 0.36634099413776955 0.9511157138305798 0.4348241288814204 0.951647823866287 0.4368540826585528 1 0.3688508262642315 0.9988610155794366
1 0.1982123391670093 0.18768369628672013 0.2490839436926481 0.1886219981079849 0.26024866158978865 0.3013244206620996 0.2094999286698295 0.302847430894517
1 0.24938192981028418 0.18905431032180786 0.30084756986991024 0.19014500834040243 0.3099823339899183 0.299801410429682 0.25720370304700224 0.3013244206620996
1 0.302379005833676 0.18768369628672013 0.3546412055784803 0.1886219981079849 0.35971606214422336 0.29827840019726454 0.3099823339899183 0.30132442066209963
1 0.3544623391670093 0.1904249243568956 0.4053898827442638 0.18862199810798497 0.411479744075661 0.30132442066209963 0.358701113132745 0.30132442066209963
1 0.4065456725003427 0.18768369628672013 0.45613855991004737 0.18709898787556742 0.4612134722299662 0.296755389964847 0.4094497902985286 0.29827840019726454
1 0.20917725144771107 0.3000740471639131 0.2582187078126562 0.30132442066209963 0.2663384671670103 0.40641179205412653 0.21964969755549155 0.40488878182170907
1 0.2576056140208105 0.3000740471639131 0.30795238021278587 0.30132442066209963 0.3150572463098371 0.40488878182170907 0.2673534719326643 0.4033657715892915
1 0.30877520466408537 0.3000740471639131 0.35870111313274505 0.30132442066209963 0.3637759696984883 0.40488878182170907 0.3140422415441831 0.4033657715892915
1 0.3654272514477111 0.4069819419007552 0.3597160621442234 0.2982784001972645 0.410464739310007 0.3013244206620996 0.4145246468642719 0.40488878182170907
1 0.4138556140208105 0.4056113278656675 0.4094497902985286 0.2982784001972645 0.4612134722299663 0.296755389964847 0.46324342600709856 0.4033657715892915
1 0.22573950313271318 0.5054072061776791 0.21863469278983752 0.40336577158929143 0.26633846716701026 0.40641179205412653 0.27344327750988595 0.5069301745794987
1 0.27222549706174615 0.5029249243568956 0.2653235181555319 0.4033657715892915 0.315057246309837 0.4048887818217091 0.3211470518870587 0.5038841541146637
1 0.32065385963484555 0.5029249243568956 0.3140422415441831 0.40184280318747173 0.36479091870996677 0.40488878182170907 0.3678358772527531 0.505407206177679
1 0.3688508262642315 0.5038841541146638 0.3647909187099667 0.40641179205412653 0.41553965162992584 0.4064117920541266 0.4195995034300152 0.5038841541146637
1 0.4175105847810444 0.5029249243568956 0.41452464686427193 0.4033657715892915 0.4601984674643122 0.4018428031874717 0.46324342600709845 0.5038841541146636
1 0.013636315775196466 0.17946001207619383 0.08161323098971643 0.1810069469458974 0.0927779488868569 0.28457134993610467 0.030864553823932824 0.286094360168522
1 0.030083684196249096 0.2849972927779482 0.0937929536525109 0.28609436016852213 0.10394266678399743 0.38965872132813156 0.042029271721073326 0.3896587213281316
1 0.041048596476950854 0.38642273137443944 0.10495761579547587 0.38813575292631175 0.11713733845827028 0.48408506292383374 0.05522391551825846 0.477993105655359
1 0.05201350875765261 0.4837363278656675 0.03695438727824231 0.3896587213281317 0 0.39270474179296666 0.0024452845753424 0.479516074057179
1 0.03647988302665845 0.3919051875147903 0.023759743481057177 0.2921863592675945 0 0.2921863592675945 0 0.3896587213281316
1 0.02460122805589822 0.2891091348832114 0.009550094918218085 0.17948393671347992 0.0024452845753424025 0.17643795807924254 0.0004153307982100052 0.28914038063335706
1 0.07485707600911459 0.6221683454095271 0.061313776849655666 0.5434823364963238 0 0.5450053048981436 0.00041533079821000265 0.6211555655354332
1 0.0830807602196409 0.7030345734797026 0.07044854096966374 0.6226786175984484 0 0.6226786175984482 0.005490215241041027 0.6973059098339182
1 0.018684859038226163 0.7734561704712077 0.005490215241041006 0.697305909833918 0.08059825410115025 0.7003519302987532 0.0937929536525109 0.7765021909360428
1 0.06389216372841285 0.5413021173393517 0.12221219502401356 0.5450053048981435 0.13236190815550009 0.6196325971336133 0.07653837442397321 0.621155565535433
1 0.07394333331905611 0.6207977313744394 0.13337691292115406 0.6211555655354332 0.13845176948689725 0.665322736783748 0.13337691292115406 0.7018748987005732 0.08567313854398129 0.7033978671023928
1 0.08216701752958243 0.7016639594446149 0.13236190815550009 0.7033978671023927 0.09480790266398935 0.7765021909360428