0 0.04470356723718477 0.7880126436551412 0.1130774309040055 0.7917322095990226 0.13337691292115406 0.915095661949462 0.06943356408109755 0.9105266730828072
0 0.1141480116816292 0.7921244857604044 0.18209563630980521 0.7947782300638577 0.20239511832695378 0.921187702879132 0.13134695914402167 0.9196647344773123
0 0.18267871343601516 0.7962363278656676 0.25212884648125905 0.7963012821268728 0.2683684209441427 0.9181416824142971 0.20138016931547537 0.9196647344773125
0 0.2531437954927374 0.7947782300638575 0.326221908452802 0.7963012821268729 0.3373866263499425 0.9196647344773125 0.2714133237327535 0.9211877028791321
0 0.3261363157751965 0.7962363278656676 0.3952401696127774 0.7947782300638575 0.40741983652139624 0.921187702879132 0.33738662634994254 0.9196647344773123
0 0.06480590641847132 0.9099972927779482 0.13337691292115406 0.9150956619494621 0.14961648738403777 1 0.08059825410115024 1
0 0.13333660817285728 0.9168503629533868 0.2003651645498214 0.9196647344773123 0.21355983622409427 1 0.14758653360690532 1
0 0.20095356723718477 0.9195915910235622 0.26836842094414276 0.9196647344773123 0.2825780416298941 1 0.21051493343548347 1
0 0.281362923962331 0.9223328190937377 0.3384016311155964 0.921187702879132 0.3465213904699506 1 0.2775031850641508 0.9988610155794366 0.2683684209441427 0.9196647344773122
0 0.3380149707459567 0.9195915910235622 0.40437493373278544 0.9196647344773123 0.41249469308713954 1 0.3444914924469936 1
1 0.20095356723718477 0.17397755593584294 0.2511138974697805 0.1749149478468251 0.2612636106012671 0.2876173704009396 0.21254488721261583 0.28761737040093954
1 0.25851935671086895 0.2863679068130359 0.25212884648125905 0.17491494784682504 0.30084756986991024 0.17491494784682496 0.3099823339899183 0.28609436016852213
1 0.3096889473541438 0.2836266787428605 0.3018625746355641 0.17491494784682496 0.35159630278986936 0.17796096831166008 0.3597160621442234 0.2845713499361046
1 0.3590310526173017 0.2836266787428605 0.3526112518013477 0.17491494784682507 0.40437493373278544 0.1749149478468251 0.4084348412870501 0.2830483397036871
1 0.40837315788045964 0.2836266787428605 0.40335992896713146 0.1733919376144075 0.4541086618870905 0.16882290691715493 0.45715356467570134 0.27847930900643453
1 0.2219696491085298 0.38779334540952715 0.21355983622409436 0.2876173704009396 0.2612636106012671 0.2876173704009396 0.26938342570979673 0.3850897324614768
1 0.2676567836114538 0.38642273137443944 0.26024866158978865 0.28457134993610467 0.3099823339899183 0.286094360168522 0.31607219532131553 0.3850897324614767
1 0.3160851461845532 0.38642273137443944 0.30896738497843984 0.28457134993610467 0.3597160621442234 0.2845713499361046 0.36580592347562063 0.3850897324614767
1 0.3654272514477111 0.38505211733935174 0.3597160621442234 0.2815253294712695 0.4084348412870502 0.2815253294712695 0.4135096978527935 0.38052070176422415
1 0.4135096978527935 0.3820437119966417 0.4094497902985286 0.28000231923885205 0.45816851368717987 0.27847930900643453 0.4601984674643122 0.3805207017642242
1 0.23019333331905611 0.4837363278656675 0.22370960510975638 0.3896587213281316 0.26938342570979673 0.3881357529263117 0.2775031850641508 0.48560811498684886
1 0.27588046782198006 0.4851069419007552 0.26938342570979673 0.3866127426938942 0.31708714433279395 0.38661274269389423 0.32520695944132355 0.48560811498684886
1 0.32216205665271275 0.48256209452201393 0.3160721953213155 0.3850897324614767 0.3647909187099668 0.38661274269389423 0.370880780041364 0.4810390424589986
1 0.3681684795178865 0.4809950997954921 0.3647909187099667 0.3820437119966417 0.41452464686427193 0.3835667222290592 0.4175696054070582 0.48103904245899853
1 0.4195995034300152 0.47951607405717883 0.4135096978527934 0.3805207017642241 0.46222842124144464 0.3820437119966417 0.46628832879570953 0.48103904245899853
1 0.5381246198687637 0.2754029945323342 0.5403813907672526 0.1612078975856651 0.6053397443729631 0.16577688645231992 0.6022947858301766 0.2754333303721972
1 0.6039140935529742 0.2754029945323342 0.6093996519272277 0.1596848873532475 0.7027771911502653 0.16120789758566512 0.6966873855730438 0.2754333303721972
1 0.6966873855730438 0.27238730990736215 0.7037922516700947 0.161207897585665 0.796154841881654 0.16120789758566512 0.7890499757846028 0.27391032013977973
1 0.5308146783482959 0.3754578190937377 0.5312466266472445 0.27238730990736215 0.5951900312414764 0.27391032013977973 0.5911301236872115 0.3789976915318067
1 0.593862923962331 0.37408720505864995 0.5972199292644333 0.2723873099073622 0.6865376724415571 0.2754333303721972 0.6824777648872922 0.3759516710669717
1 0.6855227234300786 0.3744286608345542 0.6916125290073004 0.27391032013977973 0.7799152116645948 0.27086429967494463 0.7748403550988517 0.3744286608345542
1 0.5289871929681789 0.471400801549878 0.5302316776357661 0.37747468129938916 0.5911301236872115 0.38052070176422415 0.5891001141559038 0.4734240331275087
1 0.5911301236872116 0.468855044260854 0.5931600217101686 0.3744286608345541 0.6794328063445061 0.37747468129938916 0.6763879593100707 0.4719010647256889
1 0.6760997660675941 0.471400801549878 0.6814628158758139 0.3744286608345541 0.7717953965560652 0.37747468129938916 0.7646906419673649 0.47494708519052403
1 0.5362971344886468 0.6207977313744394 0.5353065342015093 0.5343442751018188 0.594175082229998 0.5343442751018187 0.5931600217101686 0.6196325971336133
1 0.593862923962331 0.6139446611990008 0.5962049802529549 0.5312982546369837 0.6784178573330276 0.5343442751018188 0.6763879593100706 0.6165865766687783
1 0.6760997660675941 0.6139446611990008 0.679432806344506 0.5328213066999988 0.7606307344131003 0.5328213066999989 0.7555558778473569 0.6120175878021236
1 0.5261717700815013 0.6973059098339182 0.527186774847155 0.6135405562039433 0.5322616314128985 0.6150636082669585 0.5332765804243768 0.621155565535433 0.5850403181099899 0.6272476064651031 0.5850403181099899 0.701874898700573
1 0.5865529824418632 0.6948108892691763 0.5880851651444253 0.6196325971336133 0.5931600217101686 0.6196325971336133 0.5931600217101686 0.6150636082669585 0.668268144201541 0.6165865766687781 0.666238134670233 0.6957828577709029
1 0.6672531951900625 0.697305909833918 0.6692830932130195 0.6135405562039433 0.7514959702930922 0.6120175878021235 0.7474360627388273 0.6957828577709029
1 0.527159707588062 0.7729358892691763 0.5292167286242876 0.697305909833918 0.5840252575901604 0.7003519302987533 0.5819953595672036 0.7719331184081926
1 0.5819842689915707 0.7688240471639132 0.5840252575901604 0.6942598893690832 0.6652231856587547 0.6973059098339182 0.6621782271159683 0.7734561704712077
1 0.6623936257167169 0.7715652752340886 0.6662381346702331 0.6912138689042481 0.7433761551845625 0.694259889369083 0.7393162476302976 0.7719331184081926
1 0.904535438582214 0.2891091348832114 0.9138918264302808 0.17491494784682504 0.9697153601618074 0.17491494784682507 0.9575356374990129 0.2876173704009396
1 0.9575325146056058 0.2863679068130359 0.9707303091732861 0.17491494784682496 1 0.17796096831166003 1 0.286094360168522
1 0.8917430409213953 0.393275801549878 0.9037420017904431 0.28457134993610467 0.9565206884875345 0.2845713499361046 0.9443409658247399 0.391181731560549
1 0.9433260168132617 0.391181731560549 0.9555057394760561 0.28457134993610467 1 0.2830483397036871 0.9879848884018235 0.3927047417929666
1 0.8793826679732053 0.4901771038535038 0.8925773396474781 0.3927047417929666 0.9412961187903048 0.39118173156054903 0.9301313451389888 0.4947460927201585
1 0.9301202339038515 0.4947012401463693 0.9433260168132617 0.39118173156054903 0.9879848884018235 0.38965872132813156 0.9778351752703373 0.49322312431833876