0 0.44583660817285725 0.26580869628672016 0.6175194670357576 0.2662952689776921 0.6124446104700141 0.4597169828663488 0.4490337495671718 0.4581940144645291 0.44294394398995013 0.27086429967494463
0 0.6176202339038515 0.25621439804110613 0.7941248323503463 0.25563423918136724 0.7839751192188597 0.4521019735348589 0.6154894575044495 0.4521019735348589
0 0.7967138011553134 0.25895562611128153 0.9291163961275101 0.2556342391813672 0.9108468678874941 0.45971698286634877 0.787020077761646 0.462763003331184
0 0.4476640935529742 0.4576946611990008 0.6093996519272277 0.46276300333118386 0.6063546933844414 0.637908636261428 0.4510637033443041 0.6348626157965931
0 0.6121377777635005 0.4535828190937377 0.7799152116645948 0.45819401446452906 0.7697654985331082 0.6424777087892785 0.6063546933844415 0.6318166789929532
0 0.7820939181143778 0.461806503304264 0.9037420017904431 0.45971698286634877 0.8895323811046916 0.6440006771910983 0.7748403550988515 0.6409546567262632
0 0.45314654969332513 0.6345038717253166 0.6063546933844414 0.6379086362614281 0.6033098463500061 0.7978242505286927 0.4551236108985689 0.7902092411972027
0 0.6057415789330912 0.6358744857604044 0.7646906419673649 0.6424777087892785 0.7575857758703141 0.8039162914583627 0.6033098463500061 0.7947782300638577
0 0.769301520453559 0.6399863278656676 0.8814126775045131 0.640954656726263 0.8712628528646754 0.8023932393953475 0.7616456834245786 0.8023932393953475
0 0.4659389473541438 0.8921793103218079 0.5688006878929308 0.8922506339549923 0.5698156369044092 1 0.4723781901271067 0.9988610155794366
0 0.569191871330752 0.896291152427071 0.7190168213673247 0.9029116637513172 0.7139419648015813 1 0.5708305859158875 1
0 0.7190456725003427 0.8990323804972464 0.8743078114074618 0.9013886116883022 0.8580681811904027 1 0.7129270157901029 1
0 0.02460122805589822 0.8729907138305798 0.13642181570976486 0.8739745111659821 0.15773630249256743 0.9821079448534419 0.051164035841081375 0.9866769337200968
0 0.13881906431320815 0.8798437840060184 0.25720370304700224 0.8815896041586675 0.2673534719326643 0.9927689746497669 0.155706348715435 0.9912460062479471
0 0.25577812864069355 0.8784731699709307 0.380015544161372 0.8815896041586675 0.3871203545042477 0.9927689746497669 0.26836842094414265 0.9927689746497669
1 0.16440385963484558 0.19453676646215873 0.2490839436926481 0.19623700743947486 0.2541588002583913 0.31046244022600694 0.17093091841266478 0.3119854504584245
1 0.24755444443016722 0.1972779945323342 0.33129682077272077 0.19928302790430988 0.3363716773384641 0.31198545045842446 0.2531437954927374 0.3119854504584246
1 0.33070502922548883 0.1972779945323342 0.411479744075661 0.20080603813672743 0.4175696054070582 0.3119854504584246 0.33535672832698554 0.30893942999358937
1 0.17080005846525492 0.3110389594446149 0.25212884648125905 0.31350846069084193 0.2592336568241347 0.42011884231528646 0.17905073352119444 0.42011884231528646
1 0.25577812864069355 0.3110389594446149 0.3373866263499425 0.310462440226007 0.34246153866986123 0.41707282185045147 0.26126361060126707 0.41707282185045147
1 0.3371012280558982 0.30829773137443944 0.41959950343001506 0.310462440226007 0.42162945720714756 0.41859583208286893 0.34144653390420726 0.41554985344863166
1 0.18267871343601516 0.4206880822516324 0.2622785596127455 0.4185958320828689 0.27141332373275356 0.5175912043758236 0.19123040042981335 0.5191142564388388
1 0.26217432747110286 0.4165762401463693 0.34449149244699356 0.41554985344863166 0.349566349012737 0.5160682359740038 0.27039837472127515 0.5160682359740038
1 0.344411169576366 0.4165762401463693 0.424674415749934 0.41554985344863166 0.4277193185385448 0.5175912043758237 0.3475363952356045 0.5175912043758235
2 0.2886728654827988 0.15204773137443944 0.283593046395548 0.05155147458108666 0.3394165801270748 0.05002848526396803 0.3424615386698613 0.15206983619115994
2 0.33984245612607367 0.049251678742860495 0.39524016961277736 0.050028485263967984 0.399300077167042 0.15054686778934018 0.34144653390420726 0.15206983619115996
2 0.39466701752958244 0.046510450672685055 0.48455785703572574 0.04393644433429792 0.4845578570357256 0.15054686778934018 0.3982850724013882 0.15054686778934018