0 0.5116260818570678 0.6536924682165447 0.5139921031728824 0.48865413545168385 0.6327440367329872 0.491700155916519 0.6266542311557655 0.6531387385856032 0.5119621493957498 0.6561847590504382
0 0.6267576608044362 0.6550630822516325 0.6327440367329872 0.4871310833886687 0.7535258683160491 0.4871310833886687 0.740331308150127 0.6561847590504382
0 0.7409754970617461 0.6482100120761938 0.7535258683160491 0.4840850629238337 0.8672029453104106 0.482562094522014 0.8529933246246594 0.6470466976559331
0 0.5116260818570678 0.8250192226025096 0.5109472003842714 0.6668457888467634 0.6266542311557656 0.6683687572485832 0.6215793745900223 0.8221923305861775
0 0.6203614619740269 0.818166152427071 0.6266542311557656 0.6668457888467634 0.7454061647158704 0.6683687572485832 0.7342413910645544 0.8191463101213424
0 0.7364067836114537 0.8154249243568956 0.746421113727349 0.662276716318913 0.8600981907217107 0.6607537479170932 0.8458885700359594 0.8115313007898526
0 0.502488654956483 0.99908720505865 0.5007974314986093 0.9059576842161524 0.517037005961493 0.9074806526179721 0.5210969135157579 0.9288027122106218 0.6124446104700142 0.924233723343967 0.6093996519272278 1
0 0.6103102923833836 1 0.6124446104700141 0.924233723343967 0.7230767289215894 0.9196647344773125 0.7180018723558461 1
0 0.7190456725003427 0.9977165910235622 0.7240916779330678 0.918141682414297 0.8276190417959433 0.9166187140124772 0.8174693286644567 1
1 0.16281115905831062 0.3668136515030643 0.15773630249256743 0.28761737040093954 0.2226946003441023 0.28609436016852213 0.2277694569098456 0.3668136515030642
1 0.22745210524888065 0.3658635208481236 0.22370960510975632 0.28761737040093954 0.2886679029612913 0.28609436016852213 0.2927278105155561 0.3637676310382293
1 0.2923278362430327 0.3617516787428605 0.28866790296129125 0.2845713499361046 0.3536262565670017 0.2815253294712695 0.35667115935561255 0.36072161057339425
1 0.35768610836709097 0.35919864217157443 0.3556561545899587 0.2815253294712695 0.4165546006414043 0.2784793090064345 0.4206145081956691 0.35310660124190424
1 0.16623134501496253 0.4412472927779482 0.16078120528117829 0.3683366617354819 0.22573950313271318 0.3652906412706467 0.2287844616754996 0.4399179335061165
1 0.23081441545263198 0.4399179335061165 0.22675450789836712 0.3652906412706467 0.2906978567384237 0.36224462080581166 0.2937427595270346 0.4368719130412814
1 0.2932415789330912 0.43576483663759735 0.2917128057499021 0.36224462080581177 0.35565615458995864 0.3591986421715745 0.35870111313274505 0.4338258925764465
1 0.3590310526173017 0.4316529945323342 0.35667115935561255 0.3591986421715745 0.4165546006414043 0.35462961147432176 0.41959950343001506 0.4277338934773741
1 0.17080005846525492 0.511148608567422 0.16484111283544312 0.43991793350611663 0.230814415452632 0.4399179335061165 0.2328443692297644 0.5130222155091687
1 0.23293456138923155 0.5097779945323342 0.22979941068697804 0.4368719130412815 0.2947577642926885 0.4368719130412814 0.295772713304167 0.5084531429813185
1 0.2950690643132082 0.5097779945323342 0.2927278105155561 0.43534890280886396 0.35565615458995864 0.43382589257644644 0.35667115935561255 0.5008381336498287
1 0.3590310526173017 0.5029249243568956 0.3566711593556125 0.4307798721116113 0.41553965162992595 0.42773389347737417 0.4175696054070582 0.5008381336498288
1 0.17536877191554734 0.5769380822516325 0.16890096463553236 0.5130222155091687 0.23182936446411043 0.5099761950443339 0.23487426725272123 0.5769883942871185
1 0.23567578945940698 0.5783086962867201 0.23081441545263198 0.5069301745794987 0.2947577642926885 0.5054072061776789 0.29881761609277785 0.5724194054204635
1 0.2988176160927778 0.5693733849556284 0.29577271330416693 0.5038841541146636 0.3556561545899587 0.5008381336498288 0.3597160621442234 0.5678504165538086
1 0.3597160621442234 0.5648043960889737 0.35565615458995864 0.4993151652480089 0.41655460064140437 0.4977921131849936 0.41858455441853665 0.5663273644907934
1 0.1982123391670093 0.6934402752340886 0.19224540519546726 0.6287706585281183 0.2531437954927374 0.6257246380632833 0.2582187078126562 0.6912138689042482
1 0.25851935671086895 0.6893284331288254 0.2531437954927374 0.6257246380632834 0.3140422415441831 0.6226786175984484 0.31708714433279395 0.6835988595727582
1 0.31699888887461164 0.6824753629533868 0.31302729253270456 0.621155565535433 0.3739256828299748 0.618109545070598 0.37697064137276115 0.6775068186430881
1 0.37639216372841283 0.6783635208481237 0.3729107338184964 0.6181095450705981 0.42873426755002314 0.6135405562039433 0.432794175104288 0.671414777713418
1 0.20643602337753564 0.7523766787428605 0.19935021553834295 0.6927368373060678 0.25923365682413474 0.6896908168412328 0.26430851338987793 0.7506110588155427
1 0.26308807016116137 0.7510060647077728 0.2602486615897886 0.688167848439413 0.3191170981099264 0.6835988595727582 0.3211470518870587 0.7460420699488879
1 0.3197401169447871 0.745523608567422 0.318102149098448 0.682075807509743 0.37798559038423957 0.6775068186430883 0.380015544161372 0.7399500290192177
1 0.38096087717870525 0.7372999243568956 0.37697064137276115 0.6775068186430883 0.432794175104288 0.6729378297764333 0.4348241288814205 0.7308119676247127
1 0.21009099413776955 0.8099424682165447 0.20544002111556464 0.7506110588155427 0.26430851338987793 0.7475650383507078 0.2673534719326643 0.8069623119231977
1 0.26836842094414276 0.8084852803250175 0.2643085133898779 0.746042069948888 0.3221620566527127 0.7429960494840528 0.3252069594413236 0.8039162914583629
1 0.32522257308513797 0.798977555935843 0.32317700566419116 0.741473081082233 0.380015544161372 0.7384270606173982 0.3810305489270259 0.7963012821268729
1 0.3818746198687637 0.7976069419007552 0.380015544161372 0.7353810401525629 0.43177922609280955 0.7308119676247127 0.43583913364707444 0.7871632207323679
1 0.2119184795178865 0.8688788717253166 0.20645502588121864 0.8084852803250172 0.26836842094414276 0.8039162914583629 0.2714133237327535 0.8617905129678375
1 0.27242832849840765 0.8617905129678374 0.2693834257097967 0.8008702709935277 0.32317700566419116 0.7978242505286925 0.326221908452802 0.8511294831715127
1 0.3270500584652549 0.852431503304264 0.32317700566419116 0.7978242505286927 0.37697064137276104 0.7917322095990226 0.380015544161372 0.8450374422418425
1 0.3791333917985883 0.8414665910235622 0.37697064137276115 0.7932552616620379 0.4297492723156771 0.7886861891341874 0.4327941751042879 0.8419914217770076