0 0.1991260818570678 0.461806503304264 0.37189578480701785 0.45362494193667874 0.37900059514989354 0.5967874854779481 0.21152988244696183 0.6059255468724534
0 0.19181614033659997 0.4741420296200535 0.20746997489269706 0.618109545070598 0.036954387278242296 0.6257246380632833 0.01462497936104909 0.48103904245899864
0 0.014550058465254945 0.4809950997954921 0.035939410389676095 0.6242015860002683 0 0.6272476064651032 0 0.4764700535923438
0 0.2978102923833836 0.60846220505865 0.3749406875956287 0.604402494809438 0.3850904007271152 0.7369040085543827 0.3099823339899183 0.7429960494840527
0 0.12876789472256486 0.6235389594446149 0.2927278105155561 0.6181095450705981 0.3038925284126966 0.7506110588155426 0.145556579829773 0.7551801313433929
0 0.14251167704116213 0.7521341108785577 0.1262721025782784 0.6196325971336133 0 0.6272476064651031 0.00041533079821003897 0.7536570792803776
0 0.05522391551825845 0.7582260681470325 0.0775533513125394 0.8754975632289972 0.00853511802965187 0.8754975632289973 0 0.8435143901788271 0.00041533079820999744 0.7567030997452127
0 0.0657196491085298 0.7510060647077728 0.2216796513326239 0.7506110588155426 0.23487426725272129 0.8663595018344925 0.08465816165541507 0.8663595018344925
0 0.22776945690984565 0.7521341108785579 0.304907477424175 0.7506110588155427 0.30693743120130745 0.742996049484053 0.383060446949983 0.738427060617398 0.38712035450424764 0.8602674609048222 0.23690422102985362 0.8602674609048223
0 0.04196233916700933 0.9565981699709307 0.10800257433826221 0.9592628331977767 0.11409237991548392 1 0.04507417450968414 1
0 0.10866555554127832 0.9620806261112815 0.2531437954927374 0.9607858852607923 0.2572037030470022 1 0.11003252811539468 0.9988610155794366
0 0.24938192981028418 0.9565981699709307 0.399300077167042 0.9531707922681067 0.4013299751899989 1 0.2561887540355238 1
1 0.4997474268863076 0.349416152427071 0.4997824824871309 0.24040417868778974 0.5616958217958795 0.23735815822295467 0.560680872784401 0.3500605807770693
1 0.5591407017401088 0.349416152427071 0.5596659237729228 0.23735815822295467 0.6205643140701927 0.23735815822295467 0.6185344160472359 0.35158359100948666
1 0.6212752046640854 0.35215738049724643 0.6215793745900223 0.24192718892020718 0.681462815875814 0.23888116845537216 0.6784178573330277 0.3454915919104145
1 0.677927251447711 0.34530431032180786 0.679432806344506 0.23735815822295467 0.740331308150127 0.23278916935629992 0.7383012986188192 0.34092256121316195
1 0.49152374267578125 0.4549534331288254 0.4896327136014689 0.34549159191041445 0.573875544458674 0.35006058077706925 0.5738755444586738 0.4505790051330391
1 0.5746743274711029 0.45084159102356225 0.5728605954471955 0.34853757054465173 0.6601483290930115 0.34853757054465173 0.6581184310700545 0.4475329846682041
1 0.6578249122664245 0.4453591348832114 0.6591333800815331 0.34549159191041445 0.7433761551845625 0.34244557144557936 0.7413462571616055 0.4460099326051888
1 0.5034023976465415 0.5426727313744394 0.5018124362642633 0.452101973534859 0.560680872784401 0.44905595307002383 0.560680872784401 0.5450053048981435
1 0.5618819298102842 0.5467845734797026 0.5637258313271875 0.4505790051330392 0.6205643140701926 0.44905595307002383 0.6175194670357576 0.5434823364963237
1 0.6212752046640854 0.44947097698847455 0.6784178573330277 0.44600993260518873 0.6743579497787628 0.5419592844333085 0.6175194670357574 0.5404363160314887
1 0.6733430007672843 0.5373902955666536 0.6774029083215491 0.4460099326051888 0.7352563400760329 0.44600993260518895 0.7332264420530761 0.5404363160314888
0 0.5107123391670093 0.896291152427071 0.5951900312414766 0.8952966544198274 0.5951900312414765 1 0.5119621493957499 0.9958149951146018 0.5129770984072284 0.8968196228216473
0 0.5947766666523895 0.896291152427071 0.6834927138987708 0.8937736023568122 0.6774029083215491 0.9988610155794366 0.5911301236872116 0.9942919430515866
0 0.6824959648980035 0.8949205383919833 0.7687505495216299 0.8922506339549924 0.7636756929558868 1 0.6784178573330277 1
0 0.769301520453559 0.8949205383919833 0.851978375613181 0.8922506339549923 0.8418286624816944 1 0.762660632436057 1