0 0.05109976606759412 0.20824290681303592 0.07755335131253942 0.06068951506029289 0 0.062212525292710485 0 0.20689807906639746
0 0.05109976606759412 0.20824290681303592 0.07755335131253942 0.05916650482787545 0.19630525699555657 0.06373553552512795 0.17702077974406197 0.2099440577006349
0 0.17536877191554734 0.20961352084812365 0.19630525699555657 0.06221252529271042 0.3140422415441831 0.06221252529271044 0.30389252841269654 0.20385205860156244
0 0.06297842103835435 0.3768284331288254 0.08973304609824609 0.20994405770063476 0.0014303076867762117 0.21451308839788732 0.000415330798210013 0.3729056924327343
0 0.06206467834829588 0.3781990471639131 0.08871804133259213 0.20842104746821732 0.20848497965835097 0.20842104746821732 0.19732026176121056 0.3637676310382293
0 0.19729859647695083 0.3631222927779482 0.20848497965835097 0.20689807906639746 0.29881761609277785 0.20232904836914486 0.2906978567384237 0.35462961147432176
0 0.026804646269668022 0.3713826822003168 0.16281115905831062 0.3652906412706467 0.14454163081829452 0.5465283569611586 0.0024452845753423946 0.5419592844333085
0 0.1634901169447871 0.3672341348832114 0.2967877180698209 0.3652906412706467 0.283593046395548 0.5465283569611586 0.14555657982977294 0.5465283569611586
0 0.04196233916700933 0.5454139594446149 0.1800656825326728 0.5480513253629786 0.16382610806978912 0.7429960494840528 0.012595025583916682 0.7399500290192179
0 0.1808512280558982 0.5454139594446149 0.2815630926184157 0.5450053048981435 0.2663384671670104 0.7429960494840528 0.16281115905831064 0.7429960494840528
0 0.04378982454712629 0.5440433454095271 0.014624979361049105 0.7399500290192177 0 0.7369040085543828 0.0004153307982100234 0.5389132639684734
1 0.4275617543716877 0.4563240471639131 0.4277193185385447 0.35462961147432176 0.507902241841485 0.35310660124190424 0.5079022418414851 0.45514799399969386
1 0.5079711110968339 0.4563240471639131 0.5058722880643527 0.35006058077706925 0.587070216132947 0.34549159191041445 0.5931600217101686 0.45210197353485904
1 0.5929491812722725 0.4549534331288254 0.5880851651444252 0.34396858167799693 0.6439086988759521 0.34244557144557936 0.6530434629959603 0.44905595307002394
1 0.4226444619728016 0.5724194054204635 0.42568936476141234 0.455147993999694 0.4845578570357256 0.4566709624015138 0.48658781081285807 0.5724194054204634
1 0.48557280604720415 0.5739424574834787 0.4845578570357256 0.4566709624015138 0.5688006878929307 0.45362494193667874 0.5708305859158875 0.5678504165538086
1 0.5719330994009274 0.5687143980411061 0.5688006878929308 0.4505790051330391 0.6520285139844818 0.44905595307002383 0.6601483290930115 0.5632813440259583
1 0.4229930409213953 0.6920696611990008 0.4246744157499338 0.5739424574834786 0.508917246607139 0.5724194054204635 0.5099321956186174 0.6866448800375933
1 0.5099321956186174 0.686644880037593 0.5068872928300066 0.5678504165538086 0.5982348782759118 0.5663273644907936 0.6043247953614845 0.6881678484394128
1 0.5993453801026818 0.564602555935843 0.6611632781044897 0.5632813440259583 0.6692830932130195 0.6896908168412329 0.6043247953614845 0.688167848439413
1 0.4229930409213953 0.6893284331288254 0.48557280604720415 0.6912138689042482 0.4896327136014689 0.8206693621843575 0.42568936476141245 0.8206693621843575 0.424674415749934 0.6912138689042482
1 0.4886177645899904 0.6881678484394129 0.5769205030014604 0.6835988595727582 0.5799653500358957 0.8252383510510124 0.48963271360146887 0.8221923305861774
1 0.5765018128512198 0.6879578190937377 0.6682681442015411 0.6927368373060679 0.6723280517558059 0.8161002896565072 0.5809804105557251 0.8191463101213424