0 0.02916994150619062 0.7729358892691763 0.10597262056112983 0.7825942318657128 0.1181522874697487 0.8511294831715127 0.04811910517538278 0.8465604106436624
0 0.10683807016116137 0.7784183454095271 0.18717049287554854 0.7856401686693523 0.19732026176121056 0.8541755036363475 0.12018224124688112 0.8511294831715127
0 0.1871704928755485 0.7841172002675325 0.33028181600706674 0.7947782300638575 0.3363716773384641 0.8617905129678374 0.198335210772689 0.8541755036363475
0 0.04561730992724325 0.8400959769884745 0.17803572875554047 0.8511294831715127 0.18920044665268088 0.9379407736051271 0.06638863341539894 0.9303257642736371
0 0.17902374267578125 0.8538021173393517 0.2541588002583913 0.8602674609048223 0.26329356437839946 0.942509762471782 0.19123040042981335 0.9394637420069468
0 0.2539506432605766 0.8579139594446149 0.3343417235613316 0.8648365334326726 0.34043158489272884 0.947078834999632 0.2673534719326643 0.9394637420069467 0.2551737492698698 0.8694055222993272
0 0.06740361030396509 0.9288027122106218 0.1364218157097649 0.9333717847384723 0.14454163081829452 0.9866769337200967 0.07450842064684074 0.9805848927904268
0 0.1360778362430327 0.9346683454095271 0.21254488721261583 0.9364178052033073 0.2155897900012267 0.9851539653182768 0.14251167704116213 0.9851539653182769
0 0.21283222220794498 0.9401508015498781 0.3424615386698613 0.942509762471782 0.34855134424708295 0.9927689746497671 0.2135598362240943 0.9851539653182769
2 0.2603468420909859 0.22331966119900085 0.2541588002583914 0.13988579616241748 0.2978026670812994 0.14140880639483505 0.30389252841269654 0.21908211909513983
2 0.3008475698699103 0.2206051293275574 0.2967877180698209 0.14445482685967007 0.34246153866986134 0.1444548268596702 0.3465213904699506 0.2190821190951399
2 0.3434974268863076 0.14108281909373768 0.42365941098427995 0.13988579616241759 0.42568936476141234 0.2206051293275574 0.34652139046995056 0.22060512932755746
2 0.2612605847810444 0.29459159102356225 0.2572037030470022 0.22060512932755738 0.3028775236470426 0.21908211909513983 0.3069374312013074 0.2982784001972645
2 0.3069477192839684 0.29596220505864995 0.3018625746355641 0.2206051293275574 0.3465213904699507 0.22060512932755744 0.34855134424708295 0.29827840019726454
2 0.3517211110968339 0.2987034331288254 0.3465213904699506 0.2190821190951398 0.424674415749934 0.2175591088627224 0.4277193185385447 0.296755389964847
2 0.2667430409213953 0.3617516787428605 0.2602486615897886 0.293709369500012 0.3069374312013074 0.296755389964847 0.3140422415441831 0.36224462080581166
2 0.3106026900442023 0.3658635208481236 0.305922482189829 0.2982784001972645 0.3505812980242154 0.3028474308945171 0.3556561545899587 0.36681365150306433
2 0.3553760818570678 0.3672341348832114 0.34956634901273687 0.3013244206620997 0.4246744157499339 0.29827840019726454 0.42873426755002314 0.3668136515030643
2 0.27313923975180465 0.4028700997954921 0.3160721953213155 0.40488878182170907 0.3221620566527127 0.46276300333118403 0.2795331388412832 0.46124003492936394
2 0.3160851461845532 0.40149948576040434 0.35768610836709097 0.3987967827226367 0.36276102068700977 0.468855044260854 0.3221620566527127 0.4673319921978388
2 0.36073106690987744 0.3972737724902192 0.43177922609280966 0.4003197929550542 0.4378690316700312 0.4673319921978387 0.36377596969848836 0.4688550442608539
2 0.279535438582214 0.461806503304264 0.3211470518870587 0.4627630033311838 0.32520695944132366 0.5252062137073137 0.28257804162989414 0.5206372248406587
2 0.3197401169447871 0.46317711733935174 0.3617460159213559 0.4658090237960189 0.3647909187099667 0.5282522341721485 0.32216205665271275 0.5267292657703287
2 0.36986583102988546 0.4719010647256889 0.4439588930014286 0.4703780126626737 0.4449738977670825 0.5297752862351637 0.37189578480701785 0.5267292657703287
2 0.47948300046998243 0.20537506883397996 0.4794830004699824 0.12008674680218522 0.5444412983215173 0.12008674680218522 0.5413963955329066 0.20385205860156239
2 0.543426349310039 0.20537506883397993 0.543426349310039 0.12008674680218522 0.6104146009387063 0.11856373656976771 0.6104146009387063 0.20689807906639746 0.5464712520986498 0.20232904836914486
2 0.611224035073442 0.20138983663759732 0.6093996519272277 0.11551771610493274 0.6621782271159683 0.11551771610493271 0.659133380081533 0.20385205860156239
2 0.48147257308513797 0.2781442226025096 0.4815129542471147 0.20385205860156247 0.5444412983215173 0.20385205860156239 0.5454563030871712 0.27695634060461477
2 0.544520818699173 0.2754029945323342 0.5454563030871712 0.20385205860156239 0.6104146009387063 0.2038520586015624 0.6104146009387063 0.27847930900643453
2 0.6103102923833836 0.2767736085674219 0.6083847029157494 0.19928302790430988 0.6591333800815329 0.19928302790430988 0.6571033705502248 0.2769563406046147
2 0.48421380115531343 0.3480455383919833 0.48252790325859324 0.2784793090064346 0.5464712520986498 0.2769563406046147 0.5464712520986497 0.34853757054465173
2 0.5472620467693485 0.349416152427071 0.5474862568643037 0.2754333303721971 0.6083847029157494 0.2784793090064344 0.6083847029157493 0.3470145603122341
2 0.6093996519272278 0.3454915919104145 0.6093996519272278 0.27391032013977973 0.6560884215387465 0.27391032013977973 0.6571033705502249 0.33939955098074437
2 0.4860412865354304 0.4590652752340886 0.48354290802424715 0.39575076225780176 0.5251568210700227 0.40031979295505427 0.5271867748471551 0.46276300333118386
2 0.527159707588062 0.4604358892691763 0.5241418163043688 0.3987967827226367 0.5880851651444252 0.3987967827226367 0.5870702161329469 0.46276300333118386
2 0.5865529824418632 0.4686595734797026 0.587070216132947 0.40488878182170907 0.6489836669500464 0.4094578125189615 0.6479686064302169 0.45971698286634877 0.5911301236872115 0.45971698286634877
2 0.4833000584652549 0.5193722927779482 0.4855728060472041 0.4581940144645291 0.5251568210700228 0.4597169828663488 0.5231268672928905 0.5267292657703287
2 0.521677251447711 0.5248547489182991 0.5251568210700227 0.46124003492936394 0.587070216132947 0.46276300333118386 0.5860552671214685 0.5267292657703287
2 0.5856392397518047 0.5262253629533868 0.58504031810999 0.45971698286634877 0.6469536574187386 0.4627630033311838 0.6439086988759521 0.5221601932424783
2 0.4865878108128582 0.5830804352167883 0.4845578570357256 0.5175912043758236 0.5261717700815012 0.5206372248406587 0.5261717700815013 0.5846034872798034
2 0.5262459648980035 0.5851617664621588 0.5241418163043687 0.5191142564388388 0.5840252575901603 0.5221601932424784 0.5840252575901603 0.5846034872798034
2 0.5838117543716876 0.5824205383919833 0.5860552671214684 0.5206372248406587 0.643908698875952 0.5191142564388389 0.6428937498644737 0.5861264556816234