0 0.5417795906289976 0.7756771173393517 0.5424113445443848 0.6242015860002681 0.7657055909788435 0.6211555655354332 0.7758553041103302 0.7688871816045529
0 0.7647328070032666 0.6207977313744394 0.8966372472017428 0.6150636082669585 0.9118618168989726 0.7704101500063728 0.7758553041103301 0.7658411611397178
0 0.8972254970617461 0.618056503304264 1 0.6150636082669585 1 0.765841161139718 0.9108468678874941 0.7673641295415377
0 0.5408658479389391 0.49058939804110613 0.7555558778473569 0.4779931056553591 0.7657055909788435 0.6257246380632834 0.5413963955329066 0.6272476064651032
0 0.755555877847357 0.47799310565535913 0.8824276265159917 0.4734240331275087 0.8966372472017428 0.6135405562039433 0.766720539990322 0.6196325971336133
0 0.883519356710869 0.47277141558496577 1 0.47342403312750886 1 0.6135405562039433 0.8956222981902644 0.6150636082669585
0 0.5403813907672526 0.35767563193915686 0.7443911041960409 0.35310660124190424 0.7535258683160491 0.4825620945220139 0.5403813907672526 0.49017710385350366
0 0.7446304678219801 0.35215738049724643 0.8682180058302402 0.34549159191041434 0.8783677189617266 0.477993105655359 0.7535258683160491 0.477993105655359
0 0.8688994736699333 0.34530431032180786 0.9869699393903454 0.3424455714455794 1 0.44905595307002383 0.9991495505447883 0.47647005359234373 0.8793826679732052 0.47647005359234373
0 0.5399521052488807 0.2356551875147903 0.6520285139844817 0.2343121795887174 0.657103370550225 0.3531066012419043 0.5403813907672526 0.35310660124190424
0 0.6505149707459567 0.23017273137443944 0.7677356005101514 0.2251741181942122 0.7768703646301593 0.34853757054465173 0.6560884215387465 0.35006058077706925
0 0.769301520453559 0.22606088926917628 0.9697153601618074 0.22060512932755746 0.986969939390345 0.3409225612131619 0.7758553041103301 0.3500605807770693
0 0.5399521052488807 0.12052360856742189 0.731196544030119 0.11399470587251515 0.7383012986188192 0.22669712842662978 0.5383514927442955 0.23583514799053718
0 0.7318380701611613 0.11092931032180786 0.8448736210244807 0.10790270677344278 0.854008385144489 0.22365110796179477 0.7362714005958624 0.22517411819421235
0 0.8460559064184713 0.10818808225163243 0.9555057394760559 0.10485668630860785 0.970730309173286 0.22365110796179472 0.8540083851444887 0.22365110796179474
0 0.5408658479389391 0.11778238049724646 0.5413963955329066 0.011953334030024366 0.6479686064302169 0.007384324248070696 0.6510135649730033 0.11551771610493271
0 0.6505149707459567 0.11641176646215874 0.6479686064302169 0.005861314015653148 0.7504810212816139 0 0.757585775870314 0.10942571700586036
0 0.7574228654827988 0.1068174682165447 0.7494660722701353 0 0.9382511602475184 0 0.9544907904645775 0.10333367607619025
1 0.23841701752958241 0.49196001207619383 0.24806893892699414 0.4140268432162141 0.3089673849784399 0.4155498534486317 0.3038925284126966 0.49474609272015857
1 0.30329274852373445 0.496071854181457 0.30795238021278587 0.41707282185045147 0.36580592347562063 0.41707282185045147 0.36174601592135586 0.49474609272015857
1 0.36177228068747713 0.4947012401463693 0.36580592347562063 0.4140268432162141 0.42873426755002314 0.4185958320828688 0.4246744157499339 0.49779211318499367
1 0.4229930409213953 0.4988130822516324 0.4277193185385447 0.4185958320828689 0.4865878108128582 0.4216418525477041 0.4855728060472041 0.49779211318499367
1 0.23019333331905611 0.5741968541814569 0.23893417480698606 0.49170015591651883 0.30084756986991024 0.4947460927201585 0.2947577642926885 0.5785114463501334
1 0.29415532162314967 0.5783086962867201 0.29983262085843176 0.49170015591651905 0.35870111313274494 0.4947460927201586 0.3526112518013478 0.5785114463501335
1 0.3546412055784802 0.5785114463501335 0.3597160621442234 0.4947460927201585 0.42264446197280164 0.49931516524800873 0.4185845544185367 0.5815574668149686
1 0.4175105847810444 0.5783086962867201 0.4216294572071477 0.49626914478317385 0.48252790325859324 0.49931516524800895 0.48151295424711477 0.5769883942871183
1 0.2219696491085298 0.661916152427071 0.22979941068697798 0.5739424574834787 0.29272781051555613 0.5769883942871183 0.2886679029612913 0.6637997683819282
1 0.2886679029612913 0.6607537479170933 0.2927278105155561 0.5754654258852984 0.3546412055784802 0.5785114463501335 0.3495663490127369 0.6607537479170933
1 0.34989362571671695 0.6632867664621588 0.3536262565670017 0.580034414751953 0.4175696054070583 0.580034414751953 0.4165546006414043 0.6637997683819281
1 0.4165968420909859 0.661916152427071 0.4165546006414043 0.5769883942871182 0.4815129542471147 0.5769883942871182 0.4815129542471147 0.6607537479170933
1 0.2166047390127051 0.7490880904137228 0.2216796513326239 0.6592307795152734 0.2876529539498129 0.6622767163189129 0.283593046395548 0.7490880904137228
1 0.28359304639554805 0.749088090413723 0.2886679029612913 0.6592307795152734 0.35058129802421534 0.662276716318913 0.3465213904699506 0.7506110588155427
1 0.346238654956483 0.7551179068130359 0.3495663490127369 0.6607537479170933 0.4165546006414043 0.6653227367837481 0.4145246468642719 0.755180131343393
1 0.4145246468642719 0.7567030997452127 0.4165546006414043 0.6607537479170932 0.47948300046998243 0.6637997683819282 0.4774530466928501 0.7521341108785579
1 0.2094999286698295 0.8435143901788273 0.2145748409897483 0.7475650383507076 0.283593046395548 0.7521341108785579 0.28054808785276164 0.8419914217770076
1 0.28054808785276164 0.8419914217770076 0.2846079954070264 0.7490880904137228 0.34550644145847215 0.755180131343393 0.34144653390420726 0.8419914217770076
1 0.34258368419624907 0.8414665910235622 0.3465213904699506 0.7521341108785579 0.41553965162992584 0.7551801313433929 0.411479744075661 0.8419914217770076 0.34652139046995056 0.8419914217770075
1 0.4124946930871396 0.8419914217770076 0.41553965162992584 0.7551801313433929 0.4804979494814608 0.7521341108785579 0.476438041927196 0.8450374422418424