0 0.5097985964769508 0.1904249243568956 0.5119621493957499 0.09267264627986539 0.6571033705502249 0.09114963604744793 0.6581184310700545 0.188621998107985
0 0.6578249122664245 0.18768369628672013 0.6550734725272681 0.09267264627986539 0.7768703646301593 0.09114963604744783 0.7870200777616461 0.1870989878755674
0 0.7875763742547286 0.18631308225163243 0.7768703646301593 0.09267264627986536 0.8529933246246594 0.09571866674470043 0.8682180058302402 0.19471399720705734
0 0.5058722880643526 0.29675538996484707 0.5068872928300066 0.19166801857282004 0.59214507269869 0.1901450083404025 0.5931600217101685 0.29218635926759445
0 0.5911216958921556 0.2918503629533868 0.5911301236872115 0.188621998107985 0.7301814835102897 0.1870989878755675 0.7372863496073407 0.29370936950001203
0 0.7364067836114537 0.29596220505864995 0.7311965440301189 0.1870989878755675 0.8661879962989323 0.19471399720705732 0.8773527699502484 0.29675538996484707
0 0.5125398245471263 0.41246439804110613 0.5129770984072283 0.29523237973242944 0.6560884215387466 0.29523237973242944 0.6591333800815331 0.40031979295505427 0.5160220569500147 0.4109808227513791
0 0.658738654956483 0.40149948576040434 0.6560884215387466 0.29523237973242944 0.796154841881654 0.2952323797324295 0.8032595964703543 0.40488878182170907
0 0.8040237426757812 0.40835255593584296 0.7951398928701755 0.2982784001972644 0.8803976169846836 0.30437044112693457 0.8915623906359997 0.4109808227513791
0 0.5134535672371847 0.5248547489182991 0.5119621493957499 0.40641179205412653 0.659133380081533 0.40945781251896163 0.664208236647276 0.5236832453054938
0 0.6642211110968339 0.5234841348832113 0.659133380081533 0.40488878182170907 0.8052896060016621 0.40793480228654405 0.8134094211101918 0.5252062137073136
0 0.8131611695763661 0.5262253629533868 0.8052896060016622 0.4079348022865442 0.8925773396474781 0.4094578125189616 0.9047570623102725 0.5267292657703287
0 0.5143673099272432 0.6482100120761938 0.5139921031728822 0.5252062137073137 0.6631932876357979 0.5236832453054937 0.670298042224498 0.6500927181207681
0 0.6697035672371847 0.6523218541814569 0.6642082366472761 0.5252062137073137 0.8174693286644567 0.5252062137073137 0.8266040927844646 0.6470466976559333
0 0.8250398245471263 0.6509512401463693 0.8154393191331487 0.5252062137073136 0.9057720113217509 0.5236832453054937 0.9199816320075024 0.6516156865225881
0 0.5143673099272432 0.7729358892691763 0.5150070521843606 0.648569666057753 0.6702980422244978 0.6516156865225881 0.6753728987902412 0.7704101500063728
0 0.6742722806874771 0.7715652752340886 0.6702980422244978 0.648569666057753 0.8286339908074214 0.6470466976559333 0.838783703938908 0.765841161139718
0 0.839659707588062 0.7688240471639132 0.8286339908074214 0.6485696660577529 0.9199816320075022 0.6470466976559331 0.935206201704732 0.7734561704712076
1 0.22014216372841283 0.4426179068130359 0.22878446167549962 0.35615262170673945 0.3394165801270749 0.35462961147432176 0.33535672832698554 0.444486964203369
1 0.33618748536583976 0.4426179068130359 0.3394165801270748 0.35158359100948666 0.4541086618870905 0.35006058077706925 0.4541086618870905 0.441440943738534 0.3384016311155964 0.44296391214035374
1 0.21100473682782803 0.5385608892691763 0.21964969755549152 0.441440943738534 0.3353567283269856 0.44296391214035385 0.3302818160070668 0.5358672435036385
1 0.33070502922548883 0.5358196611990008 0.33535672832698554 0.441440943738534 0.4541086618870905 0.44296391214035385 0.45207870810995815 0.5343442751018187
1 0.2036947953073602 0.6345038717253166 0.21051493343548344 0.5343442751018188 0.3312968207727208 0.5343442751018188 0.32419201042984513 0.6302936269299382
1 0.3241920104298452 0.6318166789929535 0.32926686699558844 0.5343442751018188 0.4490337495671719 0.5343442751018186 0.44801880055569343 0.6302936269299384
1 0.19272988302665844 0.7345586962867201 0.20138016931547537 0.6302936269299382 0.3252069594413236 0.6302936269299382 0.3201321028755803 0.7308119676247126
1 0.3197401169447871 0.7331880822516325 0.3241920104298451 0.6272476064651032 0.4459888467785609 0.6302936269299384 0.4449738977670824 0.7323350196877281
1 0.18717049287554854 0.8389454013121724 0.19529030798407812 0.732335019687728 0.3221620566527127 0.7338579880895476 0.317087144332794 0.8358993808473373
1 0.31791263156467015 0.8373547489182991 0.3221620566527127 0.7308119676247127 0.4459888467785609 0.7323350196877281 0.4470037957900393 0.8358993808473375