0 0.5966041520325064 0.7825301875147903 0.5921450726986901 0.6287706585281185 0.710897006258795 0.6272476064651032 0.7200317703788031 0.7658411611397178 0.6093996519272277 0.7643181090767026
0 0.5929491812722725 0.6317626436551412 0.5870702161329469 0.48560811498684886 0.7037922516700946 0.48560811498684886 0.7129270157901028 0.6318166789929535
0 0.5865529824418632 0.49196001207619383 0.5840252575901604 0.3668136515030642 0.6916125290073004 0.3622446208058116 0.7007472931273085 0.4871310833886687
0 0.703792251670095 0.4871310833886687 0.6926274780187789 0.3622446208058116 0.8022446474588758 0.3668136515030642 0.8174693286644567 0.491700155916519
0 0.7144769590500503 0.6317626436551412 0.7048072006815733 0.49017710385350366 0.818484277675935 0.4932231243183387 0.8326938983616863 0.6363856678596084
0 0.7217869005705181 0.7688240471639132 0.712927015790103 0.6302936269299384 0.8326938983616863 0.6379086362614281 0.8448736210244807 0.7704101500063728
0 0.8451421637284128 0.7715652752340886 0.8326938983616863 0.6348626157965929 0.9453560263445698 0.6363856678596084 0.9626104940647562 0.7719331184081925
0 0.8332635087576526 0.637245099795492 0.8194992266874134 0.49474609272015835 0.9291163961275103 0.4947460927201586 0.9453560263445696 0.6363856678596085
0 0.8195573684067754 0.4947012401463693 0.8042746569901835 0.3713826822003168 0.9027270527789647 0.3805207017642242 0.9169366734647159 0.4977921131849937
0 0.5728468420909859 0.2836266787428605 0.5708305859158875 0.161207897585665 0.6743579497787628 0.1642539180505002 0.6784178573330276 0.23431217958871742 0.58504031810999 0.22669712842662984
0 0.6770135087576526 0.2356551875147903 0.6733430007672843 0.16577688645231986 0.7778853136416378 0.16882290691715496 0.7839751192188597 0.23888116845537216
0 0.7830076608044362 0.2411376436551412 0.7778853136416378 0.17186892738199 0.881412677504513 0.1733919376144076 0.8895323811046915 0.24345019915262475
0 0.5664506432605766 0.16027141558496574 0.5647407803386659 0.05155147458108667 0.6662381346702331 0.046982464799133 0.6723280517558059 0.1596848873532476
0 0.6743579497787627 0.16120789758566514 0.6662381346702331 0.05155147458108667 0.766720539990322 0.05155147458108672 0.7758553041103301 0.1657768864523199
0 0.7811801754243193 0.16575387172531664 0.7728104570758947 0.051551474581086734 0.8712628528646753 0.05155147458108672 0.8864875340702564 0.1657768864523199
0 0.5637094151904012 0.05336352084812365 0.5606808727844009 0 0.6611632781044898 0.0012923042336994734 0.6642082366472761 0.05002848526396803
0 0.6652231856587547 0.050028485263968 0.6601483290930115 0 0.7586008363901432 0 0.762660632436057 0.05155147458108671
0 0.7629053216231497 0.05610474891829909 0.7575857758703141 0.0012923042336994385 0.8509634266017027 0.0012923042336994385 0.8580681811904027 0.05459749504592169
1 0.2408006448326822 0.2721774312745824 0.24809378327048134 0.21987111600719828 0.28422890087630703 0.2208223837048465 0.2785233541583401 0.27504447264355425
1 0.27903895104783605 0.2747456757218688 0.2842289008763071 0.22082238370484647 0.32099798746406993 0.2208223837048465 0.3165603438860839 0.274093204945906
1 0.31613581528641815 0.27560175720429764 0.3216319564460071 0.2179685806119018 0.35966891134985723 0.21891984830955002 0.35649917091185207 0.27314193724825775
1 0.3572277264430013 0.27303351275701115 0.36030288033179453 0.2179685806119018 0.3964379979376202 0.2179685806119018 0.39390222648155215 0.2750444726435542
1 0.39432459068158343 0.27388959423944 0.3964379979376202 0.21416352288494284 0.4503237246792838 0.21416352288494286 0.44905585636319656 0.27409320494590594
1 0.22970923997659984 0.3368766900998138 0.23668268983454754 0.2712394279802292 0.29183631971619195 0.27314193724825775 0.2867647071562687 0.3368766900998138
1 0.288741207848696 0.3380957054216013 0.2931042228561727 0.2731419372482578 0.33177514674196 0.27504447264355425 0.3279714373220176 0.3387792254951103
1 0.3292393404619985 0.3387792254951103 0.3324090809000037 0.274093204945906 0.37108000478579106 0.27504447264355425 0.3691781674877666 0.337827957797462
1 0.36921286719700486 0.34066394986888776 0.3717139737677283 0.274093204945906 0.4116528007934965 0.27504447264355425 0.409750963495472 0.3368766900998138
1 0.4097340573653022 0.34066394986888776 0.41228673495154006 0.2769470080388507 0.44968979052124014 0.2778982757364989 0.44968979052124014 0.3406817608904068
1 0.22139613123096236 0.400589653638905 0.22907530581855617 0.3359254224021656 0.2671122607224064 0.3387792254951103 0.26267461714442036 0.4006114429513699
1 0.2636294843641174 0.4014457351213338 0.26964806700236804 0.33782795779746205 0.30831899088815534 0.34068176089040675 0.3038813473101693 0.40156271064901805
1 0.3047213955207006 0.400589653638905 0.30958689402813616 0.3387792254951103 0.34952572105390445 0.337827957797462 0.3463559806158991 0.3987089075560734
1 0.3463840276655697 0.4023018166037626 0.35015969003584163 0.3387792254951103 0.3900985170616097 0.3397304931927585 0.38819667976358524 0.39966017525372166
1 0.38883061392162893 0.3996601752537216 0.3907324512196534 0.3387792254951103 0.44588611592519123 0.3387792254951103 0.44588611592519123 0.40251395221939834
1 0.21340603739496006 0.4605153574089222 0.22146788697867137 0.3996601752537216 0.2766215168603157 0.4006114429513699 0.27154993912428604 0.4614923927099812
1 0.2727610201766914 0.4630836018562086 0.2778894200002966 0.4006114429513699 0.31846221600800184 0.3996601752537216 0.3140245376061223 0.460541125012333
1 0.3144236523215605 0.4605153574089222 0.31909615016604553 0.3977576398584251 0.3603028803317946 0.39870890755607336 0.35776707405183283 0.46054112501233296
1 0.3571331398937893 0.4595898573146847 0.3603028803317946 0.39870890755607336 0.403411447795568 0.4006114429513699 0.4002417073575627 0.4586385896170365
1 0.4017439635292999 0.4605153574089222 0.40467935093554874 0.3977576398584251 0.4452521121193605 0.40061144295136986 0.44398424380327317 0.46910248203663124 0.4420823716813552 0.4691024820366312 0.4382786970853063 0.45863858961703646
1 0.1945722447815261 0.5940640686678176 0.20244940952674625 0.5204707809460282 0.24175430239447082 0.5204707809460282 0.23668268983454754 0.5946694523444469
1 0.23623487692639522 0.5940640686678176 0.24238823655251449 0.5195195393756479 0.2854968040162879 0.5195195393756479 0.2804252262802582 0.5927669169491505
1 0.2801803930244079 0.5940640686678176 0.28422890087630703 0.5176170039803514 0.3279714373220176 0.5176170039803514 0.32416776272596876 0.5937182107740666
1 0.3258380720872781 0.5949201501502465 0.32987330944393556 0.5176170039803514 0.37171397376772825 0.5176170039803514 0.368544233329723 0.5937182107740666
1 0.36921286719700486 0.5932079871853889 0.3736158110657527 0.5176170039803514 0.4351089566473012 0.5166657624099711 0.43320708452538315 0.5937182107740666
1 0.1791627780978074 0.6711114020864113 0.18660067251282644 0.5927669169491504 0.24809378327048132 0.5946694523444469 0.24175430239447077 0.6726731945334585
1 0.24137136582096813 0.6711114020864113 0.24809378327048132 0.5937182107740666 0.2899344824181675 0.5908643815538539 0.2867647071562687 0.6707706591381618
1 0.2910240918018395 0.6719674835688401 0.2950060601541972 0.5927669169491504 0.3381146276179706 0.5918156753787699 0.33621279031994616 0.6726731945334585
1 0.3368467244779898 0.6717219007085422 0.3406504338979323 0.5918156753787699 0.3843929703436429 0.5918156753787701 0.383125067203662 0.6745757299287549
1 0.38566087348362366 0.6736244361038388 0.3900985170616098 0.5927669169491504 0.43193921620929593 0.5946694523444468 0.43193921620929593 0.6745757299287548
1 0.1688500633769886 0.7544819552585271 0.17518957907689267 0.6726731945334585 0.2189321155226033 0.6717219007085423 0.21386050296268005 0.7544819552585271
1 0.21740108431296123 0.756719550329293 0.22336975910058934 0.6726731945334585 0.26584439240631913 0.6707706591381618 0.26330858612635755 0.7535307136881467
1 0.2639425202844011 0.754481955258527 0.26964806700236804 0.6717219007085423 0.3146585065880595 0.6726731945334585 0.3102208630100734 0.7544819552585271
1 0.3104286054035594 0.7541513058820065 0.3146585065880595 0.6726731945334585 0.3577670740518329 0.6717219007085423 0.3545973336138276 0.7544819552585271
1 0.3595106103961449 0.7550073873644354 0.3628386866117561 0.6717219007085422 0.4262336346674355 0.6717219007085423 0.42496573152745465 0.7554331968289075
1 0.16758219506090136 0.8391445452038084 0.17328774177886822 0.7592382676195004 0.238584527132572 0.7592382676195004 0.23351294939654227 0.8391445452038084
1 0.23414688355458593 0.8381932513788921 0.238584527132572 0.7601895614444166 0.28296103256021976 0.757335732224204 0.2804252262802581 0.837242009808512
1 0.2804252262802582 0.837242009808512 0.2861307729982251 0.7601895614444166 0.3305072436019793 0.75828702604912 0.3279714373220176 0.837242009808512
1 0.32926239801699336 0.8371912096776017 0.33240908090000376 0.7611408030147969 0.3774195204856952 0.7601895614444166 0.37551768318767065 0.8353394744132155
1 0.37663224004472123 0.8371912096776017 0.37932135778371956 0.7601895614444166 0.4262336346674355 0.7592382676195004 0.42369782838747383 0.8381932513788923 0.4198941537914249 0.8343881805882994