0 0.2987240350734421 0.9511157138305798 0.2927278105155561 0.8922506339549924 0.36073106690987744 0.8815896041586676 0.36276102068700977 0.942509762471782
1 0.5810705263015122 0.6523218541814569 0.58504031810999 0.5754654258852984 0.6337589857444655 0.5769883942871182 0.6296990781902008 0.6561847590504383
1 0.6304126315646701 0.6536924682165447 0.6327440367329873 0.5739424574834787 0.6824777648872924 0.5769883942871183 0.6784178573330277 0.6546617069874231
1 0.6770135087576526 0.6536924682165447 0.6824777648872923 0.5769883942871182 0.7301814835102896 0.5769883942871182 0.7271366364758544 0.6500927181207681
1 0.727269356710869 0.6509512401463693 0.731196544030119 0.5769883942871183 0.8235591342416783 0.5769883942871183 0.8164542681446271 0.6500927181207682
1 0.5746743274711029 0.7839008015498781 0.5759055539899818 0.7033978671023927 0.5819953595672036 0.7033978671023927 0.5840252575901604 0.711012960095078 0.6215793745900223 0.7125359284968978 0.6185344160472359 0.7795482114008778
1 0.6203614619740269 0.7839008015498781 0.6225943236015008 0.7110129600950779 0.6702980422244978 0.7140589805599131 0.6672531951900625 0.7780251593378624
1 0.6669623391670093 0.7784183454095271 0.670298042224498 0.7140589805599131 0.7190168213673246 0.7140589805599131 0.7139419648015815 0.7780251593378624
1 0.7135632163599918 0.7825301875147903 0.7190168213673247 0.711012960095078 0.8073195040246189 0.7094899080320628 0.8002147494359189 0.7780251593378623
1 0.5748904934701523 0.8541755036363474 0.5759055539899819 0.7825942318657128 0.6611632781044898 0.7795482114008779 0.6560884215387465 0.8526524515733324
1 0.657103370550225 0.8526524515733324 0.6611632781044898 0.7780251593378624 0.7068370987045302 0.7795482114008778 0.7017622421387869 0.8465604106436623
1 0.7035120467693485 0.8510608892691763 0.7068370987045302 0.7825942318657128 0.7535258683160491 0.7810711798026976 0.7484510117503057 0.8480834627066776
1 0.7491991812722725 0.8510608892691763 0.7525109193045707 0.7825942318657128 0.7981847399046109 0.7810711798026977 0.7920949343273892 0.8465604106436623
1 0.5728605954471955 0.9196647344773123 0.5748904934701523 0.8511294831715126 0.6581184310700545 0.8511294831715126 0.6560884215387466 0.9196647344773122
1 0.6559974268863076 0.9195915910235622 0.6571033705502249 0.8465604106436623 0.7058221496930518 0.8480834627066774 0.7007472931273084 0.918141682414297
1 0.7007472931273083 0.9196647344773123 0.7037922516700947 0.8511294831715124 0.7464211137273488 0.8496064311084975 0.7443911041960408 0.9166187140124773
1 0.7428029824418632 0.9141091348832113 0.7474360627388273 0.8511294831715126 0.7910799853159108 0.8480834627066774 0.7849900682303381 0.9105266730828071
2 0.34411598614530986 0.3355358837896531 0.34257233086518735 0.25871561469110754 0.3771426928105128 0.26021920572534635 0.37864574245271687 0.3369026582029186
2 0.37794466768391444 0.33485931015888104 0.3766416579152255 0.26021920572534635 0.41121201986055095 0.26021920572534635 0.4137171117715008 0.3361508575236094
2 0.41421814666678797 0.3346472561649908 0.41271509702458387 0.2594674153704168 0.4482874737168261 0.25946741537041673 0.4497905233590301 0.3346472561649908
2 0.4501125216329374 0.33688903105119733 0.4487885086121134 0.2594674153704168 0.4838598779308972 0.2594674153704168 0.4833588430356099 0.3346472561649908
2 0.4848619201996428 0.3361508575236094 0.4838598779308971 0.2564602229775594 0.5199332619965977 0.25721201333248894 0.520434324413714 0.3361508575236094
2 0.34321388797094704 0.33485931015888104 0.37864574245271687 0.3361508575236094 0.3806498269902083 0.4098270969595648 0.34607946504488285 0.4098270969595648
2 0.37794466768391444 0.33485931015888104 0.41371711177150067 0.33539905684430016 0.4152201889355337 0.40907529628025563 0.3796477847214626 0.4098270969595648
2 0.4140285946584259 0.3335061628973368 0.4497905233590302 0.3338954554856816 0.4502915582543175 0.4083234956009463 0.41421814666678797 0.40907529628025563
2 0.44921042345857465 0.33418273652810887 0.4843608853043555 0.3346472561649908 0.4843608853043555 0.4075716949216371 0.4492895159855717 0.4075716949216371
2 0.483941203171542 0.33485931015888104 0.5194322546231394 0.33389545548568156 0.5184302398762225 0.4083234956009463 0.4833588430356099 0.40907529628025563
2 0.34637123158121685 0.41198870406689936 0.3806498269902083 0.4113306983181835 0.3831549189011581 0.47824075228911483 0.34758254220891593 0.4789925323196648
2 0.38065096220700273 0.4099589831745831 0.4147191540402463 0.4098270969595648 0.41672323857773774 0.4782407522891148 0.3826539115276996 0.4774889722585649
2 0.4144796437456073 0.4072526886514947 0.4502915582543175 0.4098270969595649 0.4517946078965216 0.47748897225856507 0.4162222312042794 0.47748897225856507
2 0.449661472545756 0.4086058359130389 0.48285783566215146 0.4083234956009463 0.48536292757310123 0.47673715093049635 0.4507925656277759 0.4774889722585649
2 0.48303910499717917 0.40792926228226684 0.5184302398762226 0.4090752962802557 0.5184302398762226 0.4759853708999464 0.4843608853043555 0.4759853708999464
2 0.35133277154021214 0.5155044695750293 0.38415696116990383 0.5150788823314724 0.3861610457073953 0.5767263315472388 0.35509781794176526 0.575974551516689
2 0.38335725673009113 0.5161810432058014 0.41722427347302504 0.5165824836900909 0.41872732311522914 0.5782299329058574 0.3846579960651911 0.5782299329058574
2 0.4171859382686957 0.5175341904673455 0.4502915582543175 0.5150788823314723 0.4507925656277758 0.5782299329058574 0.41872732311522914 0.5774781528753075
2 0.4501125216329374 0.5148278959442572 0.48235680076686416 0.5158306623620222 0.4833588430356099 0.5782299329058574 0.4512936005230632 0.5789817542339261
2 0.48168595773563505 0.5148278959442572 0.5169271627121895 0.5135752809728538 0.5164261553387312 0.5804853555925445 0.4833588430356099 0.5812371356230944
2 0.3544901151504819 0.5763960963445174 0.3856600108121079 0.5774781528753075 0.38916717251363225 0.6413810247777613 0.35609986021051093 0.6413810247777614
2 0.3856125021659981 0.5763960963445174 0.41822628821994184 0.5782299329058574 0.4192283304886876 0.6413810247777613 0.38916717251363225 0.6406292034496927
2 0.4176369873558771 0.5784258172368337 0.4507925656277759 0.578981754233926 0.4507925656277759 0.641381024777761 0.41922833048868763 0.6413810247777613
2 0.4505635707201189 0.5784258172368337 0.4838598779308972 0.5797335342644759 0.4838598779308971 0.6406292034496925 0.45229564279180895 0.6398774234191427
2 0.483941203171542 0.5791023908676058 0.515925120443444 0.5797335342644759 0.5154241130699855 0.6413810247777613 0.4833588430356099 0.6413810247777613
2 0.3571019024792567 0.6413810247777614 0.38916717251363225 0.6428846261363798 0.391672264424582 0.7045320753521462 0.3601080292854938 0.706035676710765
2 0.38922089486344924 0.6420237385294102 0.4197293653839749 0.6428846261363798 0.4197293653839749 0.7015248726349091 0.3906702221558364 0.7022766939629779
2 0.41944118370460265 0.6420237385294102 0.45179460789652154 0.6421328048083113 0.45279665016526727 0.7030284739935279 0.4207314076527206 0.7022766939629779
2 0.4505635707201189 0.6399940176370941 0.4838598779308972 0.6406292034496927 0.4848619201996428 0.7015248726349091 0.45229564279180895 0.7022766939629779
2 0.483941203171542 0.639317444006322 0.5149230781746982 0.6413810247777613 0.5144220708012397 0.7030284739935276 0.4848619201996428 0.7022766939629779
2 0.5696405297360069 0.35380337182049953 0.6276524893857278 0.354945812560063 0.6261494672653526 0.4414026222467574 0.5685321881825339 0.4414026222467574
2 0.6269237638080439 0.35447994545127165 0.6882758677529546 0.3511868091635167 0.6852697684685464 0.43764363949897045 0.6261494672653526 0.44065084221620754
2 0.6882664396647135 0.3510970772974112 0.7438890622982818 0.34817962709503897 0.7403819005967573 0.43463643678173336 0.6862717832154632 0.4368918388196612