0 0.5515461086643929 0.441440943738534 0.5495161548872607 0.302847430894517 0.625639170635936 0.29980141042968206 0.625639170635936 0.43230288234402897
0 0.6240164327342608 0.4343942226025096 0.6286841291787223 0.2982784001972645 0.7058221496930518 0.2952323797324294 0.7017622421387869 0.4292569037097915
0 0.700770818699173 0.4316529945323342 0.70683709870453 0.2906633908657747 0.7829601702073811 0.28609436016852213 0.773825406087373 0.4246878730125391
0 0.7747839765939099 0.427541152427071 0.7829601702073811 0.2921863592675945 0.935206201704732 0.28457134993610467 0.9189666829960238 0.42164185254770403
0 0.5500032748395239 0.5604907138305798 0.5485012058757821 0.4383949232736991 0.6956724365615653 0.4307798721116113 0.6916125290073004 0.5556663346944684
0 0.6916333917985883 0.5550082576902289 0.6977023345845221 0.4262108832449566 0.7728104570758947 0.4262108832449565 0.7636756929558866 0.5526203142296333
0 0.7638190643132081 0.5508964155849657 0.7728104570758947 0.4262108832449565 0.8469035190474378 0.4262108832449565 0.8326938983616863 0.5526203142296334
0 0.836004736827828 0.5522670296200535 0.8469035190474375 0.427733893477374 0.9209965810189807 0.4262108832449565 0.9047570623102725 0.5465283569611586
0 0.5545719882898164 0.6701398366375974 0.5545910672071793 0.5632813440259583 0.6256391706359359 0.5617583756241383 0.6246242216244575 0.6698918093115983
0 0.6246242216244576 0.671414777713418 0.6246242216244576 0.5602354072223188 0.6946574875500867 0.5602354072223188 0.6895825194759924 0.6698918093115983
0 0.6916125290073004 0.6698918093115984 0.6946574875500867 0.5587123551593033 0.7687505495216299 0.5571893867574836 0.7616456834245786 0.6698918093115983
0 0.7610778362430327 0.667398608567422 0.7687505495216298 0.5556663346944684 0.9108468678874941 0.5526203142296334 0.8966372472017428 0.6637997683819281
0 0.5627956725003427 0.8195367664621588 0.5637258313271875 0.741473081082233 0.6276691801672438 0.7429960494840527 0.6246242216244575 0.8221923305861775
0 0.6267576608044362 0.827760450672685 0.6296990781902008 0.7429960494840527 0.6926274780187789 0.7399500290192177 0.6895825194759924 0.8237153826491925
0 0.6907196491085298 0.8332429068130359 0.6936424270302574 0.741473081082233 0.7596157854016217 0.741473081082233 0.7535258683160491 0.8298073399176673
0 0.7555953801026818 0.8195367664621588 0.7616456834245786 0.738427060617398 0.8803976169846836 0.7384270606173982 0.8722779133845051 0.8069623119231977
0 0.5481757894594069 0.9237034331288254 0.5495161548872607 0.8358993808473374 0.6743579497787627 0.8282843715158476 0.6682681442015411 0.9181416824142971
0 0.6715310526173017 0.9086266787428605 0.6763879593100706 0.8252383510510125 0.690597579995822 0.8282843715158476 0.740331308150127 0.8282843715158476 0.7322114930415975 0.9074806526179722
0 0.7336655555412783 0.9113679068130359 0.7454061647158704 0.8282843715158476 0.8083345645444484 0.8252383510510124 0.7971697908931326 0.9105266730828071
0 0.8002147494359191 0.9090037046809872 0.8103644625674054 0.8206693621843575 0.8702479038531973 0.8191463101213423 0.8570532321789242 0.9059576842161524
0 0.5554857309798749 0.9963459769884745 0.5545910672071793 0.9257566917457869 0.6154894575044495 0.921187702879132 0.6124446104700141 1
0 0.6139652631436175 0.9949753629533868 0.6154894575044495 0.9166187140124772 0.6763879593100705 0.9135726935476423 0.6702980422244978 0.9958149951146018
0 0.6733585379974186 0.9908635208481237 0.6763879593100707 0.912049641484627 0.7372863496073407 0.912049641484627 0.7301814835102897 0.991246006247947
0 0.7322114930415977 0.9897229541849321 0.7383012986188192 0.9120496414846269 0.8590832417102322 0.9059576842161524 0.8489334170703946 0.988199985783112
0 0.034652397646541495 0.30829773137443944 0.0034602614639086195 0.12008674680218527 0.12018224124688112 0.12008674680218522 0.14454163081829455 0.302847430894517
0 0.14521526314361752 0.3041858892691763 0.12119724601253513 0.12160975703460278 0.282578041629894 0.12008674680218522 0.29678771806982085 0.29827840019726454
0 0.29689654969332513 0.3000740471639131 0.282578041629894 0.11704072633735017 0.4388840364356853 0.10790270677344288 0.44598884677856093 0.2921863592675945
0 0.06537365652683269 0.47190106472568905 0.033909456612543694 0.307416419761172 0.14454163081829452 0.3043704411269347 0.16788601562405392 0.468855044260854
0 0.1717138011553134 0.4741420296200535 0.1465715845954269 0.3013244206620996 0.2988176160927778 0.2982784001972645 0.3099823339899183 0.46276300333118386
0 0.3106026900442023 0.4590652752340886 0.2988176160927778 0.29675538996484707 0.4470037957900393 0.2891403806333571 0.45309365712143657 0.45514799399969397
0 0.08947695905005026 0.6153152752340886 0.0633437027497003 0.47190106472568905 0.1638261080697891 0.47190106472568893 0.18311064107545924 0.6150636082669583
0 0.19181614033659997 0.6139446611990008 0.17093091841266478 0.46580902379601896 0.31099733875557223 0.45971698286634866 0.32317700566419116 0.6059255468724531
0 0.3243088303950795 0.6057209769884745 0.3109973387555722 0.4597169828663487 0.4510637033443041 0.455147993999694 0.4561385599100474 0.5998335059427833
0 0.11597549706174616 0.8195367664621588 0.09683785644112174 0.707966939630243 0.1922454051954673 0.7064438875672279 0.21051493343548344 0.8221923305861776
0 0.21009099413776955 0.8250192226025096 0.19427535897259973 0.7064438875672276 0.3231770056641911 0.6988288782357381 0.33231176978419924 0.8176233417195228
0 0.33161877191554734 0.8113130822516325 0.32419201042984513 0.7003519302987533 0.4500487543328259 0.6927368373060679 0.4541086618870905 0.7963012821268728
0 0.1369915789330912 0.9237034331288254 0.11916729223540272 0.8206693621843575 0.21051493343548347 0.8206693621843575 0.22269460034410243 0.921187702879132
0 0.2219696491085298 0.92096220505865 0.21051493343548347 0.8206693621843576 0.33231176978419924 0.8161002896565074 0.34043158489272884 0.9150956619494621
0 0.3407561988161321 0.9168503629533868 0.3333267745498532 0.8084852803250174 0.4541086618870905 0.7947782300638577 0.45816851368718 0.9090037046809873
0 0.13881906431320815 0.9250740471639132 0.22472455412123477 0.921187702879132 0.23487426725272129 1 0.1496164873840378 1
0 0.22471087717870522 0.9195915910235622 0.3414465339042073 0.9150956619494619 0.34855134424708295 1 0.2348742672527212 1
0 0.34258368419624907 0.9154797489182991 0.4571535646757015 0.915095661949462 0.46222842124144475 1 0.35058129802421545 1