0 0.09587315788045961 0.2699205383919833 0.21660473901270513 0.26934128944252717 0.2338593182412429 0.4277338934773741 0.1191672922354027 0.427733893477374
0 0.2174009356582374 0.26717931032180786 0.33738662634994254 0.2662952689776921 0.35159630278986936 0.42316486278012155 0.2338593182412429 0.427733893477374
0 0.3407561988161321 0.2493613278656675 0.4277193185385447 0.2464962196174598 0.4348241288814204 0.40336577158929154 0.3515963027898694 0.40336577158929154
0 0.4275617543716877 0.2425082576902289 0.5099321956186174 0.24040417868778974 0.5119621493957499 0.39575076225780176 0.433809179869942 0.39575076225780176
0 0.11871672513192161 0.42891176646215873 0.20239511832695378 0.427733893477374 0.21558979000122674 0.5556663346944684 0.1364218157097649 0.5526203142296334
0 0.20186730992724325 0.427541152427071 0.28156309261841567 0.42773389347737417 0.2927278105155561 0.5602354072223186 0.21558979000122674 0.5602354072223187
0 0.28227666665238943 0.427541152427071 0.39321021583564486 0.424687873012539 0.399300077167042 0.5648043960889736 0.2937427595270345 0.5648043960889735
0 0.3955807602196409 0.417946854181457 0.508917246607139 0.4185958320828689 0.5099321956186174 0.5587123551593034 0.40234497995565294 0.5602354072223187
0 0.13059538010268185 0.5687143980411061 0.23791922579550762 0.5708964370186437 0.2511138974697806 0.6973059098339179 0.146571584595427 0.6927368373060677
0 0.23750327483952394 0.5700850120761938 0.34652139046995056 0.5678504165538084 0.35768610836709097 0.6912138689042481 0.25009889270412655 0.6942598893690832
0 0.346238654956483 0.5673437840060184 0.42873426755002314 0.5632813440259582 0.43177922609280966 0.6820758075097428 0.35667115935561255 0.6881678484394129
0 0.4297492723156772 0.5648043960889737 0.5089172466071389 0.5587123551593036 0.5099321956186175 0.6835988595727583 0.43380917986994205 0.6881678484394129
0 0.16988631577519644 0.774306503304264 0.2673534719326643 0.7704101500063729 0.2785181898298048 0.8785435836938323 0.18412559008693766 0.8724515427641623
0 0.2676567836114538 0.7701946611990008 0.3688508262642316 0.768887181604553 0.37798559038423957 0.8739745111659821 0.2775031850641508 0.8754975632289973
0 0.3745646783482959 0.7660828190937377 0.4449738977670824 0.7643181090767027 0.4439588930014285 0.8282843715158474 0.37900059514989354 0.8374224329103525
0 0.44675035086291576 0.7633415910235622 0.5119621493957499 0.7597491202100478 0.5129770984072284 0.8374224329103526 0.4449738977670825 0.8435143901788275
0 0.17093091841266475 0.8846355409623071 0.24096412858411853 0.8800665520956522 0.2551737492698698 0.9760159039237716 0.1861555438640701 0.9836309132552615
0 0.24024450290969937 0.8798437840060184 0.31302729253270467 0.8739745111659821 0.32216205665271264 0.9668778425292667 0.2561887540355238 0.9699238629941018
0 0.3197401169447871 0.8743613278656676 0.4185845544185367 0.8694055222993272 0.4206145081956691 0.9699238629941017 0.33129682077272077 0.974492935521952
0 0.41933807016116137 0.8702494857604044 0.5129770984072283 0.8678825538975077 0.5129770984072283 0.9684008945922818 0.42365941098427995 0.9684008945922818
0 0.1909023976465415 0.984010450672685 0.2815630926184156 0.971446915057117 0.28663794918415886 1 0.1932603542069457 1
0 0.2841041520325064 0.9703043103218079 0.3759556366071071 0.971446915057117 0.37798559038423957 1 0.28663794918415886 1
0 0.3773059064184713 0.9716749243568956 0.4449738977670825 0.9684008945922818 0.4449738977670824 0.9988610155794366 0.380015544161372 0.9988610155794366
0 0.4449228654827988 0.9703043103218079 0.5129770984072284 0.9668778425292667 0.5129770984072283 1 0.4470037957900393 1
1 0.5591407017401088 0.15890080154987804 0.5606808727844012 0.030229394073138037 0.6175194670357574 0.030229394073137992 0.6144745084929711 0.15663886688841247
1 0.6139652631436175 0.15478895944461488 0.6185344160472359 0.028706404756019332 0.6733430007672843 0.027183394523601738 0.6672531951900627 0.1566388668884125
1 0.6672531951900625 0.15359284642357757 0.6733430007672843 0.027183394523601846 0.7291665344988113 0.028706404756019318 0.724091677933068 0.15206983619115994
1 0.7251066269445463 0.14902385755692263 0.731196544030119 0.030229394073137975 0.8042746569901837 0.028706404756019318 0.7951398928701755 0.15206983619115994
1 0.5417795906289976 0.271291152427071 0.5454563030871712 0.1566388668884125 0.6215793745900223 0.15663886688841258 0.6185344160472358 0.26629526897769207
1 0.6212752046640854 0.271291152427071 0.6246242216244575 0.1566388668884125 0.6784178573330277 0.15663886688841244 0.6733430007672843 0.269341289442527
1 0.6760997660675941 0.26854992435689556 0.679432806344506 0.15511585665599495 0.731196544030119 0.15663886688841247 0.7251066269445463 0.26934128944252717
1 0.7271366364758545 0.26781827921010953 0.731196544030119 0.155115856655995 0.7860051287501674 0.15511585665599506 0.777885313641638 0.2708642996749447
1 0.5413963955329066 0.3759516710669717 0.5434263493100389 0.2723873099073622 0.59214507269869 0.27086429967494463 0.5911301236872115 0.3744286608345542
1 0.5901151746757333 0.37290569243273436 0.5941750822299979 0.26934128944252717 0.64593870840726 0.2693412894425271 0.6428937498644736 0.3759516710669717
1 0.6428937498644738 0.3744286608345542 0.64593870840726 0.26781827921010953 0.6987172835960006 0.26934128944252717 0.6936424270302574 0.37595167106697164
1 0.6943746198687637 0.37271659102356225 0.6997323441158302 0.26781827921010953 0.7707804475445866 0.26934128944252717 0.7636756929558866 0.37138268220031684
1 0.5417795906289976 0.5275959769884745 0.5424113445443848 0.4353489028088641 0.5911301236872115 0.43382589257644644 0.5891001141559038 0.5297752862351638
1 0.5901151746757333 0.5267292657703287 0.59214507269869 0.43230288234402897 0.6428937498644738 0.43382589257644644 0.636803944287252 0.5267292657703287
1 0.6388338423102089 0.5252062137073137 0.6408638518415168 0.43382589257644644 0.688567570464514 0.4323028823440289 0.6855227234300786 0.5236832453054937
1 0.6875526214530356 0.5084531429813185 0.690597579995822 0.43230288234402897 0.7494660722701353 0.4292569037097916 0.7484510117503057 0.5038841541146636
1 0.5342915851900308 0.6150636082669586 0.5332765804243769 0.5297752862351637 0.6002648878072196 0.5267292657703289 0.6002648878072195 0.6120175878021236
1 0.6012798368186981 0.6074485152742732 0.6033098463500062 0.5252062137073137 0.6489836669500465 0.5236832453054938 0.6459387084072601 0.6089715673372883
1 0.6479686064302169 0.6059255468724535 0.6520285139844817 0.5221601932424784 0.6987172835960008 0.5191142564388388 0.6946574875500868 0.607448515274273
1 0.6977023345845221 0.6059255468724535 0.7017622421387871 0.5191142564388388 0.749466072270135 0.5145451839109888 0.7443911041960408 0.6044024948094383
1 0.5393664417557741 0.694259889369083 0.5393664417557741 0.6150636082669585 0.5840252575901604 0.6150636082669585 0.5819953595672035 0.6927368373060678
1 0.5860552671214685 0.6927368373060679 0.587070216132947 0.6104945357391083 0.6307141387100303 0.6104945357391083 0.6276691801672439 0.6927368373060678
1 0.6304126315646701 0.6920696611990008 0.6327440367329872 0.6059255468724535 0.6763879593100706 0.6044024948094381 0.6743579497787627 0.6896908168412329
1 0.6763879593100706 0.688167848439413 0.6804477553559846 0.6059255468724534 0.7443911041960409 0.6028795264076181 0.740331308150127 0.685121827974578