1 0.4476640935529742 0.6468393980411061 0.4886177645899904 0.648569666057753 0.48963271360146887 0.7094899080320628 0.4480188005556934 0.7094899080320629
1 0.48695502922548883 0.6468393980411061 0.527186774847155 0.6470466976559333 0.527186774847155 0.7049209191654079 0.48658781081285807 0.704920919165408
1 0.527159707588062 0.6454687840060184 0.5667707898699738 0.6455237292541134 0.5667707898699738 0.7003519302987532 0.5292167286242875 0.7003519302987531
1 0.5673643859506351 0.6454687840060184 0.6073696423959198 0.6455237292541135 0.6063546933844414 0.7033978671023926 0.5667707898699738 0.7018748987005732
1 0.6084828070032666 0.6482100120761938 0.6621782271159683 0.6455237292541135 0.6621782271159683 0.7033978671023927 0.6063546933844414 0.7033978671023927
1 0.4476640935529742 0.7085170296200535 0.5058722880643526 0.7094899080320628 0.5048573390528742 0.7673641295415377 0.4510637033443041 0.7688871816045529 0.4480188005556934 0.7186279694265679
1 0.5070573684067754 0.7057758015498781 0.5454563030871713 0.7049209191654078 0.5454563030871713 0.7627951406748829 0.5048573390528742 0.7643181090767027
1 0.5454345613892315 0.7044051875147903 0.58504031810999 0.704920919165408 0.583010308578682 0.7643181090767027 0.5454563030871713 0.7643181090767027
1 0.5847254970617461 0.7044051875147903 0.6215793745900223 0.704920919165408 0.6225943236015008 0.7597491202100477 0.5840252575901604 0.762795140674883
1 0.6212752046640854 0.7057758015498781 0.6621782271159683 0.7049209191654079 0.6571033705502248 0.7597491202100478 0.6195493650587143 0.7567030997452128
1 0.4476640935529742 0.7701946611990008 0.48760275982433654 0.7673641295415378 0.48760275982433643 0.8237153826491926 0.4510637033443041 0.8237153826491926
1 0.48695502922548883 0.7701946611990008 0.5271867748471551 0.768887181604553 0.5261717700815012 0.8221923305861774 0.48760275982433643 0.8237153826491925
1 0.527159707588062 0.7660828190937377 0.5667707898699739 0.7643181090767027 0.5647407803386658 0.8206693621843576 0.5251568210700228 0.8206693621843576
1 0.5664506432605766 0.7633415910235622 0.6053397443729629 0.7627951406748829 0.603309846350006 0.8206693621843576 0.5647407803386657 0.8206693621843576
1 0.6057415789330912 0.7592297489182991 0.6591333800815331 0.7597491202100477 0.6560884215387466 0.8115313007898525 0.6053397443729631 0.8176233417195228
1 0.45040532162314967 0.8250192226025096 0.5038423342872203 0.8237153826491925 0.5038423342872204 0.8770205316308172 0.4510637033443041 0.8785435836938323
1 0.5034023976465415 0.823648608567422 0.542411344544385 0.8237153826491925 0.5413963955329066 0.8785435836938323 0.5038423342872204 0.8754975632289972
1 0.5417795906289976 0.823648608567422 0.5819953595672035 0.8237153826491925 0.5799653500358957 0.8754975632289973 0.542411344544385 0.8739745111659821
1 0.5819842689915707 0.823648608567422 0.6205643140701927 0.8191463101213424 0.6185344160472359 0.873974511165982 0.5809804105557252 0.872451542764162
1 0.6212752046640854 0.818166152427071 0.6550734725272681 0.8115313007898525 0.6530434629959603 0.8678825538975076 0.6195493650587143 0.8694055222993273
2 0.4366991812722725 0.34667492435689556 0.4936926211557337 0.3470145603122342 0.4967375239443446 0.4307798721116113 0.43888403643568535 0.4307798721116113
2 0.4933512280558982 0.34393369628672016 0.5515461086643929 0.33939955098074437 0.5515461086643929 0.4262108832449566 0.4947075701672122 0.4292569037097916
2 0.5509170175295824 0.339821854181457 0.6033098463500062 0.3409225612131619 0.6063546933844414 0.4231648627801216 0.5515461086643929 0.4262108832449565
2 0.43944040934244794 0.4316529945323342 0.4967375239443445 0.4292569037097916 0.4977525287099985 0.5084531429813186 0.4429439439899501 0.5114991634461535
2 0.49609245612607367 0.42891176646215873 0.551546108664393 0.4292569037097915 0.552561113430047 0.505407206177679 0.49572257493286626 0.505407206177679
2 0.5527445029096993 0.4261705383919833 0.6063546933844415 0.4262108832449565 0.6043247953614845 0.5023611857128439 0.551546108664393 0.5038841541146637