0 0.6231026900442023 0.6125740471639132 0.6296990781902008 0.4444869642033689 0.7342413910645544 0.4460099326051888 0.7220617799101109 0.6150636082669586
0 0.7236143859506351 0.5947560647077728 0.7342413910645544 0.4475329846682041 0.7281515854873326 0.43534890280886396 0.8702479038531972 0.4307798721116113 0.8580681811904027 0.5952645170761286
0 0.857020818699173 0.5879029945323342 0.8732928623959836 0.4307798721116113 1 0.424687873012539 0.9991495505447885 0.5724194054204635 0.9981346015333102 0.5906954445482782
0 0.6063546933844415 0.7612720886118677 0.6093996519272278 0.6120175878021235 0.7535258683160491 0.6089715673372884 0.7443911041960408 0.7597491202100478
0 0.7464211137273488 0.7475650383507078 0.7535258683160491 0.6028795264076182 0.8996822057445292 0.6104945357391083 0.8844575245389484 0.762795140674883
0 0.8885174320932132 0.7475650383507078 0.9006971547560075 0.5998335059427833 0.9991495505447885 0.5998335059427834 0.9778351752703371 0.746042069948888
0 0.6093996519272278 0.8922506339549924 0.6124446104700141 0.7597491202100477 0.7058221496930518 0.7597491202100477 0.6987172835960006 0.8907275818919771
0 0.7017622421387869 0.8892046134901573 0.7088671082358381 0.7582260681470326 0.7880350267731246 0.7536570792803776 0.8428436114931729 0.7582260681470326 0.8316789493502079 0.8876815614271422
0 0.8314360233775356 0.8866968541814569 0.8428436114931731 0.7567030997452128 0.8854724735504268 0.7612720886118677 0.8864875340702565 0.7506110588155427 0.9808800223047722 0.7490880904137228 0.9615955450532778 0.8846355409623071
0 0.593862923962331 0.99908720505865 0.5941750822299979 0.9501248554644672 0.6033098463500062 0.9836309132552615 0.7149569138130599 0.979061924388607 0.7149569138130599 1
0 0.7217869005705181 1 0.7220617799101109 0.979061924388607 0.8499484775902241 0.9744929355219519 0.8469035190474375 1
0 0.8497108771787052 1 0.8509634266017024 0.9744929355219519 0.9321613546702969 0.9699238629941018 0.928101447116032 1
2 0.31699888887461164 0.34393369628672016 0.3749406875956287 0.34549159191041456 0.3810305489270259 0.4307798721116113 0.3221620566527127 0.4307798721116113
2 0.3791333917985883 0.43028238049724643 0.3749406875956287 0.34396858167799693 0.432794175104288 0.34396858167799693 0.43583913364707444 0.4292569037097916
2 0.435785438582214 0.43028238049724643 0.432794175104288 0.340922561213162 0.4906477183671227 0.33939955098074437 0.4947075701672122 0.4262108832449565
2 0.326221908452802 0.5175912043758237 0.32317700566419116 0.4307798721116113 0.3810305489270259 0.43077987211161134 0.3850904007271153 0.5175912043758236
2 0.38461584793893916 0.515260450672685 0.381030548927026 0.4307798721116113 0.43583913364707433 0.4307798721116113 0.43888403643568535 0.5130222155091687
2 0.43944040934244794 0.5097779945323342 0.4368540826585528 0.42621088324495654 0.4936926211557338 0.4262108832449565 0.4967375239443445 0.5084531429813185
2 0.3373866263499426 0.6287706585281185 0.33535672832698554 0.5632813440259583 0.38712035450424764 0.5632813440259583 0.390165313047034 0.6287706585281183
2 0.390165313047034 0.6302936269299382 0.38712035450424764 0.5632813440259584 0.44192893922429616 0.5648043960889737 0.44598884677856077 0.627247606465103
2 0.44583660817285725 0.6249095734797026 0.4439588930014286 0.5648043960889736 0.498767477721477 0.5632813440259582 0.4997824824871309 0.6226786175984481
2 0.3407561988161321 0.7002933454095271 0.3384016311155964 0.6287706585281184 0.3911802620585124 0.6287706585281184 0.3942251648471234 0.7003519302987532
2 0.3962551186242557 0.6988288782357381 0.39321021583564486 0.6302936269299381 0.4449738977670825 0.6302936269299382 0.44700379579003935 0.7003519302987532
2 0.4476640935529742 0.7002933454095271 0.44497389776708235 0.6257246380632833 0.4997824824871309 0.6226786175984484 0.49978248248713086 0.695782857770903