2 0.29983262085843176 0.3462525363688059 0.36073106690987744 0.34320650518196455 0.3647909187099667 0.4361102053961536 0.3038925284126966 0.43915619475225
2 0.3608585379974187 0.3425630822516324 0.4175696054070583 0.34320650518196466 0.4226444619728015 0.4330641742093123 0.36377596969848836 0.43306417420931237
2 0.4175105847810444 0.3425630822516324 0.4794830004699824 0.33863750023244765 0.4835429080242472 0.430018143022471 0.42264446197280164 0.4330641742093123
2 0.3069477192839684 0.43576483663759735 0.3647909187099667 0.43458718980273287 0.370880780041364 0.518352754625653 0.3130272925327047 0.5198758120498187
2 0.3654272514477111 0.4343942226025096 0.424674415749934 0.43001814302247093 0.4277193185385448 0.5153067234388119 0.3688508262642315 0.5168297808629775
2 0.42207929823133683 0.43028238049724643 0.48252790325859324 0.42849512742905044 0.48455785703572574 0.5122607759134605 0.42670436952706636 0.5137837496761362
2 0.3188263742547286 0.5755674682165447 0.3749406875956287 0.5701351174789749 0.3779855903842397 0.6280095427059791 0.3241920104298452 0.6295326001301448
2 0.37639216372841283 0.5700850120761938 0.43076422132715575 0.5670891699536236 0.43177922609280966 0.6264865689433036 0.37798559038423957 0.6264865689433035
2 0.4312167251319216 0.5659731699709307 0.48557280604720415 0.5625200813426167 0.4886177645899904 0.624963511519138 0.433809179869942 0.6264865689433033
2 0.32522257308513797 0.6276508015498781 0.380015544161372 0.6264865689433035 0.3850904007271152 0.7056831288167069 0.3333267745498532 0.7072061862408725
2 0.38004713448864674 0.6262801875147903 0.4348241288814204 0.624963511519138 0.43685408265855286 0.7041601550540312 0.38306044694998287 0.7056831288167069
2 0.433957953202097 0.6276508015498781 0.4886177645899905 0.6249635115191379 0.4886177645899904 0.7026370976298653 0.4348241288814204 0.7026370976298656 0.432794175104288 0.6356246625038273
2 0.5372108771787052 0.30966834540952715 0.5901151746757332 0.30665425643210437 0.5891001141559037 0.4147880289190096 0.5363215389671632 0.41631104451243034
2 0.5911216958921556 0.305556503304264 0.6418788008529954 0.30513124083868365 0.6398489028300385 0.41021898213874775 0.5880851651444252 0.413265013325589
2 0.6413775438453719 0.3041858892691763 0.7200317703788033 0.30360822524526304 0.7159718628245383 0.40412696159581024 0.6398489028300384 0.4071729927826515
2 0.5362971344886468 0.41109378400601837 0.587070216132947 0.41326501332558907 0.5819953595672036 0.5046456561156124 0.5332765804243768 0.5015996249287711
2 0.5865529824418632 0.41109378400601837 0.6357889952757737 0.40869596654532714 0.6317290877215089 0.5000766511660956 0.5819953595672035 0.5031226823529368
2 0.6368088303950795 0.40835255593584296 0.7139419648015812 0.4056499771892308 0.7078520477160085 0.4955076462165785 0.6337589857444655 0.5000766511660953
2 0.5261717700815013 0.5381519155093764 0.5759055539899819 0.5366289417467007 0.5759055539899819 0.6264865689433035 0.5271867748471551 0.6264865689433035
2 0.5755880701611613 0.5344490471639132 0.6246242216244575 0.5320598531356939 0.6225943236015007 0.6234405377564619 0.5759055539899819 0.6234405377564621
2 0.6258439181143778 0.53033720505865 0.7007472931273084 0.5305368793730182 0.6936424270302574 0.6188715328069452 0.6225943236015007 0.6219175639937865
2 0.527159707588062 0.6276508015498781 0.573875544458674 0.6264865689433035 0.573875544458674 0.7056831288167069 0.5251568210700227 0.7056831288167069
2 0.5737605847810444 0.6262801875147903 0.6225943236015007 0.6219175639937865 0.6205643140701926 0.6995910664430239 0.5738755444586738 0.7026370976298653
2 0.6221889473541439 0.6207977313744394 0.6956724365615652 0.6188715328069452 0.6926274780187789 0.6980680926803486 0.6195493650587143 0.699591066443024
0 0.6824959648980035 0.8729907138305798 0.7697654985331085 0.877783347073554 0.7626606324360571 0.9554569331842816 0.6794328063445061 0.9508879282347646