1 0.2981014738567524 0.5451733729100078 0.3066126994727828 0.4423137715417335 0.37919111377425013 0.44732100274273195 0.37501995159995005 0.5474652829444682
1 0.3747065221841043 0.5485530073950381 0.37919111377425 0.4460691949424823 0.4517695280757174 0.44857277616115826 0.45010105404082373 0.5499688985449673
1 0.448307450969207 0.5519326418800683 0.4509352681453365 0.4485727761611583 0.5210109943073973 0.45232819956190723 0.522679468342291 0.5524725141454665
1 0.29209323477225424 0.6431827729758846 0.29993884915907637 0.5449617361076153 0.37585416570446273 0.5487171251265409 0.37084878942564997 0.6463578584914244
1 0.3709513727562929 0.644309317804228 0.37585416570446284 0.5462135095260418 0.45010105404082373 0.5487171251265409 0.44843258000593 0.6476096319098507
1 0.448307450969207 0.6488154971176017 0.44926679411044274 0.5512207407270402 0.5235136824468036 0.5524725141454665 0.5251821564816975 0.6488614053282771
1 0.28833808534444283 0.831315759309234 0.2940992129498826 0.7101998156313916 0.37585416570446273 0.7127034312318908 0.3716830035301627 0.8303730206371214
1 0.3709513727562929 0.831315759309234 0.37585416570446284 0.7101998156313916 0.4559406902500175 0.7089480422129651 0.4534380021106111 0.8303730206371214
1 0.4535646601681429 0.831315759309234 0.4542722162151237 0.7089480422129651 0.5343587407606785 0.7127034312318908 0.5351929548651911 0.8316248628191941
1 0.27932572671769557 0.9529826007703222 0.2865911027057953 0.8303730206371213 0.3716830035301627 0.8303730206371214 0.3666775814254818 0.9543016146617768
1 0.3664451934429192 0.955235690427009 0.37084878942564997 0.8278694050366219 0.4559406902500174 0.829121247218695 0.4526037421802301 0.9568052302622759
1 0.45206260039701834 0.9574887800836958 0.4534380021106111 0.8303730206371213 0.5360272147955721 0.831624862819194 0.5376956888304657 0.9605606192812014
0 0.6247994740763411 0.15426231747484473 0.6211191156199395 0.05425452244634585 0.7279011788979246 0.055506321651139647 0.7362435032465248 0.15439883702990517
0 0.7367029270251199 0.15651540713153156 0.7279011788979245 0.05550632165113963 0.8305119883498732 0.05550632165113963 0.8446939947335352 0.15064343082006795
0 0.8463532903172116 0.15088268298981453 0.831346202454386 0.05675812945138924 0.9030903568254721 0.06301715126172565 0.9206093112789213 0.15815426043065398
0 0.6315587430464016 0.2590309865107818 0.6261244918987523 0.15064343082006793 0.7395804513163121 0.15439883702990514 0.7495912038739375 0.2595503828144629
0 0.7502214649652408 0.2612840761674687 0.7395804513163119 0.15439883702990514 0.8488651569078353 0.15189523862031756 0.8663841113612848 0.2608021906147125
0 0.8666310972273931 0.2612840761674687 0.8480309428033225 0.15064343082006798 0.9231120452441962 0.158154260430654 0.9448021618719455 0.2633058062152117
0 0.6398200717875866 0.36379965554671895 0.6353011220036014 0.2582985750142133 0.7512597237346994 0.2620539984149621 0.7596020480832997 0.348428461577599 0.6453119662129635 0.348428461577599
0 0.7584827937064257 0.3480280279499112 0.7495912038739375 0.2595503828144629 0.8688867536748228 0.2608021906147125 0.8830687600584848 0.35218388497834785
0 0.882234545953972 0.35343569277859743 0.8672183254657976 0.2595503828144629 0.946470590080971 0.2633058062152117 0.9634328883832023 0.35343569277859743
0 0.6576648422804519 0.44153124870241417 0.7465319970609178 0.4373065403407352 0.7598796976883306 0.5699977545853147 0.6681139007243886 0.5687459811668882
0 0.7522946078612981 0.4325188900756669 0.8766725135239413 0.43480295912205913 0.8950256820819033 0.575004985786313 0.7648850739671436 0.5725013701858138
0 0.8777165987501977 0.4358985245606971 0.9976365831855885 0.4335511513218095 1 0.44356557934198315 1 0.575004985786313 0.895859896186416 0.575004985786313
0 0.6644241112505123 0.5665777246485327 0.7598796976883307 0.5674942077484618 0.7740617040719926 0.7214660514518149 0.6747877968639632 0.7189624358513157
0 0.7623824316536054 0.5712495967673874 0.892523039768365 0.5737532123678866 0.9150473705006271 0.7239696670523138 0.7757301322810182 0.7239696670523138
0 0.8964923458892546 0.5755900832752799 1 0.5737532123678865 1 0.7239696670523139 0.9175500128141654 0.7239696670523139
0 0.671934410106135 0.718661276474893 0.7707247560022054 0.7202142780333883 0.7824040284205928 0.8416392564575444 0.680627433073157 0.8441428720580436
0 0.7773986521417802 0.7227178936338875 0.9125446365353526 0.7252215092343867 0.9308978050933147 0.8378838674386189 0.7874094046994056 0.8403874830391179
0 0.914213064744378 0.7227178936338875 1 0.7214660514518147 1 0.8378838674386189 0.9300635909888021 0.8378838674386189