0 0.5664506432605766 0.8085718541814569 0.5703581038201112 0.64171664121602 0.6983084825940873 0.6447626724028612 0.6881536038559947 0.8077248807606746
0 0.6888921637284128 0.8140543103218079 0.7033858661811953 0.6493317610138681 0.8313362449551713 0.6493317610138681 0.8130576194160319 0.8122938857101917
0 0.8131611695763661 0.8167955383919833 0.833367153764464 0.649331761013868 0.9623330985069631 0.6478087035897024 0.9379615234121924 0.8138169431343569
0 0.569191871330752 0.9579687840060184 0.5703581038201111 0.8122938857101917 0.6912000786338102 0.8092478545233502 0.6851072406420556 0.9585029643711227
0 0.6852371929681789 0.9565981699709307 0.6932310990069793 0.8138169431343569 0.8120421650113857 0.8122938857101915 0.7998563774640004 0.9524109019974403
0 0.7994550292254888 0.949745099795492 0.8150885282253245 0.813816943134357 0.9288222106426227 0.8107709119475158 0.9095281306988373 0.9432728920984064
1 0.25943309940092746 0.5440433454095271 0.2545440302856943 0.430018143022471 0.3317204616247137 0.43154115861589165 0.33781329961646805 0.5457669516457345
1 0.33527374267578125 0.5440433454095271 0.33172046162471375 0.42849512742905044 0.40991234736837945 0.42697211183562966 0.4119433119596104 0.5427209204588933
1 0.4102006432605766 0.5440433454095271 0.4088968929637334 0.42544909624220906 0.4870887229254608 0.42392608064878845 0.49013519770327635 0.5396749729335419
1 0.26217432747110286 0.6536924682165447 0.25555948469034057 0.544243977883059 0.3337514262159447 0.5442439778830591 0.3388288098030527 0.6493317610138681
1 0.33618748536583976 0.6536924682165447 0.3317204616247138 0.5411979466962176 0.4109278017730259 0.5427209204588933 0.4119433119596104 0.649331761013868
1 0.41295876636425666 0.6493317610138681 0.41194331195961054 0.5381519155093765 0.4860732685208145 0.5381519155093765 0.4870887229254609 0.6447626724028612
2 0.31334391811437773 0.3273023914621342 0.3114108714943435 0.24554603097807098 0.3571074353421922 0.2440230153846504 0.3601538543380692 0.32474259085147433
2 0.3608585379974187 0.32593177742704643 0.3571074353421922 0.2424999997912298 0.42311358932041104 0.2394540104351335 0.42311358932041104 0.321696601495378
2 0.42311358932041115 0.321696601495378 0.42209807913382646 0.2379309948417129 0.484042359711522 0.2394540104351335 0.48708872292546096 0.3186505703085367