1 0.3477748423880289 0.393464796499586 0.3528511628536489 0.3341282625126544 0.45245621936337643 0.34105348855591705 0.449817667621089 0.39843399502284577
1 0.4522396120838761 0.3961357707247639 0.45311583918150666 0.3420428104438766 0.551401583585207 0.34501077610775527 0.5533805155093644 0.40140196068672446
1 0.3329360966925961 0.45578752842040393 0.33833920074083457 0.39150876897958314 0.41419732780485796 0.39645535124692666 0.4108991562444404 0.45878243998119894
1 0.41247177362011606 0.45845850264558174 0.41617622349413197 0.39249809086754267 0.4913747307400252 0.39843399502284577 0.4913747307400252 0.46372904942099674
1 0.4926010003754534 0.46291012635421164 0.4933536626641825 0.39843399502284577 0.5678925138570622 0.40140196068672446 0.5705310655993499 0.4647183713089563
1 0.3293747977256922 0.5207812345663997 0.3350409929455334 0.4538358577138554 0.4392634968868225 0.46175040564507763 0.43662494514453487 0.5250668434397636
1 0.46411060864022236 0.5270135077584814 0.4643296659687869 0.460761083757118 0.5692117534933225 0.4657076931969158 0.57119068541748 0.5300134257071073
1 0.3228457496197018 0.5866652654541215 0.32580609808241057 0.5201202068275116 0.4056220527598653 0.5250668434397636 0.4043027768887215 0.587393932174036
1 0.40534917568630835 0.5866652654541215 0.4082606045021529 0.5220988506034308 0.48873617899773764 0.5270454328707743 0.48807655917960746 0.5893725216050466
1 0.4884461515807322 0.5866652654541215 0.4900554911037649 0.526056138155269 0.5685521336751923 0.5300134257071072 0.5705310655993499 0.5953084529328039
1 0.3281876980700576 0.7139817035209352 0.3337217533092731 0.6398278020287127 0.4465194960606714 0.6467530280719753 0.444540564136514 0.7160053971944189
1 0.4457105639778856 0.717543002487839 0.4465194960606714 0.6447743842960563 0.556678687069782 0.6477423771323891 0.5579979267060423 0.7179839866254292
1 0.3026650554739131 0.7869883323424647 0.3086555842273087 0.7090801168062475 0.39638715789674245 0.7140267534184995 0.3917697104651811 0.7931722327307217
1 0.39572750184372885 0.7941615817911355 0.3983660535860164 0.715016048134005 0.4847783876191898 0.7169946919099242 0.4841187678010597 0.7971295202825598
1 0.48543800743732 0.7971295202825598 0.48543800743732 0.7160053971944189 0.57119068541748 0.7169946919099239 0.5731696173416372 0.7971295202825598
1 0.2973231070235573 0.8706788580647059 0.30337848074273366 0.7862345586490178 0.42277260284985063 0.7941491337526942 0.42079367092569325 0.8732946130649163
1 0.44986541277260683 0.8751304817733357 0.45179656331036294 0.7921704899767753 0.5711906854174799 0.7971170722441188 0.57185030523561 0.8742839621253301
1 0.2890134094341149 0.9597113322373029 0.29480320569774104 0.870326674573492 0.3884715026698799 0.8723053183494109 0.3845137112913321 0.9593653727653093
1 0.3871522630336197 0.9603546674808147 0.3917697104651811 0.8732946130649163 0.48279945569503246 0.8742839621253301 0.48213983587690235 0.9613440165412286
1 0.48369775295819367 0.9614919817207549 0.4841187678010597 0.8742839621253302 0.5751484767960278 0.8742839621253302 0.5751484767960277 0.9613440165412285
0 0.7312080311580135 0.7549366416403298 0.8741030551186113 0.7524022184634309 0.893232464662987 0.8968427793462582 0.7540492769584807 0.895853484630753 0.7448143820953579 0.9037680053895207
0 0.8742535396619858 0.749594693189974 0.9638135244773189 0.7484449309115928 0.9875604176881397 0.8948641355703392 0.8958710164052746 0.8968427793462582
0 0.9656602131458522 0.747814043706522 1 0.7454769924201684 1 0.8928854917944201 0.9888796573243998 0.8928854917944199
0 0.7175563851182152 0.6044717602886408 0.7982448918197044 0.6010364315373412 0.8147358220915597 0.7464662871356738 0.7296427639295299 0.7494342799720066
0 0.8065888592908121 0.600020136580011 0.8853168094361245 0.6000471096493816 0.9064252233744248 0.7454769924201684 0.8219917850305251 0.7464662871356736
0 0.8920600344965053 0.5964588376131071 0.974367658976702 0.5970791439855031 0.9967953125512623 0.7434983486442495 0.9130215664952599 0.7425090539287441
0 0.9745634605631119 0.5973491623548332 1 0.5970791439855031 1 0.7434983486442495 0.9981145521875228 0.7434983486442492
0 0.7015305397671477 0.47270369851319727 0.825949576409073 0.47440361029287764 0.8411211945749008 0.6000471096493816 0.7111729379684006 0.6059830138046849
0 0.8481373472380241 0.4673617500628414 0.92489501310067 0.4694570008530798 0.9440244226450459 0.5970791439855031 0.8635488481494612 0.599057787761422
0 0.9377633712384384 0.4557875284204038 1 0.45659587065451407 0.9994338642935499 0.5891645960542808 0.9585364209927438 0.5881752741663212
0 0.7044982889062342 0.36052278105572505 0.7771365503511711 0.36261056302289874 0.7890099969565815 0.4734142884049181 0.7177693173241195 0.4724249665169585
0 0.7780984675555811 0.3569614820888211 0.8516754015440507 0.3586532890572876 0.8655277800736186 0.4694570008530798 0.8477176101655031 0.4674783570771607 0.8444194386050854 0.4744036102928776 0.7923081685169991 0.47341428840491806
0 0.8558534949996492 0.3489485594132874 0.9281931846610879 0.34974941923810593 0.9460033545692033 0.45659587065451407 0.9374280795242105 0.4575851925424737 0.929512424297348 0.46747835707716073 0.8721241231944539 0.46648906236165544
0 0.9288601238211788 0.3560711573470952 1 0.35667464528136855 1 0.45659587065451407 0.9453437347510734 0.45659587065451407
0 0.6712594985484647 0.1993740028033245 0.7817539615478492 0.19939786386308492 0.7903292365928418 0.25578902126959985 0.7131518698925581 0.25578902126959985 0.6821489775078885 0.26073563070939754 0.6788507697125874 0.2696395005285794
0 0.7858146153172062 0.19225140486951675 0.8516754015440507 0.19544057631124664 0.8602506765890435 0.2567783431575594 0.7949467202592867 0.25479972655409455
0 0.851698646204928 0.19403205435296866 0.9176389776919379 0.19741922008716573 0.9295124242973483 0.25776766504551885 0.8622296085132007 0.25776766504551896
0 0.918176226920467 0.1993740028033245 0.9829429340216949 0.20038718575104447 0.9948163806271052 0.25875698693347854 0.9295124242973483 0.2567783431575594
0 0.6635433507868396 0.10232860595519377 0.7270042121872423 0.10541255623146957 0.7368987268684953 0.19741922008716573 0.6715947705387384 0.19445125442328703
0 0.7312080311580135 0.10232860595519377 0.796265959895547 0.10640187811942915 0.8087990987888543 0.19346193253532756 0.7434951424590975 0.19148331593186266
0 0.7964985122179178 0.1076705544055496 0.857612124846756 0.10838052189534825 0.8741030551186113 0.1944512544232871 0.8081394065009574 0.192472610647368
0 0.8588212441387357 0.10588990492209763 0.9664520762196064 0.10640187811942915 0.9869007978700094 0.19840854197512525 0.8747626749367414 0.19544057631124664
0 0.6421755569854163 0.042676848259553764 0.74151621053494 0.042096145609237745 0.7500914855799328 0.10442323434351 0.6649984274179032 0.10244459056759093 0.6597213239333282 0.1251989396457522 0.6504864290702053 0.12717758342167132
0 0.7472338765090809 0.02843165239193823 0.8068201668646968 0.031213645600364 0.8206725453942647 0.10838052189534823 0.7566878287007682 0.1034339124555504
0 0.8261760036087835 0.02487035342503437 0.8859765017240216 0.0252777278588338 0.9018077397079798 0.10541255623146963 0.8384827153023802 0.10442323434351003
0 0.8873116358739668 0.03199295135884212 0.9453437347510731 0.030224323712404466 0.9611749727350314 0.10739120000738868 0.9018077397079798 0.10640187811942917
0 0.6481110552635895 0.040005874034375874 0.6445497057675003 0 0.7052362146656956 0 0.7091940422791267 0.042096145609237766
0 0.709853662097257 0.04011750183331863 0.7039169387945516 0.0015340704789400938 0.7652631037457609 0 0.7692208951243087 0.031213645600364 0.7481125536557754 0.029235001824444915 0.745474001913488 0.039128179945359075
0 0.7697887699661388 0.027541327650212267 0.7639437916397336 0.001534070478940086 0.8233110246667851 0 0.8279285083332301 0.02527772785883378 0.8206725453942647 0.039128179945359075 0.8087990987888543 0.04011750183331861 0.8061605470465668 0.03121364560036399
0 0.8279566530922353 0.025760678166760337 0.8226514048486552 0 0.9136811863133901 0 0.9209371492523555 0.031213645600364 0.8886149809965421 0.03418159767801556 0.8859765017240215 0.02626704974679335