0 0.6137694416841524 0.48842011879147246 0.6167387905677272 0.38440185859875453 0.7085687598111722 0.3855592252779794 0.7031670417976986 0.48624984027918733
0 0.730947548093783 0.5232854468626696 0.7386643365583894 0.41333596200351935 0.8528730940844451 0.41217859532429457 0.8420695732781209 0.5209707452921483
0 0.815830921620008 0.370724514498938 0.8791101918199822 0.3728282553823626 0.8683066710136577 0.4723614719164173 0.845927967510424 0.4712041052371925 0.8528730940844452 0.4121785953242945
0 0.878324162837283 0.3686414064583622 0.9670818516105008 0.37167088870313764 0.9539632603530439 0.47351883859564226 0.8683066710136577 0.47236147191641736
0 0.6200187658058799 0.530082279602989 0.7155138863851932 0.5313870136172436 0.7085687598111721 0.6297628634720737 0.6151953820071797 0.6343923301889731
0 0.717924843712944 0.5363316037247166 0.8158323907632066 0.5371738152254396 0.8050288699568825 0.640179131797169 0.7116554921528903 0.6424938651556188
0 0.8181474612143397 0.5371738152254396 0.9122925009089172 0.5313870136172437 0.9007173182120077 0.6390217969058726 0.8050288699568826 0.6424938651556188
0 0.9123482608333549 0.5290407255827012 1 0.5256001802211194 0.9994924140294736 0.5915698584214382 0.9948623579065855 0.6297628634720737 0.9007173182120077 0.6378643984387193
0 0.607520117562425 0.7342268675794206 0.6105653258842914 0.6355496650802696 0.7116554921528901 0.63323493172182 0.71165549215289 0.6448085985140686 0.7209156891780439 0.645965933405365 0.7162855482757785 0.7304534784732816
0 0.737367185424985 0.7311022055185569 0.7432943926812777 0.6424938651556188 0.8505580236333125 0.641336530264322 0.842841235168706 0.7292960800061284
0 0.8637424065532523 0.7238113273765413 0.8760234594782641 0.6390217969058726 0.9825154285397137 0.6309202619392267 0.967081851610501 0.7246666768650855
0 0.5998820547469802 0.8248420673444691 0.6020767907497226 0.7397123483312239 0.6939068447725447 0.7397123483312239 0.6877333800891088 0.8299866950073364
0 0.689455700491741 0.8310913914661966 0.69467850666313 0.7385550134399274 0.7872802225765371 0.7385550134399274 0.7787916874419687 0.82882936011604
0 0.7804180849302189 0.826925175385045 0.7888235463577076 0.739712348331224 0.8806536003805296 0.739712348331224 0.8706217414647905 0.8265146267575901
0 0.8699917306749797 0.825883621364757 0.8829685860522852 0.7373976785486309 0.9724835696239745 0.7350829451901811 0.9585933164759324 0.8276719616488868
0 0.5853002984629494 0.9800336163673686 0.58664321382051 0.9005858399245547 0.5920450166133608 0.9005858399245547 0.5943600022851164 0.9110021082496501 0.6777015211733697 0.9121595067168032 0.6699847327087635 0.9804439182755718
0 0.6727908361671343 0.9914907105905356 0.6784731830639549 0.9121595067168032 0.7679881666356443 0.9110021082496502 0.760271378171038 0.9897028517093708
0 0.7602813738713192 0.9894076025499599 0.7679881666356443 0.9110021082496502 0.8536447559750305 0.9121595067168033 0.8451563056198386 0.9908601866006673
0 0.8463831728817869 0.9831582784282323 0.8544164178656156 0.9110021082496502 0.9377579367538689 0.9110021082496502 0.9254110921663743 0.9827586516340217
1 0.2668372599837968 0.26023002501002257 0.34535593690972244 0.2611642050034704 0.34761138199727853 0.33135514513605774 0.27036262005145734 0.332200821632163
1 0.34700154308750425 0.33100798382627056 0.3459198136684766 0.2603185285073651 0.42486014394309984 0.2586271871287184 0.42655171227190186 0.33135514513605774
1 0.4256437195500021 0.32948587718506095 0.42542398972812384 0.25609016344718455 0.503800474217723 0.2552444869510793 0.5038004742177231 0.32628109777298997
1 0.27374578768279145 0.39985473227643453 0.27036262005145734 0.332200821632163 0.3470475362122546 0.3330464865147044 0.3493029503260805 0.4007004087725399
1 0.3487391045410566 0.39900905578032925 0.3481752277823025 0.33135514513605774 0.4265517122719018 0.33050946863995245 0.4276794348156799 0.39900905578032925
1 0.4276794348156799 0.39731770278811873 0.427115589030656 0.32797245076520054 0.5032366284326991 0.32881811564774194 0.5032366284326991 0.3964720262920135
1 0.27799937535266744 0.4664754748939281 0.2737457876827915 0.4007004087725398 0.3498668270848347 0.4007004087725398 0.3532499947161689 0.46581731315562336
1 0.3530899696523428 0.4657144215733233 0.35099454962861276 0.39985473227643453 0.42655171227190186 0.39731770278811873 0.428243311574434 0.4624346071712024
1 0.4288071573594579 0.46412596016341295 0.427115589030656 0.39562637302303594 0.5032366284326991 0.3964720262920135 0.5032366284326991 0.4624346071712023
1 0.2820583263958931 0.5319260604659424 0.2788205236429277 0.464971636659518 0.3532499947161689 0.46497163665951813 0.356069285588749 0.5283971648232634
1 0.3556268140543588 0.5288818471835232 0.35437768628621674 0.46497163665951813 0.428807157359458 0.46412596016341295 0.429934879903236 0.5275515115542859
1 0.43071740835403416 0.5281207938629183 0.4293710341182121 0.4632802836673076 0.5032366284326991 0.4624346071712024 0.503800474217723 0.5250144820659701
1 0.28662464631952206 0.5897661128319086 0.2822036603005317 0.5300885178154738 0.35606928558874895 0.5292428413193686 0.3583247306763051 0.5875943569607378
1 0.359452422246353 0.5875943569607378 0.3566331313737729 0.5267058350581807 0.4293710341182121 0.5258601585620754 0.43049875666199017 0.5842116509763167
1 0.43071740835403416 0.5851997929082797 0.4310626024470141 0.5292428413193686 0.5032366284326991 0.5258601585620754 0.5032366284326991 0.5808289449918955
1 0.2835804330371028 0.6407566853124314 0.35437768628621674 0.6408718136254753 0.357760853917551 0.6941492702902129 0.286714550475644 0.6966862765514009
1 0.3551194451739556 0.6407566853124314 0.427115589030656 0.6408718136254753 0.4288071573594579 0.6933036170212354 0.35776085391755097 0.6941492702902129
1 0.4266584573108085 0.6399956319918265 0.4970342009025151 0.6391804606332648 0.49816189247256304 0.6890752113135813 0.428243311574434 0.6916122640290248
1 0.28763938408032846 0.6955525243959781 0.357197008132527 0.694149270290213 0.359452422246353 0.7465810736859729 0.2912254406507563 0.7482723802239278
1 0.35765628957597173 0.6940304177547685 0.428243311574434 0.6941492702902129 0.4299348799032361 0.7465810736859729 0.358888576461329 0.749118079947161
1 0.4293710341182121 0.6924579172980023 0.4987257382575869 0.6916122640290248 0.4987257382575869 0.7431983677015519 0.429934879903236 0.7448897206937624
1 0.2951724540671144 0.7990128306274775 0.2923531322208041 0.7474267269549505 0.3611440215488852 0.7499637332161384 0.36339946663644135 0.7990128306274775
1 0.3627299783800038 0.7982947226776286 0.36114402154888514 0.7465810736859729 0.429934879903236 0.7474267269549505 0.4310626024470141 0.7981671773585
1 0.43173214611484056 0.7967726160364189 0.43049875666199017 0.7440440209705294 0.49816189247256304 0.7415070147093413 0.49816189247256304 0.7947844713740789
1 0.29727939280798954 0.8500463484787562 0.2940447315233364 0.7998585303507105 0.3617078673339091 0.7990128306274774 0.3645271582064892 0.8480619280388164
1 0.36452715820648923 0.8489075813077939 0.3622717440926633 0.7981671773585 0.4321903249907922 0.7998585303507106 0.431626448232038 0.847216274769839
1 0.43122477723443736 0.8477631885169418 0.4310626024470141 0.7964758243662893 0.4964702931700308 0.7956301246430563 0.4964702931700308 0.8396052095320192
1 0.30024719002725064 0.898802378442366 0.2963001766108925 0.8489075813077939 0.36565488075026725 0.8489075813077939 0.36678260329404533 0.8971110254501554
1 0.36734648005279946 0.898802378442366 0.3645271582064892 0.8480619280388164 0.431626448232038 0.8480619280388165 0.43275417077581607 0.8962653257269224
1 0.43223951499524377 0.89647060103565 0.43049875666199017 0.8421422157932075 0.4970342009025151 0.8404508628009969 0.497598046687539 0.8962653257269224
2 0.5484269886075793 0.24653106523913584 0.5489092520739252 0.14785507559948186 0.6329243183086847 0.14700939910337657 0.6306688732211284 0.24679892369113732
2 0.6301133783524964 0.2450089585979262 0.6317966267386368 0.1461637226072713 0.6893102596552069 0.14700939910337663 0.6847994314275551 0.24510757069892677
2 0.6864909687826267 0.1461637226072713 0.7394937734715451 0.14447238122862466 0.7338551917263849 0.24257056443773872 0.6842355236950707 0.243416240933844