0 0.10135561402081049 0.6578043103218079 0.22915705656821603 0.6569467971502264 0.24134278833366282 0.8214319792707152 0.12050075773802564 0.8244780104575566
0 0.22836584793893913 0.6536924682165447 0.35101454156849954 0.649331761013868 0.3601538543380693 0.813816943134357 0.2413427883336629 0.8199089218465496
0 0.3517211110968339 0.6523218541814569 0.4759185013465986 0.6478087035897026 0.4779494101558911 0.8092478545233502 0.36116936452465387 0.8183859480838741
0 0.11688923975180464 0.8263898366375974 0.23626540474655494 0.8260009842202324 0.2484511365120018 0.9691640316943223 0.13573296428128795 0.9752560940680047
0 0.23750327483952394 0.8250192226025096 0.3560919251556075 0.8214319792707152 0.36624674811176183 0.9630719693206398 0.2504821011032326 0.975256094068005
0 0.35720356723718477 0.8209073804972464 0.4779494101558911 0.8122938857101913 0.48099588493370654 0.9554569331842813 0.3672622025164082 0.9645950267448054
1 0.5227771600342459 0.41588354814967976 0.5658109483830315 0.41795856597419595 0.5617982183814362 0.49860364476646607 0.5216708301949311 0.49739995036062684
1 0.5624950866745584 0.4982079779132366 0.5642058916506142 0.42036588866698366 0.6540912729297843 0.42156951695393213 0.6516835996606064 0.4961963220736784
1 0.6527631017661778 0.49604154555103774 0.654893801295993 0.41916222732058983 0.740766452573568 0.4143475819350144 0.7375562509381812 0.49258533803449683
1 0.5208683018287225 0.5720267554803731 0.5224734026464157 0.4961963220736783 0.6083460098387146 0.49860364476646607 0.6051358082033279 0.5720267554803733
1 0.6072680221600016 0.5686170296846996 0.607543481472506 0.49739995036062684 0.6974288627516763 0.49499266072728454 0.6942186611162895 0.5732303837673215
1 0.6939253166479562 0.5729498944090974 0.6942186611162895 0.4961963220736784 0.7391613076705984 0.49378899938089066 0.7351485776690032 0.5708230610745338
1 0.5249435923964447 0.6411925138183616 0.5256835601965263 0.5708230610745338 0.5634033632844057 0.5720267554803731 0.5642058916506141 0.6442462379073317
1 0.5646615190367572 0.6422757299994611 0.5634033632844055 0.5720267554803733 0.6484733980252196 0.5732303837673216 0.6476708696590109 0.6442462379073317
1 0.647708092921047 0.6422757299994611 0.6484733980252196 0.570823061074534 0.7359511060352117 0.5696194327875853 0.7335435209365858 0.641838915214544
1 0.5242214482757117 0.7679288070069952 0.5256835601965263 0.7056327351573004 0.6091485382049232 0.7044291068703518 0.607543481472506 0.7670192985261597
1 0.6087123104014674 0.7668455908258958 0.6091485382049231 0.7020217841775639 0.69261351621332 0.7020217841775639 0.6902059311146941 0.7670192985261597
1 0.6895924519235584 0.7668455908258958 0.6918109878471115 0.6996144614847762 0.7311358476674079 0.7008181558906155 0.7287281743982298 0.7658156702392109
1 0.5242214482757117 0.8285889131485634 0.5272886610142197 0.7646119758333717 0.5650084200168228 0.765815670239211 0.5642058916506141 0.8308131845878065
1 0.5639393749160243 0.8264224807863646 0.5658109483830315 0.765815670239211 0.6468683412928024 0.7694266212189472 0.6444606680236245 0.8296094901819675
1 0.6455416605588482 0.827505696967464 0.6484733980252197 0.765815670239211 0.7295307909349907 0.7670192985261596 0.7271231176658125 0.8284058618950189
1 0.5227771600342459 0.8903322354712311 0.5240784593788331 0.8272021674891795 0.6027282231047022 0.8284058618950189 0.6019256065679411 0.8849777798783027
1 0.6027282231047022 0.8849777798783027 0.6035307514709107 0.8272021674891795 0.6837855278439208 0.8272021674891795 0.6805753262085342 0.8861814081652509
1 0.6838152989576948 0.8859993707468333 0.6861932011130989 0.8284058618950189 0.7223078592980087 0.8308131845878065 0.719097657662622 0.8849777798783027
1 0.8459002254929107 0.7983144274135087 0.8571358871314878 0.6863742197338892 0.9446135951414798 0.6863742197338892 0.930970348404277 0.7934997820279334
1 0.8354670922205417 0.8982180216291896 0.8475052822253277 0.7947034103148819 0.930970348404277 0.7947034103148819 0.9181295418627301 0.8970143272233504
1 0.9329550206105643 0.7982588600777794 0.947021268410658 0.6851705914469409 0.9775181398615553 0.6851705914469408 0.9590594584154439 0.7971107330076694
1 0.9205372151319082 0.8934033762436143 0.9317728767704855 0.7947034103148819 0.9606646033184134 0.794703410314882 0.9446135951414798 0.8946070045305629
2 0.5090564217403197 0.3335591183861229 0.5112376969225625 0.25426111875631346 0.5465498267412635 0.2530574574099196 0.5465498267412635 0.3349061644891382
2 0.5473523551074722 0.3337025031427443 0.5473523551074722 0.2530574574099196 0.5874797432939772 0.2518537960635257 0.5842695416585906 0.3337025031427443
2 0.584159410296547 0.3335591183861229 0.5850721581953515 0.2530574574099196 0.6179766147448745 0.2530574574099196 0.6139638847432793 0.3324988748557958
2 0.6147664131094879 0.331295213509402 0.617174086378666 0.25546478010270735 0.6524861280268148 0.25546478010270735 0.6500785429281891 0.32888789081661435
2 0.649874525283246 0.32705982129952627 0.6524861280268148 0.2554647801027073 0.6886007862117248 0.2530574574099196 0.6845880562101294 0.3288878908166143