0 0.03654970760233918 0.3453947368421053 0.01918859649122807 0.4372258771929825 0 0.4358552631578948 0 0.3440241228070176
0 0.034722222222222245 0.3412828947368421 0.1297514619883041 0.34402412280701755 0.11513157894736846 0.4399671052631579 0.02010233918128658 0.43585526315789475
0 0.12883771929824564 0.34676535087719296 0.22569444444444445 0.3522478070175439 0.21564327485380116 0.44544956140350883 0.11421783625731001 0.44133771929824567
0 0.03929093567251464 0.43722587719298245 0.021929824561403504 0.5345394736842105 0 0.5345394736842105 1.0388051692399125e-17 0.4317434210526315
0 0.04203216374269008 0.43722587719298245 0.21290204678362573 0.44544956140350883 0.20193713450292397 0.5482456140350878 0.1964546783625731 0.546875 0.18914473684210525 0.5386513157894737 0.026498538011695907 0.5317982456140351 0.04203216374269006 0.44819078947368424
0 0.08406432748538012 0.5372807017543859 0.06396198830409357 0.6469298245614037 0 0.6469298245614035 0 0.5304276315789473
0 0.08680555555555558 0.5359100877192983 0.19097222222222227 0.5400219298245614 0.17726608187134502 0.649671052631579 0.07035818713450293 0.6455592105263158
0 0.1745248538011696 0.649671052631579 0.158077485380117 0.7716557017543859 0 0.7675438596491229 0 0.6455592105263158
0 0.16081871345029242 0.7716557017543859 0.1452850877192983 0.899122807017544 0.024671052631578937 0.8963815789473685 0.04751461988304093 0.767543859649123
0 0.04477339181286552 0.7689144736842105 0.025584795321637436 0.8977521929824562 0 0.8963815789473686 0 0.7620614035087719
1 0.37189327485380125 0.9690241228070177 0.37646198830409355 0.8264802631578949 0.49707602339181284 0.8292214912280702 0.49798976608187145 0.9690241228070177
1 0.49707602339181284 0.8305921052631579 0.5747441520467836 0.8319627192982456 0.5783991228070176 0.9690241228070177 0.49707602339181284 0.9703947368421054
1 0.5747441520467836 0.8278508771929824 0.651498538011696 0.8278508771929824 0.6597222222222222 0.9690241228070177 0.577485380116959 0.9676535087719299
1 0.37646198830409355 0.6949013157894737 0.4915935672514621 0.699013157894737 0.49159356725146197 0.830592105263158 0.37006578947368424 0.8278508771929826
1 0.495248538011696 0.7003837719298247 0.5720029239766082 0.699013157894737 0.5738304093567251 0.8319627192982457 0.4943347953216375 0.830592105263158 0.495248538011696 0.699013157894737
1 0.5701754385964912 0.6990131578947368 0.6441885964912282 0.7031250000000001 0.6487573099415206 0.830592105263158 0.5738304093567252 0.8292214912280703
1 0.38377192982456143 0.5852521929824561 0.4943347953216375 0.5879934210526317 0.4934210526315789 0.7017543859649122 0.38103070175438597 0.7017543859649122
1 0.49433479532163743 0.7017543859649122 0.49250730994152053 0.5838815789473685 0.5646929824561403 0.586622807017544 0.5674342105263158 0.7017543859649122
1 0.5674342105263158 0.703125 0.5656067251461989 0.5879934210526317 0.6341374269005848 0.5893640350877193 0.6377923976608187 0.7044956140350878
1 0.3883406432748538 0.5345394736842105 0.3919956140350877 0.4303728070175439 0.4952485380116959 0.43448464912280704 0.4952485380116959 0.5359100877192983
1 0.4952485380116959 0.5359100877192983 0.495248538011696 0.4317434210526316 0.5628654970760234 0.4317434210526317 0.5656067251461989 0.537280701754386
1 0.5637792397660819 0.5400219298245614 0.5619517543859649 0.42763157894736836 0.6286549707602339 0.4331140350877194 0.6341374269005848 0.5386513157894738
1 0.3883406432748538 0.4317434210526316 0.39290935672514626 0.3344298245614036 0.4915935672514621 0.33991228070175444 0.489766081871345 0.43311403508771934
1 0.4925073099415205 0.43448464912280704 0.4943347953216375 0.3358004385964913 0.5582967836257311 0.3385416666666667 0.5592105263157895 0.43448464912280704
1 0.5592105263157895 0.4331140350877193 0.5573830409356726 0.3371710526315789 0.6195175438596492 0.3385416666666667 0.625 0.43448464912280704
1 0.3965643274853801 0.3371710526315789 0.3993055555555556 0.25082236842105265 0.4943347953216375 0.25219298245614036 0.4943347953216375 0.34128289473684215
1 0.49433479532163743 0.3412828947368421 0.49342105263157904 0.2508223684210527 0.5555555555555556 0.2521929824561404 0.5555555555555556 0.3412828947368421
1 0.5555555555555557 0.33854166666666674 0.5546418128654972 0.2508223684210527 0.6158625730994153 0.25356359649122806 0.6176900584795323 0.3399122807017544
1 0.7995248538011696 0.9703947368421053 0.7876461988304093 0.8347039473684211 0.8698830409356725 0.8347039473684211 0.8872441520467836 0.9676535087719299 0.8031798245614035 0.9662828947368423
1 0.9429824561403509 0.9703947368421053 0.9228801169590644 0.830592105263158 0.9703947368421054 0.830592105263158 0.9932383040935673 0.9676535087719299
1 0.9914108187134503 0.9662828947368421 0.96765350877193 0.8319627192982456 1 0.830592105263158 0.9987207602339181 0.9662828947368423
1 0.7867324561403509 0.834703947368421 0.7730263157894737 0.7031250000000001 0.85343567251462 0.7044956140350879 0.8680555555555556 0.8333333333333335
1 0.9228801169590644 0.8305921052631579 0.9046052631578949 0.7072368421052633 0.9521198830409356 0.7072368421052633 0.9694809941520468 0.8333333333333334
1 0.9713084795321637 0.8305921052631579 0.9521198830409359 0.7058662280701755 1 0.7058662280701755 1 0.8333333333333335
1 0.7711988304093568 0.703125 0.7574926900584795 0.5893640350877193 0.8379020467836257 0.5893640350877194 0.8525219298245614 0.7086074561403509
1 0.9046052631578947 0.7086074561403509 0.8872441520467836 0.5934758771929826 0.9292763157894737 0.5948464912280703 0.9466374269005849 0.7099780701754386
1 0.9466374269005848 0.7072368421052632 0.9301900584795323 0.5934758771929826 0.9978070175438597 0.5934758771929824 0.9996345029239766 0.6044407894736842 0.9987207602339181 0.7072368421052633
1 0.7629751461988304 0.5345394736842105 0.7529239766081873 0.42763157894736853 0.8196271929824561 0.4358552631578947 0.8287646198830411 0.5372807017543859
1 0.8808479532163743 0.5400219298245614 0.8644005847953218 0.43585526315789486 0.9137426900584797 0.44133771929824556 0.9301900584795322 0.5413925438596491
1 0.9320175438596491 0.5413925438596491 0.9137426900584795 0.43859649122807015 0.9758771929824561 0.43859649122807015 0.9959795321637429 0.5386513157894737
1 0.7574926900584795 0.4276315789473684 0.7456140350877195 0.3303179824561404 0.8068347953216374 0.3330592105263159 0.8187134502923978 0.4344846491228071
1 0.8644005847953217 0.43585526315789475 0.8497807017543861 0.3358004385964913 0.9027777777777779 0.33854166666666674 0.9192251461988306 0.4344846491228071
1 0.9210526315789473 0.43448464912280704 0.9018640350877195 0.3344298245614035 0.960343567251462 0.337171052631579 0.9822733918128655 0.43722587719298245
1 0.7437865497076024 0.32894736842105265 0.733735380116959 0.23848684210526316 0.7940423976608187 0.2412280701754386 0.8050073099415206 0.3316885964912281
1 0.8506944444444444 0.3358004385964912 0.8360745614035089 0.24259868421052638 0.8845029239766083 0.24945175438596498 0.9000365497076024 0.33991228070175444
1 0.9009502923976608 0.3358004385964912 0.8854166666666669 0.24396929824561409 0.942982456140351 0.2508223684210527 0.9630847953216374 0.3399122807017544
2 0.29696637426900585 0.990953947368421 0.3042763157894737 0.8922697368421054 0.35453216374269003 0.8936403508771931 0.3472222222222222 0.9923245614035089
2 0.3051900584795322 0.8922697368421053 0.30975877192982454 0.7935855263157896 0.36001461988304095 0.796326754385965 0.35453216374269003 0.8936403508771931
2 0.30975877192982454 0.7949561403508771 0.31615497076023397 0.6976425438596493 0.3636695906432749 0.703125 0.3591008771929825 0.7976973684210528
2 0.2814327485380117 0.7935855263157896 0.2860014619883041 0.7236842105263159 0.29148391812865493 0.7236842105263159 0.29605263157894735 0.6990131578947368 0.3152412280701755 0.6990131578947368 0.3106725146198831 0.7949561403508771
2 0.27960526315789475 0.8922697368421054 0.2869152046783627 0.8031798245614037 0.2832602339181287 0.7963267543859649 0.30793128654970764 0.796326754385965 0.3042763157894737 0.8908991228070177
2 0.27503654970760233 0.9580592105263158 0.2805190058479532 0.8895285087719299 0.30519005847953223 0.8908991228070176 0.2969663742690059 0.9882127192982456 0.29057017543859653 0.9882127192982457 0.2923976608187135 0.9608004385964912
2 0.2978801169590643 0.6565241228070176 0.3024488304093567 0.5893640350877193 0.29513888888888895 0.5729166666666666 0.3280336257309941 0.5742872807017544 0.32346491228070184 0.6592653508771931
2 0.32346491228070173 0.6578947368421053 0.32803362573099415 0.5729166666666666 0.3728070175438597 0.5756578947368423 0.3664108187134504 0.6620065789473685
2 0.2860014619883041 0.5413925438596491 0.29148391812865493 0.4906798245614036 0.33534356725146197 0.4934210526315791 0.32803362573099426 0.5756578947368423 0.29513888888888895 0.5729166666666666
2 0.32894736842105265 0.5729166666666666 0.335343567251462 0.49205043859649134 0.3773757309941521 0.49479166666666663 0.37372076023391815 0.5783991228070176
2 0.26133040935672514 0.48930921052631576 0.26407163742690065 0.4564144736842107 0.24671052631578946 0.4111842105263159 0.2997076023391813 0.4139254385964912 0.291483918128655 0.49479166666666674
2 0.29331140350877194 0.4920504385964912 0.2969663742690059 0.4139254385964913 0.34082602339181295 0.41940789473684215 0.335343567251462 0.49616228070175444
2 0.33534356725146197 0.4920504385964912 0.34082602339181295 0.41803728070175444 0.3819444444444444 0.42077850877192985 0.3773757309941521 0.49479166666666674