0 0.1141480116816292 0.9703043103218079 0.11948530333337935 1 0.00168969173361922 0.9981012861385694 0 0.9859171613912044
0 0.11323426899157073 0.9716749243568956 0.29313224595520404 0.9569799906084472 0.2992250839469583 1 0.11846979314679473 0.999624259901245
0 0.9465676023249041 0.9456332576902289 0.9653794617209019 0.8244780104575566 1 0.8214319792707153 1 0.9432728920984065
0 0.9562401489513322 0.8046788495738334 0.9724878656811791 0.675222900609784 1 0.6782689317966253 0.999905803989888 0.8046788495738334
1 0.052422633797617135 0.260127413604973 0.18456757491573655 0.25139466273425726 0.19897401090220815 0.37794832301110975 0.07000197858198264 0.3892661371500147
1 0.18575766711849842 0.24994209855962785 0.31765571026965184 0.24213463812230826 0.32657399631644424 0.3686882983991607 0.19966001551306356 0.3769194282476318
1 0.07402784753016735 0.38790682053748415 0.20240410932504257 0.3789772177745877 0.21543853608980346 0.4962708816988436 0.09264069600439133 0.5055308780514401
1 0.20365912992546858 0.3767955677607441 0.3300040947392786 0.3676594036356828 0.3375503338800814 0.4870108570868946 0.2168105453115141 0.4952419869353656
1 0.09810222854643759 0.5055009124246503 0.22161272832461681 0.49627088169884365 0.23121701898226454 0.604304492751798 0.1173374649436448 0.6094489383098353
1 0.22279517637429877 0.4943896596479102 0.3430384838197607 0.48598196232341667 0.3512707652556978 0.5940156016357235 0.23327507049910948 0.6032756262476725
1 0.4240323099974807 0.30920211336890846 0.4239890251674687 0.21229677475950529 0.47406856765683103 0.21435456428646116 0.4740685676568311 0.30695481040595135
1 0.4752675311346712 0.30735023790611843 0.4747545722676864 0.21023898523254939 0.526206199347317 0.2112678799960273 0.5255201947364617 0.30695481040595135
1 0.5255201947364617 0.30695481040595135 0.526206199347317 0.20921010459874767 0.5769718218160923 0.2112678799960273 0.5769718218160923 0.30386812611551756
1 0.5762857418366795 0.3048970208789955 0.5776578264269476 0.21229677475950526 0.664096517714335 0.2081812098352697 0.6606664192915007 0.3018103365885616
1 0.4265014772812007 0.3990180733142243 0.4233030205566133 0.3100414946963852 0.5069976180320216 0.3090125999329073 0.5076836226428769 0.3964683722350077
1 0.5097417118440007 0.3995550565254416 0.5076836226428769 0.30592591564247346 0.5591352497225076 0.30798370516942936 0.5577631651322393 0.3964683722350078
1 0.5577631651322393 0.39749726699848575 0.5577631651322393 0.3059259156424734 0.6085287876010146 0.3048970208789955 0.6078427829901593 0.3964683722350078
1 0.6085287876010146 0.3954395057308823 0.6099007968227252 0.3018103365885616 0.6586083300903769 0.3028392313520396 0.6565502408892534 0.39338171620392637
1 0.42536103438917955 0.48392417279646066 0.4233030205566133 0.39955505652544165 0.47132447384485204 0.3985261617619637 0.4733825630459757 0.4828952780329828
1 0.4747545722676864 0.4849530675599386 0.4733825630459757 0.3954395057308823 0.5220900963136273 0.39852616176196365 0.5220900963136273 0.4839241727964607
1 0.5227761009244828 0.4859819623234166 0.5220900963136273 0.39852616176196365 0.5714836341921343 0.3995550565254416 0.5687395403801554 0.4859819623234166
1 0.572855643413845 0.4859819623234166 0.5742277280041134 0.3985261617619637 0.6558642362783981 0.39338171620392637 0.6551782316675427 0.4798086220019015
1 0.4252668936393407 0.5647609272339309 0.4212449313554896 0.4849530675599387 0.5015094304080635 0.4859819623234166 0.5035675196091872 0.5641777382729206
1 0.5036629548974514 0.5647609272339309 0.5028815149983319 0.4839241727964607 0.5502169636757153 0.4880397518503725 0.5502169636757153 0.5631488152500901
1 0.5515889728974259 0.5631488152500901 0.5509029682865706 0.4859819623234166 0.5982384923325116 0.48392417279646077 0.5968664077422432 0.5621199487459648
1 0.5981086034997424 0.5619831140397459 0.6002965061650777 0.47980862200190144 0.6483180348218739 0.4808374885060269 0.6442018564196266 0.5621199487459646
1 0.4271187691021307 0.6906884587036521 0.42467502977832405 0.6351712791374312 0.47132447384485204 0.6362001456415568 0.4726965584351204 0.6886736372821696
1 0.47218107203002113 0.683280956852492 0.4706384692339967 0.6331134896104755 0.5172879133005247 0.6310557000835195 0.5172879133005247 0.6804424791743461
1 0.5190952504207016 0.6879106455094671 0.5186599978907931 0.6331134896104755 0.5632513527561973 0.6331134896104755 0.5632513527561973 0.6876447142593392
1 0.5646234373464656 0.6794136126702207 0.5646234373464657 0.6320845665876451 0.6400857533859368 0.6300267770606892 0.6380276641848133 0.6804424791743461
1 0.42466567578725456 0.7669811606180946 0.4203277702201609 0.6975841489590953 0.4964821329908414 0.6838493202189914 0.4998560301247205 0.7561379029851414
1 0.4995904625566077 0.755247450243359 0.4993740523845877 0.6852950958452435 0.544681071969005 0.6860179836583697 0.5437171164887391 0.7561379029851414
1 0.5475729913627512 0.7554149953173691 0.5470910136226182 0.6860179836583697 0.594325997120516 0.6845722080321175 0.5923980332070357 0.7546921273588892
1 0.5932698883558203 0.7578496565155594 0.594325997120516 0.6867408714714959 0.6401149944450663 0.6867408714714958 0.63722307505132 0.7583065465698735
1 0.4275960890257314 0.8281092258649688 0.42562965774399486 0.7648125170333625 0.4699727218481463 0.761198097822378 0.4723826635017597 0.826980670415747
1 0.47443580192533774 0.8235553648886184 0.4733466189820254 0.7583065465698735 0.5157617191726965 0.7568607709436214 0.5167256746529625 0.8226433832462826
1 0.5186536385664428 0.8248120268310147 0.5176896830861769 0.7554149953173691 0.5620326942373798 0.7546921273588892 0.5615507164972469 0.8240891588725349
1 0.560742309953316 0.8196520554803177 0.5615507164972469 0.7539692196911167 0.5919160554669027 0.7546921273588891 0.5933620416402502 0.7583065465698735 0.6362590666181054 0.7583065465698735 0.6338491249644921 0.8219204755785102
1 0.43334148692144203 0.8884259558396514 0.42996756331108854 0.8277035780835191 0.501302016298068 0.8219204755785103 0.5037119579516812 0.8826428930439348
1 0.5041939356918143 0.8862573122549192 0.5027480024714155 0.8219204755785103 0.5181716608263099 0.8233662512047625 0.5186536385664428 0.8262578024572671 0.5456450274492707 0.8255349344987871 0.5461270581423525 0.8840886686701871
1 0.5459964744108473 0.8860083154214267 0.5461270581423524 0.8233662512047625 0.5904700692935552 0.8204746999522581 0.5895061138132894 0.8819199853761626
1 0.5893665789475198 0.8814544544450761 0.5904700692935553 0.8197518319937781 0.6333671472243593 0.820474699952258 0.630957205570746 0.8811971174176826