0 0.581587987532398 0.44964590491022244 0.5800353063196972 0.35529203177992674 0.6956161457637536 0.34138143335715804 0.7020373056879596 0.43661563876741083
0 0.7022808843606327 0.4361642515411111 0.6949027009684641 0.34245148391117514 0.8140508819639181 0.331751007760731 0.8276067249909195 0.430195364833035
0 0.8281096491390053 0.4294234248565553 0.8140508819639182 0.3328210583147481 0.9360529205238305 0.3274708055446628 0.95246262111529 0.4216349897906251
0 0.5893102846167114 0.5511107247602441 0.583602608679445 0.44624606436383785 0.7048911632524177 0.43768568932142793 0.7163065935102505 0.5436204002718513
0 0.7155931487149608 0.5446904214361418 0.7041777184571282 0.43554558821339384 0.8283201697862091 0.4312654153870521 0.844016347199079 0.5339899452856977
0 0.843517252989418 0.5343877260874936 0.8283201697862089 0.42912531427901807 0.9560299234750377 0.4216349897906251 0.9760068480429449 0.529709772459356
0 0.5925017069264406 0.663426408334702 0.5871699110391928 0.5521807459245346 0.7163065935102505 0.5457605013798855 0.7241546430250355 0.657045406320941
0 0.7273182406175538 0.6576485568907972 0.7163065935102506 0.5414802991638171 0.8433028240204896 0.5318498441776636 0.8604259694072386 0.647414980724514
0 0.8602088238273655 0.6460928540029873 0.8475836495588269 0.5329198947316806 0.9760068480429449 0.5254295702432878 0.9981241853800209 0.6399246562361212
0 0.596995591382811 0.7828353381754024 0.59145069738588 0.6623956297012997 0.7213007854605774 0.6570454063209409 0.7320027709231205 0.7747506145860988
0 0.7356640260365275 0.7751315362501958 0.7234411982297458 0.657045406320941 0.8568586670474908 0.6484850018888044 0.8732682892556504 0.7683303112619965
0 0.8732682892556504 0.7672602900977059 0.8582855566380702 0.6463449007807703 0.9952703278155626 0.637784555128087 1 0.668815933025402 1 0.7619100079378942
0 0.6014894758391814 0.9051331937380551 0.5971583733231463 0.7801008379664577 0.7327162157184098 0.7694003912057402 0.7462719803621113 0.9031562696119743
0 0.7469854251574011 0.9031562696119743 0.7348566284875787 0.7736805346423554 0.8746951788462295 0.7672602900977059 0.8903913562590995 0.8956659451235813
0 0.8923079985157258 0.8945404660908961 0.8775490364106878 0.7661902101539624 1 0.7608399867736038 1 0.8956659451235813
0 0.572600218619657 0.2011982928223136 0.6813469363247627 0.18838487006591004 0.687054651453679 0.265428274837326 0.5743275911907809 0.2750587004337529
0 0.572600218619657 0.20312424330361525 0.5686198760618646 0.12097189089092115 0.6734988084266779 0.11134146529449421 0.6799199683508836 0.19052497117394415
0 0.5681063341632867 0.12127134784829648 0.5650525737021169 0.04392848611950535 0.6649373141166032 0.033228009969061265 0.6720719188360987 0.1092013641864601
0 0.5661803836819851 0.04423332859623174 0.5643391289068272 0 0.6635103461427241 0.000056545658575420755 0.6656507589118927 0.03643816163111249
0 0.6650458417221348 0.03556655143037446 0.662083456552145 0 0.7662489049300187 0.00005654565857542465 0.7698162856730663 0.02359758437263431
0 0.7703311346999566 0.024010848542564744 0.7676758729038976 0 0.8732682892556504 0 0.8746951788462295 0.01396715877620734
0 0.6721076601535741 0.11067862020113753 0.6656507589118928 0.032157959415044256 0.7712431752636455 0.024667634926651368 0.7805181927523095 0.09636078692798193
0 0.7806028706002319 0.10104886779462946 0.770529730468356 0.023597584372634334 0.8768355916153981 0.015037209330224427 0.8903913562590997 0.08887046243958913
0 0.6798114620787805 0.1915685404158055 0.6742123316052671 0.10813131363244298 0.7805181927523095 0.09743083748199909 0.7940739573960108 0.17768439391546603
0 0.7921585734880416 0.18001283752799582 0.7819450823428887 0.10171103969806725 0.8903913562590997 0.08780041188557206 0.9075144232625488 0.166983917765022
0 0.6891949858395479 0.26435825367303545 0.6834873490939313 0.18945492061992722 0.7919335446268422 0.17875444446948313 0.8019220852940959 0.2536577481328649
0 0.8019220852940959 0.25258772696857423 0.7933605126007214 0.1776843939154661 0.9060875336719698 0.16912401887305617 0.9232106006754186 0.24081720026411327
1 0.23471913650643783 0.9692548835579304 0.24596211754532898 0.8413320143796442 0.35624123824016035 0.8403234707800902 0.3488444271828435 0.9714301499751241
1 0.2456103136133344 0.8394683563674133 0.25470372610658454 0.7172849187844337 0.3629655582008004 0.7162763751848796 0.3562412382401602 0.8403234707800902
1 0.25650149072023093 0.716035015822586 0.2654626971442214 0.6073569903888693 0.36498288373929877 0.6073569903888693 0.36027581544139115 0.7172849187844335
1 0.36162072375897863 0.7172849187844336 0.3656553009602096 0.6053399585890251 0.4315538138763206 0.6043314703887348 0.4295364883378223 0.7142593987842991
1 0.4283400628512652 0.7142198196381032 0.43289864831814234 0.6023144385888904 0.500141995676075 0.6023144385888904 0.4994695784551642 0.7132508551847452
1 0.3563372808667825 0.8376531601829306 0.36296555820080045 0.7162763751848795 0.4328986483181423 0.7162763751848796 0.4288640711169114 0.8393149825797999
1 0.4283400628512652 0.8358379639984479 0.43222623109723146 0.7112338233849006 0.5028317384354843 0.7122423669844548 0.5028317384354843 0.8362894071804017
1 0.34847143073402387 0.9710700797424132 0.3562412382401603 0.8383064389802458 0.4288640711169114 0.8383064389802459 0.42550191113659136 0.9694131181752799
1 0.4253147358771273 0.968347285465689 0.42751916279932384 0.8362894071804015 0.5001419956760749 0.8372979507799556 0.500141995676075 0.9694131181752796 0.49745232679243157 0.9653790545755911
1 0.2734433217754033 0.5526673592191379 0.28092866260399996 0.45306090106669084 0.377759106439668 0.4520523851667686 0.3743969464593481 0.5518951545631113
1 0.3744892427116101 0.5517597611268965 0.3791039408814898 0.4480183215670801 0.44298520213486825 0.4490268374670022 0.44096787659637 0.5468526027631325
1 0.4398363053529893 0.5472217706656897 0.4443300365766899 0.44499277386731356 0.5068663895124809 0.4439842856670233 0.5061938984158043 0.544835570963288
1 0.2816010798249107 0.4480246663396173 0.2903427253240493 0.3542329646431758 0.3824661008618098 0.3542329646431758 0.3784315236605789 0.45004169813946165
1 0.3797764319781665 0.4470161781393272 0.3831385919584865 0.3501989287431191 0.44500245379760084 0.3501989287431191 0.443657619355779 0.4449991463394828
1 0.4436576193557791 0.44298211453963854 0.4456748710185115 0.3481818969432747 0.5061938984158041 0.34616486514343037 0.5082112239543026 0.439956594539504
1 0.2879648912512654 0.3520881808337934 0.2943773025252801 0.26649235834626706 0.3824661008618098 0.26649235834626706 0.381121266419988 0.35221596054296345
1 0.381793683640899 0.3471733810433525 0.38448342640030825 0.2614497788466562 0.44433003657669 0.26144977884665627 0.44298520213486825 0.3461648651434304
1 0.4428616323271272 0.3448273960958623 0.44433003657669007 0.2553987111467552 0.5021593212145733 0.2543901952468331 0.5048490639739824 0.34112231334345156
1 0.028391836870231217 0.9710700797424131 0.04961148711458339 0.8433426460076874 0.11752728863130991 0.8423341578073972 0.10071641485394377 0.9714238052025868
1 0.04961148711458339 0.8443511896072414 0.06776719533377118 0.7203040940120308 0.13299325409108848 0.721312637611585 0.11685483447251613 0.8433426460076874
1 0.06893121832367943 0.7196654081915514 0.0839055780144606 0.6154187728157093 0.14644193095025163 0.6144102569157872 0.13299325409108848 0.722321125811875
1 0.010844940420231243 0.723295800560517 0.029438453356897234 0.6154187728157093 0.08323316079354973 0.6154187728157094 0.06843961255468205 0.7233296140121653
1 0 0.8443511896072414 0 0.798968112608904 0.011955199296503207 0.7223211258118751 0.062387709814952765 0.7253466458120097 0.0469217443551742 0.8443511896072413
1 0 0.9701624816501719 0 0.8433426460076874 0.04893903295578967 0.8463682214070859 0.027421164756281816 0.9734408370024311
1 0.004558425177069358 0.30581802287216625 0.03818009885603574 0.3048095069722441 0.022041679237463377 0.39053308146930843 0.0005238110379555245 0.39154159736923067 0 0.33203935317124667
1 0.08592290355295894 0.2997669274726334 0.1370278312923193 0.29976692747263334 0.12223431999133451 0.3814564660696409 0.07247422669379587 0.3844820137694074
1 0.12459723464781727 0.37840852550879334 0.13904515683081772 0.2937158597727323 0.19149495594988272 0.2906903120729658 0.18140847600892251 0.3774224301695842
1 0.054409648847817384 0.473706325194138 0.07247422669379583 0.3844820137694074 0.12357919137103916 0.3814564660696409 0.10945806035308224 0.4702056159661037
1 0.110130514511876 0.4671800682663373 0.12425160859194999 0.37540539836974 0.17737386186980872 0.37540539836974 0.1679597991497594 0.4651630364664929
1 0.0401973874566512 0.567022865362312 0.05566338985431264 0.4702056159661037 0.11013051451187603 0.47121410416639403 0.09466451211421455 0.567022865362312
1 0.09466451211421455 0.5660143217627577 0.11013051451187603 0.4681885841662594 0.1686322163706703 0.4651630364664929 0.1558559936703009 0.5629888017626232