0 0.13150912279274032 0.49196001207619383 0.28602389777686515 0.49093855760557165 0.29820962954231206 0.6432396986401856 0.15299607963384274 0.6478087035897024
0 0.28684538010268185 0.48921878400601837 0.4363148312724424 0.48636955265605464 0.4424076692641967 0.6432396986401856 0.2971941751376658 0.6432396986401855
0 0.43852666665238943 0.49196001207619383 0.5480175490985101 0.4878925264187303 0.5470020946938636 0.6447626724028611 0.4434231794507813 0.6539007659633851
0 0.14521526314361752 0.6564336962867201 0.29516321054643485 0.6539007659633851 0.30531797772065095 0.7940177822506338 0.16619732158587427 0.8016328183869921
0 0.2959828070032666 0.6523218541814569 0.44037670467296597 0.6462857298270268 0.4444386338554276 0.7879257198769513 0.3083643967165281 0.7940177822506338
0 0.4424076692641968 0.6523777085392194 0.5419245995428792 0.6478087035897024 0.540909145138233 0.7909717510637926 0.4454541440420122 0.7940177822506338
0 0.16315090258999712 0.8046788495738335 0.3032870131294201 0.7940177822506339 0.31141087149434343 0.9234737312146829 0.1763521445420285 0.9280427361642001
0 0.3060339765939099 0.793495099795492 0.4434231794507813 0.7864027461142755 0.44646959844665846 0.915858695078325 0.31344183608557435 0.9204277000278418
0 0.44748505285130485 0.7940177822506338 0.5429401655114021 0.789448777301117 0.5388782363289404 0.9204277000278418 0.44951601744253566 0.9219506737905174
1 0.5916477380294296 0.3384476993611316 0.5942100496595432 0.2643702498411995 0.6498668306224042 0.2643702498411995 0.6464312352469691 0.33650810603910486
1 0.6454381911753736 0.3347380129372734 0.6498668306224042 0.2633397062079083 0.7419410282499534 0.26230919087925697 0.7371312249200807 0.3334164751392313
1 0.738180351771829 0.33288316972534426 0.7426281322271725 0.26230919087925697 0.8305796305020678 0.2581870163460921 0.8250826477056357 0.32723324164412393
1 0.5859646132095649 0.40555430303249684 0.587338858908673 0.3375386496723961 0.6787259525590035 0.33650810603910497 0.6759774611607873 0.402462700437263
1 0.6763522447075254 0.4024397901726857 0.6801001605134415 0.33444701877252253 0.7694258667427746 0.3313553878726488 0.7653031673901206 0.39834052590409824
1 0.7678578431626946 0.3987301037488275 0.7735486415847689 0.32929430060606646 0.8257697516828544 0.3303248442393576 0.8202728443757628 0.3962794386375158
1 0.5904111758881434 0.47385125383195625 0.5921487377278863 0.4045237593992056 0.6423085358943151 0.4045237593992056 0.6402471484733179 0.4673867512021301
1 0.6398736615395862 0.46457703777231074 0.6416214319170962 0.4004016131706806 0.7302599586798699 0.39937106953738943 0.7268243633044349 0.4601729740737314
1 0.7282878546415402 0.4627221945603816 0.7330084500780863 0.3993710695373895 0.8209599483529815 0.39730998227080705 0.8154629655565493 0.4601729740737314
1 0.5842283651817131 0.5341336582196522 0.5859646132095649 0.47150889743065494 0.6746031777170092 0.46635620756883883 0.6725418657853524 0.5281886557384721
1 0.6732289697625712 0.527158083800541 0.6752903571835684 0.46429512030225645 0.7618675720146856 0.462234033035674 0.7584319766392505 0.5230359092673761
1 0.7604932885709071 0.5230359092673762 0.7653031673901206 0.4612034894023828 0.8147758615793304 0.46120348940238287 0.8092788787828982 0.5220053939387248
1 0.5848466462523562 0.5907063761834899 0.5859646132095649 0.5323107736623571 0.634750241166226 0.5302497430050545 0.6333759577224477 0.5869294447035918
1 0.6336908508331559 0.5832870033357734 0.635437345143445 0.5292191710671234 0.722701663951781 0.5250969965339585 0.7185789645991271 0.5797156675751933
1 0.7185789645991271 0.5797156675751932 0.722014559974562 0.5250969965339585 0.8079046708284603 0.5250969965339585 0.8030947920092467 0.5797156675751932
1 0.5729093356850437 0.7002889047099461 0.5735964396622626 0.6415481157448264 0.6216948881523642 0.6405175438068954 0.6196335762207075 0.6971973021147123
1 0.6216948881523642 0.6879224377197314 0.6244433795505804 0.6374259412116615 0.7041494036308273 0.6394870284782439 0.7027751956763895 0.685861350453149
1 0.7048365076080463 0.6868918657818002 0.7075849990062624 0.6363953692737305 0.7893524105075066 0.6353648539450791 0.7845425316882932 0.6848307785152179
1 0.5660381449341735 0.7538770038132497 0.5674123528886114 0.6992583893812948 0.6519282180434014 0.6951362148481299 0.6491797266451854 0.7476937986227822
1 0.6540941261643761 0.7465132059855346 0.6567380968626148 0.6941056429101989 0.7391925368517374 0.6930751275815475 0.7350698374990835 0.7446021394182686
1 0.7369437896305429 0.7363115683199246 0.7398797163182967 0.6838002631865665 0.7845425316882932 0.6848307785152179 0.7804198323356392 0.7353272750232877
1 0.5687865985877194 0.8074651029165533 0.5680994946105006 0.7538770038132497 0.6148236974014941 0.7507854012180158 0.6141365934242752 0.8012818977260859
1 0.6161979808452724 0.7950986359263384 0.6161979808452724 0.7487243139514335 0.6972782128799572 0.7507854012180158 0.6945297214817411 0.7920070333311048
1 0.6949006768268164 0.7882471782539395 0.698652420834395 0.7456327113561998 0.7364440454535213 0.7466632266848511 0.7371312249200808 0.7363578469612189 0.7797327283584204 0.7384188776185213 0.774922849539207 0.7868542868600088
1 0.5650616519917792 0.8522392690654936 0.5653510032122843 0.8023124130547371 0.6457441312697502 0.7971597231929208 0.6429956398715341 0.8435340451678258
1 0.6466747533166597 0.8438924746118126 0.6484926226679663 0.7930375486597561 0.7281986467482134 0.794068120597687 0.7254501553499971 0.8425034732298948
1 0.7268243633044348 0.8332286088349138 0.729572854702651 0.7878848587979399 0.7728614621182096 0.7858237715313574 0.7694258667427745 0.8311675781776111
1 0.5681530573449943 0.9041748789995085 0.5680994946105006 0.8538394248914581 0.6141365934242752 0.8507478222962246 0.6148236974014941 0.8971221442711295
1 0.615760699784508 0.882844182062324 0.6175721887997103 0.8435340451678258 0.6931554380379628 0.8435340451678258 0.691094126106306 0.8816640180764012
1 0.6911909904029582 0.8809893388503948 0.6917812300835249 0.8435340451678258 0.7261372593272161 0.8445645604964772 0.7261372593272162 0.8342591807728449 0.7721743581409907 0.8321980935062624 0.7673645548111178 0.8785724154811674