0 0.47873134501496256 0.5330784331288254 0.4769339557512448 0.3081772720255249 0.6881536038559948 0.2899011267352222 0.6800298570549478 0.5198758120498188
0 0.6824959648980035 0.5221135208481237 0.6942465534116257 0.29447017351548416 0.8252434069634171 0.2883781111418016 0.8100111446382166 0.5122607759134605
0 0.8113336841962491 0.515260450672685 0.8272743157727096 0.2914241423286428 0.956240148951332 0.282286090598864 0.9278067562379767 0.5046456561156124
0 0.4870887229254608 0.7422354193973121 0.48201133933835283 0.5411979466962178 0.6820607658642404 0.5183527546256531 0.6769833822771324 0.7193902273267475
0 0.6800298570549478 0.7285283208872713 0.6881536038559948 0.5244448169993357 0.8130576194160319 0.5153067234388117 0.7988409230593541 0.7163441961399063
0 0.8008718318686469 0.7132981649530651 0.8150885282253245 0.518352754625653 0.9359306146029001 0.5092147447266193 0.9105435851034837 0.6980680926803486
0 0.4860732685208145 0.9158586950783251 0.4850578141161682 0.7422354193973123 0.6769833822771324 0.7224362585135888 0.6647975947297473 0.8975825079572775
0 0.6708905442853783 0.9021515965682841 0.6790142910864251 0.7330973258367883 0.7957944482815388 0.7148212223772307 0.780562297520215 0.8838754094472366
0 0.7825932063295074 0.885398466871402 0.7978254686547078 0.7163441961399062 0.9105435851034837 0.705683128816707 0.8871875759772361 0.8732143421240369
1 0.14365149664944457 0.48195973519674506 0.23286226712452418 0.477658172841274 0.24409797284837753 0.606449540192071 0.1550151199354159 0.6112641855776463
1 0.23391951174106396 0.4776268704723473 0.32595785003908095 0.4728435274556986 0.3323782533098544 0.5992275721137079 0.2424928720306842 0.6040422174992833
1 0.32635395919488214 0.4732940057479496 0.41183050131665594 0.4680289151295685 0.41664575968445977 0.5871910247686603 0.3323782533098543 0.5956166211339717
1 0.152607490751514 0.610060491171807 0.28101515939949595 0.6040422174992832 0.2882380910364779 0.7171860534658511 0.16464572484157594 0.7232043271383751
1 0.280858879588706 0.6011135151176826 0.4062126704973673 0.5956166211339717 0.41343555804907317 0.7123714080802758 0.2898431918541712 0.7171860534658512
1 0.16676010851289916 0.7755113202746913 0.2521234328515681 0.7701470204693989 0.25934636448855003 0.8676432919922921 0.17668391484636184 0.8748651939517645
1 0.2537285336692614 0.7713506487563473 0.3339833100422715 0.7677396977766112 0.33879861249535154 0.8592176956269806 0.25934636448855003 0.8652359692995044
1 0.33478588249375624 0.7641286806779843 0.4126330296828647 0.7581104070054605 0.4166457596844598 0.8544030502414052 0.3387986124953516 0.8628286466067167
1 0.17668391484636187 0.8724578712589767 0.2930533934895579 0.8628286466067169 0.3002763251265399 0.9579175954368222 0.18711704811873048 0.9723327652669195
1 0.29313532964116623 0.8621437007904321 0.4086202996812691 0.8555779783206153 0.4102254004989626 0.9506669271507208 0.2994737526750551 0.9578888952290839
2 0.18481371153122303 0.19165779866209723 0.24088777121299082 0.19480240221982434 0.24490050121458615 0.2682255129337313 0.19112977812032578 0.2694291742801252
2 0.24041880882766054 0.19599066338649496 0.28743556267026915 0.19720969185316664 0.2906457202203799 0.2670218515873375 0.24409797284837753 0.26822551293373137
2 0.28735817667530256 0.19599066338649496 0.3363909833114496 0.19359874087343049 0.3404037133130448 0.26341086754815596 0.29064572022037977 0.2670218515873375
2 0.33501968864367765 0.1938242310242961 0.3861489323188388 0.19119141818064275 0.38855660558801663 0.2646145288945498 0.3404037133130448 0.2646145288945498
2 0.1891465762556207 0.2696493637012563 0.2400851987615061 0.26822551293373126 0.2432954003968928 0.33683401132150836 0.19433997975571243 0.33803767266790224
2 0.23969666470692755 0.2674829313390575 0.2834227885833979 0.26822551293373137 0.28984319185417123 0.33563034997511454 0.24490050121458615 0.33803767266790224
2 0.29169104139970037 0.2653164989768586 0.34281134249694684 0.2646145288945497 0.3468241165838183 0.3356303499751145 0.29626359512494455 0.3368340113215083
2 0.3415189857302742 0.26423328279575914 0.39417443640730526 0.26341086754815596 0.39658206559120723 0.33322302728232683 0.3476266449500269 0.332019365935933