0 0.41595624614045884 0.8791328622404833 0.41845133917510446 0.7610588497297684 0.521189897962399 0.7631989508378024 0.5233302715399176 0.8798340791592169
0 0.5226168267446281 0.8809041591029605 0.5211898979623991 0.764268972002093 0.6210745991852353 0.7674791530538707 0.6289227270833203 0.8819741802672509
0 0.6274957591094413 0.8830442602109945 0.621788043980525 0.7674791530538706 0.800867077063001 0.7685491742181612 0.8129959521161233 0.8819741802672508
0 0.4185241801155276 0.7597239323997829 0.42130519673956257 0.6551241681690717 0.5953899594884118 0.6572642692771058 0.5996707066434491 0.7674791530538707
0 0.5982795583703454 0.7674277343249895 0.5946765146931221 0.6551241681690717 0.6917073583515004 0.6594043703851399 0.7002689310448749 0.7664090731101273
0 0.7003549338793311 0.7683907095656403 0.690993913556211 0.6594043703851399 0.78659786762401 0.6636845138217549 0.7987267426771324 0.7685491742181612
0 0.4217340975843637 0.6595745073720988 0.4241590151123708 0.5545397099887335 0.5161956668204222 0.557749832261058 0.5176225956026512 0.6572642692771057
0 0.5173896381556774 0.6557226064094955 0.5169091116157117 0.5545397099887335 0.6103726921059921 0.5598899333690923 0.615366884056319 0.6572642692771058
0 0.6153668840563191 0.6561941893333622 0.6110861369012817 0.5588199122048018 0.7751824373661772 0.5652401567494512 0.785170899650131 0.663684513821755
0 0.42415901511237086 0.5545397099887335 0.42629942788153946 0.46572577851285657 0.5882553547689162 0.4710760018932153 0.5911092123333744 0.560960013312836
0 0.5912177399389061 0.5584621071037638 0.5882553547689162 0.4689359301749078 0.6774381489125093 0.47321610300124933 0.6817188960675468 0.5620300344771263
0 0.6824323408628363 0.5609600133128358 0.6774381489125093 0.4710760018932153 0.764480530286934 0.47535620410928353 0.7751824373661772 0.5652401567494508
0 0.43072186649710453 0.4640905335199845 0.434860961383264 0.38547222207938947 0.5197629691801698 0.3886823737414407 0.5204764139754595 0.4732161030012494
0 0.5204764139754595 0.46893593017490776 0.5190495243848804 0.3854722220793894 0.606091866567655 0.38547222207938947 0.6082322793368236 0.4710760018932153
0 0.6096592473107025 0.47000598072892474 0.6082322793368236 0.3854722220793894 0.7587728151580176 0.39082247484947474 0.7651939750822234 0.47535620410928353
0 0.43129365902351624 0.30093849281958074 0.43200710381880575 0.23780568647093356 0.5119148804737348 0.23994578757896767 0.5140552540512536 0.30521869503564897
0 0.516105671168143 0.30616259405325175 0.5154821828334827 0.2420858886870018 0.5946765146931221 0.24422598979503587 0.5953899594884118 0.3084288173079736
0 0.6003842298220384 0.30735876675395657 0.5975303722575803 0.2420858886870018 0.7395093353854 0.24850616262137762 0.7452170505143164 0.31377907007805883
0 0.43072186649710453 0.23201350052313952 0.43200710381880575 0.1554120583191589 0.5739860669466255 0.16504248391558587 0.576126479715794 0.2388757370249506
0 0.576126479715794 0.23673566530664303 0.5754130349205044 0.166112534469603 0.6538938436015544 0.1693226714367909 0.6581746691398918 0.24101583813298474
0 0.6581746691398918 0.24101583813298474 0.654607366780144 0.16932267143679083 0.7295208731014463 0.1746729095120129 0.738082445794821 0.24529604034905295
0 0.4339317839659406 0.1578644069930272 0.434860961383264 0.08692902124272135 0.5119148804737349 0.09334930987196041 0.5126283644606744 0.15969224584036387
0 0.512895753699307 0.1578644069930272 0.5133418092559641 0.09120921611135797 0.5882553547689162 0.0976294973931654 0.5911092123333744 0.16611253446960295
0 0.5892917894576045 0.16556820891823368 0.5882553547689162 0.09869954794718246 0.7230997131772403 0.1083299661961778 0.7295208731014463 0.1746729095120129
0 0.4345737674597078 0.0875672144255181 0.4370013349607827 0.023703725058893222 0.5675649070224195 0.03012402838299559 0.5697053197915881 0.0964669570039674
0 0.5693903011508211 0.09473406135659364 0.5689918749962986 0.026913876720944384 0.6431919365223113 0.032264100101303136 0.646759238882059 0.10181718038432623
0 0.6464283204028858 0.10051191280049852 0.643905381317601 0.03012402838299564 0.7138246956885763 0.041894525697730195 0.7223862683819509 0.10609738260039442
0 0.4390676519160782 0.023473893548433808 0.44056867651218035 0.00016270103969759023 0.5133418092559641 0.00016270103969755323 0.5126283644606744 0.025843826166927316
0 0.512895753699307 0.02443686878908461 0.5133418092559641 0.0012327515937146309 0.5854014972044581 0.0023027727580051537 0.5861149419997477 0.029053977828978558
0 0.5867238554825356 0.027325794511037046 0.5846880524091685 0.0012327515937146036 0.7102573933288285 0 0.7145381404838659 0.04189452569773014 0.6446188261128903 0.03226410010130317