1 0.44372428786348517 0.6993683339907205 0.4440869418877676 0.6390353295266745 0.4826646140631261 0.6405990804440288 0.482664614063126 0.6992395895213226
1 0.48125157191697715 0.6993683339907205 0.4826646140631261 0.6413809773774913 0.5228062648835773 0.6437265822787378 0.5207209791147568 0.701585194422569
1 0.5206552201731437 0.7021828802947323 0.5217636219991671 0.6413809773774913 0.5624265513063913 0.642944728294846 0.5603412655375709 0.7000214435052144
1 0.5603412655375709 0.6421628313613833 0.6025681734898878 0.6460721871799842 0.60204686636616 0.7031489453399231 0.5629478584301191 0.7015851944225688
1 0.6018079719388201 0.6458919542144944 0.6593920818239474 0.648417835030801 0.657306796055127 0.7070583011585239 0.6015255592424322 0.7047126962572777
1 0.4451295847721778 0.7008032974891063 0.4988255358160521 0.7039307993238152 0.4988255358160521 0.7578800556490455 0.4451295847721778 0.7563163047316912
1 0.4988255358160521 0.7586619096329373 0.4988255358160521 0.7008032974891063 0.5394884651232763 0.7023670484064606 0.5379245437520931 0.7602256605502918
1 0.5389671579995486 0.7594438065664001 0.5389671579995486 0.69845769258786 0.5770234944142246 0.7008032974891063 0.5775448588118619 0.7586619096329374
1 0.5775448588118618 0.7586619096329373 0.5775448588118619 0.6992395895213226 0.6015255592424322 0.701585194422569 0.6025681734898877 0.7062764471746322 0.618207788119086 0.7062764471746322 0.6171651738716305 0.7594438065664001
1 0.6176864809953582 0.760225660550292 0.6176864809953583 0.7054945502411696 0.6562641245337621 0.7086220520758784 0.6552215102863066 0.7594438065663999
1 0.4456509205328602 0.8141749168755222 0.4451295847721778 0.7555344507477993 0.4821433069393983 0.7578800556490455 0.48110066405498814 0.8157386677928766
1 0.48162197117871586 0.8165205217767685 0.48110066405498814 0.7563163047316912 0.5201996433540744 0.7586619096329373 0.5201996433540744 0.8149568138089847
1 0.5206552201731437 0.8168756421832172 0.5217636219991671 0.7586619096329374 0.5592986512901155 0.7578800556490455 0.5598199584138431 0.8165205217767684
1 0.559819958413843 0.8165205217767685 0.5598199584138431 0.7578800556490455 0.5989189663498842 0.7586619096329374 0.5978762948285192 0.8188661696275854
1 0.5983976592261564 0.82042992054494 0.599440273473612 0.7570982016651536 0.6547002031625789 0.7625713084011088 0.653657531641214 0.8196480236114773
1 0.446172227656588 0.8657785253499356 0.4451295847721778 0.8133930628916304 0.49726158580791413 0.8173024187102311 0.49726158580791424 0.86734227626729
1 0.49726158580791424 0.8673422762672899 0.49778289293164196 0.8141749168755222 0.5353179508595449 0.8165205217767685 0.5358392579832727 0.8704697781019989
1 0.5347279516932032 0.8682411122314344 0.535317950859545 0.8173024187102311 0.5733742872742209 0.8173024187102311 0.5728529801504932 0.8689060271846446
1 0.5749382659193137 0.8696879241181071 0.5749382659193137 0.817302418710231 0.6135159094577175 0.82042992054494 0.612473295210262 0.8712516750354614
1 0.6130661571548676 0.8703520219594433 0.6140372165814452 0.8196480236114773 0.6515722458723936 0.82042992054494 0.6500083245012104 0.8704697781019989
2 0.4526370178261895 0.4270609790775693 0.451385442078639 0.342710351561793 0.5076879860150614 0.34349222702047016 0.5097732431469271 0.42558891395893894
2 0.509397034957096 0.42635734250156637 0.5082092931387892 0.342710351561793 0.5665971228440321 0.342710351561793 0.5655545085965766 0.42637078941761614
2 0.5656879610373341 0.4277646156535724 0.5655545085965765 0.3411466113818313 0.6234209739041823 0.3403647359231541 0.6208143810116341 0.4248070385002618
2 0.45732792833287594 0.5044610024378966 0.45711993498746295 0.425588913958939 0.5108158860313374 0.42558891395893894 0.5108158860313373 0.5045580990626988
2 0.5102945789076097 0.5037762236040216 0.5108158860313374 0.42558891395893894 0.5665971228440321 0.425588913958939 0.5655545085965765 0.5045580990626989
2 0.5665971228440321 0.5037762236040216 0.5676397370914875 0.4248070385002618 0.6208143810116341 0.4248070385002618 0.6197717667641786 0.5029943481453444