2 0.19414786481482213 0.9618746406177975 0.2011427400101017 0.8933983477876659 0.24956718867876118 0.8933983477876659 0.24325096630055879 0.9644462618693103
2 0.24851448013015817 0.9660251092227029 0.2543043626907668 0.8965560424944514 0.32378295341807034 0.897345444489045 0.3195721192236584 0.9652356638639039
2 0.3227302159560517 0.9652356638639039 0.32641471033287 0.8957665971356523 0.39431416595373003 0.8989242918424377 0.39220874885652424 0.9644462618693102
2 0.20009003146149873 0.8941877497822597 0.2090380396679163 0.8105091002376793 0.255883439970379 0.8128773495856657 0.2479881403125644 0.8933983477876661
2 0.2543043626907668 0.8949771951410588 0.25904153670277247 0.8168244896512501 0.3269410501504637 0.8199821409938299 0.322203876138458 0.8973454444890451
2 0.32430929323566404 0.8957665971356523 0.3295728070652634 0.81682448965125 0.39589324323334235 0.8184033370046426 0.39431416595373014 0.8981348898478441
2 0.20977731330035582 0.8091323031455365 0.21798604787433387 0.7323563947478707 0.264831419263381 0.7363034914492496 0.25798882815416946 0.8136667949444647
2 0.2595679054337817 0.8168244896512501 0.2653577879943903 0.739461186156035 0.33273090379765674 0.7410400335094277 0.32746738996805735 0.8184033370046427
2 0.3272349867673969 0.8162365979116881 0.33273090379765674 0.7386717841614415 0.3979986603305484 0.7434082828574142 0.39484056359815495 0.8191927389992364
2 0.23298467620311794 0.6890697215975732 0.24061920938575915 0.6171058512839745 0.28430648404241293 0.6210529479853537 0.277990232750795 0.6897326127190117
2 0.23956650083715614 0.6147376019359884 0.24640909194636776 0.5507944575804058 0.28904365805441856 0.5539521522871912 0.2832537754938099 0.6202635459907601
2 0.24956718867876115 0.5515838812571022 0.2564097797879727 0.4892196059370152 0.2974652686164112 0.4947455499917869 0.2916754149692182 0.5547415759638876
2 0.29272812351782124 0.555530999640584 0.2985180060784299 0.4900090296137114 0.35904853077248455 0.4979032446985722 0.35431135676047887 0.5618463673720521
2 0.2853591925910159 0.6265788920401254 0.2911490462382089 0.5563204233172803 0.3543113567604789 0.5634252147254447 0.34904784293087965 0.6305260321057099
2 0.2822010669452069 0.6905220580778108 0.2869382409572126 0.6257894900455319 0.3506269202104919 0.6297365867469109 0.34694242583367363 0.6944691547791897
2 0.35423130687877324 0.5611924158068431 0.36010126823450317 0.49632439734517947 0.4180000360137583 0.5026397650766475 0.41642101656097724 0.5665829094322301
2 0.35062692021049185 0.6289471847523171 0.3548377544049039 0.5602675200186593 0.41747369619616465 0.5673723114268238 0.4143155994637713 0.6336836834482898
2 0.3495741827484733 0.6936797094203907 0.3537850169428853 0.6289471847523171 0.41536827909895857 0.6344731288070888 0.4132628620017526 0.696837404127176