0 0.026428713436015168 0.4755126436551412 0.13370199969005706 0.468093407365752 0.15502704422507368 0.6264865689433035 0.05144818476392959 0.6356246625038273
0 0.1369915789330912 0.4686595734797026 0.288054862368096 0.463524402416235 0.2992250839469583 0.6188715328069452 0.15502704422507366 0.6264865689433036
0 0.29516321054643485 0.4604783712293938 0.44139221485955066 0.4604783712293938 0.43936125026831974 0.6097334392464214 0.300240594133543 0.6097334392464214
0 0.02551497074595669 0.6454687840060184 0.1337019996900571 0.6447626724028612 0.14791869604673477 0.7924947248264683 0.044339836585590736 0.7985867872001507
0 0.14081034786839597 0.6401936674533442 0.28602389777686515 0.6325786313169861 0.2971941751376659 0.7787876263164274 0.15502704422507374 0.7864027461142755
0 0.29313224595520404 0.6249635115191379 0.43529932108585784 0.6249635115191378 0.43733028567708876 0.7635575540437107 0.30125604853818927 0.7650805278063867
0 0.04738625558146784 0.7985867872001506 0.15198062522919653 0.7955407560133095 0.16315090258999712 0.9310887673510413 0.06363391652937647 0.937180829724724
0 0.15252520466408534 0.7866420296200535 0.29414770035985033 0.7848796886901099 0.30430252331600466 0.9158586950783251 0.16721283177245877 0.9234737312146831
0 0.29689654969332513 0.7729358892691763 0.4363148312724424 0.7711725901800692 0.4383457400817351 0.9006285391441184 0.30430252331600477 0.911289606467318
0 0.5335559064184713 0.6399863278656676 0.5277079031862014 0.4757084853328551 0.6109772840808518 0.47570848533285515 0.6140236472947905 0.6325786313169861
0 0.613051520453559 0.6317626436551412 0.6130081928901442 0.477231459095531 0.696277462220918 0.472662454146014 0.6932310990069792 0.6280095427059792
0 0.6925471344886468 0.6303920296200535 0.6942465534116256 0.47418546973943454 0.7765003683377532 0.468093407365752 0.7734538935599377 0.6264865689433035
0 0.7734538935599377 0.6264865689433036 0.7795468431155684 0.4650473761789108 0.8597696376685268 0.4620013868228145 0.8526613452721261 0.6173484753827797
0 0.8526613452721264 0.6173484753827797 0.8607850920731731 0.4620013868228144 0.9369460690075464 0.4498173039061943 0.9288222106426226 0.6097334392464214
0 0.5326421637284128 0.7893832576902289 0.5338008527418323 0.6386706100291786 0.609961718112329 0.6325786313169862 0.6089462637076826 0.7818336575032689
0 0.6089462637076826 0.7833567149274345 0.6109772840808517 0.6295326001301447 0.6912000786338102 0.6264865689433036 0.6851072406420556 0.7787876263164274
0 0.6840917862374096 0.7787876263164275 0.6881536038559948 0.6280095427059792 0.7673610555681832 0.6249635115191379 0.761268217576429 0.7726956476042347
0 0.761268217576429 0.7726956476042347 0.766345601163537 0.6234405377564622 0.8465683957164953 0.6173484753827797 0.8364136285422793 0.768126558993228
0 0.8374290829469259 0.7650805278063868 0.8485994160896647 0.6188715328069453 0.9247602814601611 0.6127794704332629 0.9105435851034834 0.7620345802810354
0 0.5348163071464785 0.9234737312146831 0.5338008527418324 0.7864027461142755 0.6089462637076826 0.7864027461142755 0.6058997889298671 0.9204277000278418
0 0.6057415789330912 0.9168503629533868 0.6099617181123289 0.7833567149274344 0.6861226950467021 0.7787876263164275 0.6810453114595939 0.9173816688410007
0 0.681582222207945 0.9154797489182991 0.6851072406420556 0.7772646525537519 0.761268217576429 0.7757416787910763 0.7551752680207983 0.9082435752804767
0 0.7555953801026818 0.9072560647077728 0.761268217576429 0.7696496164173937 0.8364136285422793 0.7681265589932279 0.8232123865902479 0.9036745703309598
0 0.8259535672371847 0.9045148366375974 0.8374290829469259 0.768126558993228 0.9074972218895446 0.7620345802810353 0.8963268887468059 0.8975825079572773
2 0.4668526900442023 0.24524948576040434 0.46474822398579785 0.14064605871819455 0.5175531360119855 0.1436920899050358 0.5175531360119855 0.2503028467985206
2 0.5171085379974186 0.24387887172531664 0.5175531360119854 0.1436920899050358 0.5652807202330031 0.14064605871819455 0.563249699859834 0.244210784424838
2 0.5637094151904012 0.24387887172531664 0.5632496998598341 0.13912304312477394 0.6444880603813152 0.1376000275313533 0.6455035147859614 0.23964177947532106