0 0.6258439181143778 0.6207977313744394 0.6302713640246375 0.468093407365752 0.707447795363657 0.4680934073657519 0.7003393914033799 0.6188715328069452
0 0.6989433333190561 0.618056503304264 0.7084632497683033 0.46961642295917266 0.7876705899166153 0.46657039177233156 0.7775158227423994 0.6203945065696209
0 0.7766114619740269 0.6194271173393517 0.7876705899166151 0.4650473761789107 0.8689089504380965 0.46504737617891073 0.855707708486065 0.6188715328069452
0 0.8561070760091146 0.6153152752340886 0.8689089504380965 0.4650473761789107 0.9491318565549313 0.4620013868228144 0.9298376650472692 0.6143024441959384
0 0.9298376650472693 0.6127794704332629 0.9501473109595778 0.4589553556359732 1 0.45895535563597323 0.9988903495852418 0.6127794704332628
0 0.6185339765939099 0.7633415910235622 0.6221475056597141 0.6219175639937867 0.6993239369987334 0.6188715328069453 0.6922155330384563 0.7605115228568697
0 0.6932310990069792 0.7574654916700285 0.6983084825940872 0.6158255016201041 0.7765003683377532 0.6158255016201041 0.766345601163537 0.755942517907353
0 0.7638190643132081 0.7592297489182991 0.7744693479645839 0.6173484753827797 0.8536767996767725 0.6158255016201041 0.8414910121293876 0.7620345802810354
0 0.8405734502781205 0.7633415910235622 0.8536767996767727 0.615825501620104 0.9298376650472692 0.6127794704332629 0.9115590395081296 0.7635575540437107
0 0.9118453801026818 0.7551179068130359 0.9288222106426227 0.6112564130090973 1 0.6112564130090972 1 0.6508547347765435 0.9856891076332104 0.7513734292963459
0 0.6121377777635005 0.8798437840060184 0.617070122072606 0.758988549094194 0.6912000786338102 0.7605115228568697 0.6830762202688866 0.8853984668714023
0 0.6843234502781205 0.8853262401463693 0.6912000786338102 0.7559425179073528 0.7653300351950142 0.755942517907353 0.7561907224254445 0.8838754094472366
0 0.7555953801026818 0.8812143980411061 0.7653300351950142 0.7574654916700284 0.8374290829469256 0.7574654916700285 0.8262588613680634 0.8838754094472366
0 0.8268673099272432 0.8825850120761938 0.8364136285422794 0.7574654916700284 0.9105435851034837 0.7605115228568697 0.8963268887468059 0.8793064044977196
0 0.8963268887468058 0.8762603733108785 0.9095281306988374 0.7528964867205115 0.9795961580775795 0.7483274817709946 0.9623330985069629 0.8762603733108784
0 0.6211320512550679 0.9600259381337987 0.6881536038559947 0.9585029643711227 0.6840917862374095 1 0.617070122072606 1
0 0.6879784210383544 0.9579687840060184 0.7582217427986137 0.9569799906084472 0.7521289048068592 1 0.6830762202688866 0.999624259901245
0 0.7574228654827988 0.9579687840060184 0.8262588613680634 0.9569799906084472 0.8211814777809554 1 0.7521289048068592 0.999624259901245
0 0.8250398245471263 0.955227555935843 0.8963268887468059 0.953933959421606 0.8871875759772362 1 0.8221969321856016 0.9996242599012451
0 0.8935705263015122 0.9483744857604044 0.9572556033559784 0.9478418970479232 0.9450699273724699 0.9981012861385694 0.8871875759772362 1
1 0.2612605847810444 0.6934402752340886 0.3560919251556075 0.6904530565439903 0.359138399933423 0.7985867872001505 0.26977623682895663 0.801632818386992
1 0.35609192515560756 0.6858839679329833 0.40280399919004073 0.6889299991198246 0.4058504181859179 0.7970638134374751 0.36218481892930005 0.7985867872001506
1 0.4028907017401087 0.6852165910235622 0.44850056303788927 0.6828379367461422 0.4485005630378894 0.7940177822506339 0.40280399919004073 0.7955407560133096
1 0.44675035086291576 0.6824753629533868 0.4931816724810917 0.6797919892207908 0.4911506521079225 0.7894487773011168 0.44748505285130474 0.7909717510637925
1 0.2728226558248338 0.8001098446243163 0.36218481892930016 0.7985867872001507 0.3662467481117617 0.8991055653814428 0.27993100400317256 0.9036745703309598
1 0.36177228068747713 0.7948657138305798 0.4058504181859179 0.7955407560133095 0.4078813827771487 0.8975825079572775 0.3662467481117617 0.8991055653814429
1 0.40471818712022567 0.7921244857604044 0.4505315276291202 0.7940177822506339 0.4515469820337663 0.8945364767704358 0.4088968929637333 0.8960595341946016
1 0.4485778362430327 0.7921244857604044 0.4941971268857381 0.7894487773011168 0.4941971268857381 0.8914904455835947 0.45357794662499734 0.8930135030077603
2 0.3154728006768052 0.23659574828847982 0.35913839993342295 0.23659574828847982 0.3611693645246539 0.32036135494214496 0.31445729049022075 0.32036135494214496
2 0.35720356723718477 0.2356551875147903 0.4241290437250574 0.2350727326950592 0.42616000831628825 0.31731532375530375 0.35913839993342295 0.31883833934872435
2 0.4251445539116419 0.23659574828847982 0.4881042888939837 0.23811876388190042 0.49013519770327624 0.315792308161883 0.4251445539116419 0.31731532375530375
2 0.3164882550814515 0.3218843705355657 0.36218481892930016 0.3218843705355657 0.36320027333394655 0.39651188362870704 0.3185192196726823 0.39803489922212765
2 0.3608585379974187 0.3178920296200535 0.42717551850287266 0.315792308161883 0.42920642731216535 0.3949888680352864 0.36218481892930005 0.39651188362870704
2 0.42482052630151224 0.31652141558496577 0.4881042888939837 0.3142692925684624 0.48810428889398366 0.39194287867919003 0.4271755185028727 0.39194287867919003
2 0.3197401169447871 0.3973876436551412 0.3632002733339465 0.39651188362870704 0.3662467481117618 0.4589553556359732 0.3235966032597904 0.4589553556359732
2 0.36268602337753564 0.393275801549878 0.42920642731216535 0.39346589427261075 0.4322529020899808 0.4543863088557112 0.3662467481117617 0.4589553556359732
2 0.4266480116816292 0.3891639594446149 0.4891197432986299 0.39194287867919 0.4901351977032762 0.4574323400425524 0.4322529020899807 0.4589553556359732
1 0.02551497074595669 0.41383501207619383 0.11542337415091761 0.4117419977321683 0.12456268692048736 0.49398458879241286 0.03621597822066726 0.4970306199792542
1 0.08308076021964089 0.4947012401463693 0.12456268692048741 0.49550764621657856 0.13573296428128795 0.5686121437162991 0.09105185483808557 0.5701351174789749
1 0.030083684196249086 0.4974424682165447 0.08394350665974672 0.4985536774034197 0.09105185483808557 0.5686121437162991 0.040277907403128976 0.570135117478975
1 0.05018602337753564 0.5700850120761938 0.13471745409470332 0.5686121437162991 0.14385676686427307 0.6447626724028611 0.058556532942268466 0.6478087035897024
1 0.10592432747110289 0.7030345734797026 0.145887731455504 0.7041601550540311 0.1529960796338428 0.7681265589932279 0.11440786396433303 0.7711725901800692
1 0.05566847951788651 0.7071464155849657 0.10526855119476332 0.7072061862408725 0.11440786396433307 0.7726956476042347 0.06972681030306899 0.7742186213669106
1 0.07211584793893915 0.7756771173393517 0.1529960796338428 0.7711725901800692 0.1621353924034125 0.8336160203565904 0.08495896106439293 0.8381851089675976
1 0.12602666665238943 0.8346135208481237 0.16315090258999712 0.835139077780756 0.1702592507683359 0.886921440634078 0.1347174540947033 0.8899674718209191
1 0.08216701752958241 0.8387253629533868 0.1276091059163645 0.839708082730273 0.1337019996900571 0.8914904455835947 0.08800543584220845 0.8930135030077603
1 0.0026714034944947 0.8305016787428605 0.028092175637682137 0.8320930465939148 0.0392623972165444 0.8899674718209191 0.0006742094380038012 0.8914904455835946