0 0.1095792982313368 0.5289665910235622 0.13268648950347248 0.38280478511866617 0.2718071456382492 0.3888968474923489 0.258605959468156 0.5335829105598595
0 0.25962141387280224 0.5351058843225351 0.2728226558248338 0.3904198630857693 0.4099123473683795 0.3949888680352863 0.4028039991900409 0.5396749729335419
0 0.40197695905005026 0.5385608892691763 0.41295876636425666 0.39194287867919 0.5084138232424157 0.3934658942726107 0.504351894059954 0.5381519155093764
0 0.08495896106439302 0.6934990877308315 0.10729951578599418 0.5290138219488525 0.2545440302856944 0.5335829105598595 0.24032733392901662 0.6950220614935072
0 0.24438920732954014 0.6934990877308315 0.26165237846403316 0.5320598531356939 0.4058504181859179 0.5366289417467007 0.3977266156029327 0.6980680926803486
0 0.39832198828981635 0.6948108892691763 0.4078813827771487 0.5335829105598596 0.5073983688377695 0.5381519155093765 0.5033364396553077 0.6980680926803485
0 0.06261846212473017 0.8488461762907968 0.08394350665974672 0.6934990877308315 0.24134278833366282 0.6934990877308315 0.22712609197698508 0.8534151812403139
0 0.23202081869917307 0.852431503304264 0.24642017192077095 0.6950220614935073 0.3987420700075789 0.7011141238671895 0.3916337218292401 0.856461212427155
0 0.4001494736699333 0.6906990471639132 0.5073983688377695 0.6965450352561828 0.5033364396553077 0.8671222797503546 0.39366468642047103 0.8595072436139963
0 0.14521526314361752 0.2836266787428605 0.1641663569946434 0.16806025573827604 0.2921167357686194 0.18024433865489617 0.28297742299904965 0.28837811114180156
0 0.28319040934244794 0.2891091348832114 0.29414770035985033 0.17872132306147562 0.42311358932041115 0.1863363591978337 0.4200671145425956 0.2944701735154842
0 0.41933807016116137 0.29596220505864995 0.4251445539116419 0.189382390384675 0.5134912068295238 0.19242842157151632 0.5155222272026929 0.2959931891089047
0 0.1634901169447871 0.16849509979549207 0.18244498253378283 0.058403446742577546 0.30531797772065095 0.06754151938772884 0.2951632105464349 0.17719830746805493
0 0.29689654969332513 0.17946001207619383 0.30734894231188176 0.06754151938772888 0.42920642731216535 0.0766795920328802 0.42311358932041104 0.18785937479125436
0 0.4261600083162882 0.18633635919783376 0.43022193749874993 0.07211054525261829 0.51450666123417 0.07667959203288018 0.5134912068295236 0.1863363591978337
0 0.18724742688630758 0.058845976988474526 0.194630770081168 0 0.3185192196726824 0 0.30937990690311257 0.06601850379430825
0 0.3096889473541438 0.06706966119900085 0.3175037094860978 0 0.4342838666812116 0.0005290424309457489 0.4302219374987499 0.07515657643945961
0 0.4322529020899807 0.07058755057457015 0.43428386668121155 0 0.5165376816073391 0.0005290424309457489 0.5165376816073391 0.0690645349811495
0 0.5744200330025728 0.27467101263176086 0.5693425378515883 0.14978411044797338 0.6769833822771325 0.14826109485455283 0.6851072406420557 0.26705597649540264
0 0.6843234502781205 0.26854992435689556 0.6759679278724862 0.1528301416348147 0.7785312771470455 0.15435315722823537 0.796809902686185 0.27010196585149887
0 0.7958000584652549 0.271291152427071 0.7785312771470455 0.15587617282165592 0.8800792835808354 0.1573991884150766 0.904450747111729 0.27467101263176086
0 0.5783292982313368 0.2699205383919833 0.6952620078162718 0.26857899208882324 0.7054167749904878 0.38128176952524556 0.5957450217556511 0.38280478511866617 0.5926986585417123 0.41174199773216835 0.5845748001767889 0.4102189821387477
0 0.6971158479389391 0.2699205383919833 0.8089956902335703 0.26857899208882324 0.8272743157727096 0.3812817695252457 0.707447795363657 0.3828047851186662
0 0.8110265990428629 0.27010196585149887 0.9206983522776994 0.2716249814449196 0.9440544729678233 0.38128176952524556 0.8262588613680634 0.3843278007120869
0 0.6130081928901442 0.6736999268471081 0.604884334525221 0.48636955265605475 0.732834713299197 0.48636955265605464 0.7490824300290438 0.6676078644734257
0 0.7546816374126234 0.6660279945323342 0.7368966424816586 0.47418546973943465 0.8638315668509884 0.4772314590955308 0.8892185963504052 0.66608489071075
0 0.8890018128512198 0.6660279945323342 0.8638315668509884 0.48180054770653774 0.9856891076332104 0.5015996249287711 1 0.6097334392464214 1 0.6706538956602669
0 0.6084828070032666 0.8620258015498781 0.5957450217556511 0.6660848907107502 0.7328347132991969 0.6691308382361014 0.7470514096558748 0.8595072436139963
0 0.7537678947225649 0.8606551875147903 0.7358811880770124 0.6676078644734258 0.8699244048427431 0.6676078644734257 0.8942959799375131 0.861030301038162
0 0.8944842689915707 0.8620258015498781 0.8709399708112655 0.6645618332865845 1 0.6691308382361018 1 0.8595072436139966