0 0.06160295193814556 0.8442771713412798 0.07785061288605412 0.7026370976298656 0.19056884089870624 0.7026370976298656 0.1733056697642131 0.8518922074776382
0 0.1726275438453719 0.852431503304264 0.18853787630747537 0.699591066443024 0.34289073898551437 0.7041601550540308 0.33476688062059096 0.8534151812403138
0 0.3357823350252373 0.8534151812403138 0.34187522879892973 0.7011141238671897 0.4881042888939837 0.7087291600035479 0.4881042888939837 0.8610303010381619
0 0.07886612307263872 0.7011141238671896 0.09816020301642443 0.5381519155093765 0.20173911825950677 0.5427209204588934 0.18549145731159816 0.7026370976298656
0 0.18853787630747545 0.7011141238671897 0.20377008285073767 0.5427209204588933 0.34593715798139146 0.5457669516457344 0.33984426420769887 0.7056831288167068
0 0.34289073898551437 0.7026370976298656 0.3479681225726224 0.5488129828325758 0.4850578141161683 0.5564280189689342 0.4860732685208145 0.7087291600035479
0 0.10323758660353248 0.5351058843225351 0.12151621214267194 0.3934658942726107 0.21595581461618457 0.3965118836287069 0.2037700828507377 0.5411979466962176
0 0.20275457266415312 0.544243977883059 0.21697126902083083 0.3980348992221276 0.3550764707509613 0.40564997718923074 0.3499990871638532 0.5472900090699002
0 0.34806614033659994 0.5508964155849657 0.35507647075096127 0.4010809304089688 0.48911974329862995 0.4147880289190096 0.4870887229254608 0.5564280189689341
0 0.146129005833676 0.31652141558496577 0.16111993799876623 0.21527357181133594 0.24845113651200176 0.22441166537185964 0.23829636933778575 0.31883833934872435
0 0.2382963693377857 0.3188383393487244 0.24845113651200168 0.2213656341850184 0.37132413169886985 0.2350727326950591 0.36523123792517725 0.33102242226534456
0 0.3645135087576526 0.33159816997093067 0.3723395861035162 0.23507273269505913 0.48810428889398366 0.2563948673414582 0.4860732685208144 0.3401604739951233
0 0.16315090258999712 0.21375055621791522 0.17939856353790562 0.10866281491785114 0.26165237846403316 0.11780088756300244 0.2474356821073555 0.22593468096528033
0 0.24755444443016722 0.21920781909373768 0.2616523784640332 0.11475485637616117 0.3784324798772086 0.12998499139499506 0.3713241316988699 0.23507273269505913
0 0.37132413169886985 0.23202670150821791 0.37944799006379326 0.13303098075109135 0.4870887229254609 0.14826109485455274 0.48708872292546074 0.2579178829348788
0 0.17810999998572277 0.10818808225163243 0.194630770081168 0.0096670941607246 0.2728226558248337 0.020328182399296603 0.26165237846403316 0.11780088756300243
0 0.2616523784640333 0.11627787196958185 0.2728226558248337 0.021851197992717175 0.3855408280555475 0.03860430677422674 0.37843247987720874 0.13303098075109138
0 0.3773059064184713 0.13422974891829909 0.3855408280555476 0.04012732236764739 0.48810428889398366 0.049265395012798675 0.48810428889398366 0.14826109485455283