0 0.1306555806941799 0.8351390777807558 0.1083150259725788 0.670653895660267 0.24235824273830914 0.6599928283370676 0.25555948469034057 0.8244780104575568
0 0.24115824559975785 0.6605455383919833 0.3662467481117617 0.6523777085392195 0.3764015152859778 0.8122938857101917 0.25251306569446336 0.8244780104575568
0 0.369082222207945 0.6482100120761938 0.49216621807644534 0.64171664121602 0.49216621807644534 0.7985867872001506 0.3743705506947469 0.8092478545233502
0 0.12511292396233095 0.8455784331288254 0.24946664669858631 0.8336160203565905 0.2646987974599103 0.9798250990175217 0.14487227705085765 0.9904861663407213
0 0.2502956725003427 0.827760450672685 0.37132413169886985 0.8168629743211985 0.3784324798772086 0.9645950267448056 0.2646987974599103 0.9783021252548461
0 0.3733550962901008 0.8107709119475159 0.49013519770327635 0.8031558758111575 0.49419712688573797 0.9478418970479232 0.3804634444684394 0.9600259381337986
0 0.5987914965334664 0.708729160003548 0.6018379713112819 0.5929803095495395 0.6668286151029164 0.5929803095495395 0.6637821403251009 0.7072061862408724
0 0.6647975947297472 0.7056831288167069 0.6678440695075627 0.5914573357868637 0.8029028522418159 0.5853652734131812 0.7988409230593541 0.6950220614935072
0 0.8003687719155473 0.696181503304264 0.8039183066464621 0.5838422159890158 0.9338995942297308 0.573181148665816 0.9227293726508686 0.6889299991198247
0 0.5957450217556511 0.813816943134357 0.5987914965334664 0.7117751911903895 0.7308038044899045 0.7041601550540312 0.72471096649815 0.8122938857101917
0 0.7267418753074427 0.8153399168970329 0.7318192588945506 0.705683128816707 0.8638315668509884 0.6995910664430242 0.8546922540814188 0.8031558758111577
0 0.8567231628907115 0.8046788495738334 0.8648470212556347 0.6980680926803485 0.9247602814601611 0.6934990877308314 0.9156209686905914 0.8016328183869921
0 0.5967604761602974 0.9265197624015246 0.5977760421288203 0.8244780104575566 0.6607356655472857 0.8229549530333911 0.6576893023333468 0.9219506737905175
0 0.6607356655472856 0.9219506737905175 0.6617512315158084 0.8214319792707152 0.7937635394722463 0.8153399168970328 0.7856396811073226 0.9143356376541595
0 0.7886861558851382 0.9128126638914836 0.7957944482815386 0.8122938857101915 0.9196828978730534 0.8031558758111575 0.9095281306988373 0.9036745703309598