0 0.1369915789330912 0.23291395944461488 0.16010442781218165 0.0995247422726998 0.26876072664237205 0.10104775786612043 0.25251306569446336 0.23659574828847987
0 0.25212315788045964 0.2342845734797026 0.2667297620511412 0.10257077345954102 0.37843247987720874 0.1040937890529617 0.37132413169886996 0.23811876388190037
0 0.37030867729422356 0.23507273269505913 0.3764015152859777 0.10409378905296177 0.4870887229254608 0.10561680464638241 0.4881042888939837 0.2350727326950592
0 0.11506175437168768 0.36038106470777276 0.13674841868593418 0.23050368591479728 0.2514976112898172 0.23202670150821791 0.23626540474655494 0.3599596348788466
0 0.23567578945940698 0.35763983663759735 0.25048210110323255 0.23354971710163852 0.3703086772942236 0.23659574828847982 0.3632002733339465 0.358436619285426
0 0.3632002733339465 0.35691360369200537 0.37030867729422356 0.23354971710163852 0.48810428889398366 0.23354971710163852 0.48810428889398366 0.35691360369200525
0 0.06297842103835435 0.6468393980411061 0.09308281942931647 0.4528632932622907 0.2240796171991698 0.4559093244491319 0.2037700828507377 0.6508547347765435
0 0.20478553725538398 0.6432396986401856 0.22407961719916966 0.45134027766887 0.3581228897468384 0.4543863088557112 0.3459371579813916 0.6493317610138681
0 0.346238654956483 0.6440981699709307 0.35812288974683837 0.4574323400425524 0.49013519770327635 0.4620013868228144 0.4850578141161683 0.6523777085392193
0 0.03191116957636605 0.8400959769884745 0.06464942671596102 0.649331761013868 0.20275457266415312 0.6523777085392194 0.17939856353790568 0.8442771713412798
0 0.17993748536583973 0.8455784331288254 0.20478553725538404 0.6447626724028612 0.3459371579813915 0.6493317610138681 0.3327359160293601 0.84427717134128
0 0.3327359160293602 0.8458001451039556 0.3459371579813916 0.644762672402861 0.4881042888939837 0.6523777085392195 0.4850578141161683 0.8595072436139963 0.4799804305290603 0.8503691500534725
0 0.6008224053427592 0.49246161502973723 0.5926986585417123 0.3462525363688059 0.6912000786338102 0.3477755519622265 0.7013548458080261 0.4924616150297374
0 0.7033858661811953 0.4939845887924129 0.6922155330384563 0.3477755519622265 0.8252434069634171 0.3599596348788465 0.8435220325025564 0.5015996249287711
0 0.8445374869072031 0.5015996249287711 0.8262588613680635 0.35691360369200537 0.9633485529116094 0.36909768660862546 0.987720016442503 0.510737718489295
0 0.6103102923833836 0.6578043103218079 0.6038688801205747 0.4894155838428959 0.7054167749904878 0.49246161502973723 0.7206490373156883 0.6599928283370675
0 0.7208731578804596 0.6605455383919833 0.7054167749904878 0.49093855760557165 0.8485994160896647 0.5031226823529369 0.8699244048427431 0.6676078644734257
0 0.8719554252159121 0.6691308382361015 0.8475838501211417 0.4985536774034197 0.9897510368156724 0.5092147447266193 1 0.5640431387667824 1 0.6691308382361015
0 0.6201165968504215 0.8412311401544386 0.6130081928901442 0.6584697709129019 0.7247109664981501 0.6615158020997434 0.7399431172594741 0.8442771713412798
0 0.7409585716641205 0.8427541139171144 0.7226799461249811 0.6584697709129018 0.8719554252159119 0.6676078644734256 0.8963268887468058 0.8397080827302729
0 0.8953980116816292 0.8400959769884745 0.8729708796205581 0.6645618332865846 0.9999058039898882 0.6676078644734258 0.9988903495852418 0.8412311401544386
0 0.5838117543716876 0.2699205383919833 0.5825437798036197 0.18024433865489622 0.707447795363657 0.1802443386548962 0.7145560877600574 0.2685789920888233
0 0.7135632163599918 0.26580869628672016 0.707447795363657 0.18024433865489617 0.833367153764464 0.18176735424831686 0.8455529413118491 0.27010196585149887
0 0.834177251447711 0.1780893980411061 0.9257758474286841 0.17872132306147553 0.9450699273724699 0.27010196585149887 0.845552941311849 0.2670559764954026
0 0.5801567836114537 0.07666395944461488 0.7003393914033799 0.07363356084603898 0.7074477953636571 0.1832903698417374 0.5855902545814352 0.1878593747912544
0 0.6998570760091146 0.07255211733935173 0.8171195485984937 0.07058755057457013 0.8323516993598176 0.18024433865489617 0.7064322293951341 0.18176735424831678
0 0.8177298830266584 0.06844027523408856 0.903435292707083 0.06601850379430828 0.9247602814601611 0.1787213230614756 0.8313362449551713 0.1787213230614755
0 0.5801567836114537 0.07803457347970259 0.7003393914033799 0.07667959203288022 0.6922155330384563 0 0.5764509418118654 0
0 0.6998570760091146 0.07255211733935173 0.6912000786338102 0 0.8069647814242775 0.0005290424309457178 0.8171195485984938 0.07058755057457013
0 0.8181350030031401 0.0690645349811495 0.8059492154557548 0 0.892264959564344 0 0.9044507471117292 0.0675415193877289