0 0.0555101139463913 0.5975493144990563 0.07988157747728497 0.43611020539615364 0.22712609197698508 0.4376331791588292 0.21087843102907658 0.5975493144990565
0 0.2149403044296 0.6005953456858976 0.23118802115944684 0.43915619475224993 0.3784324798772086 0.4406792103456704 0.3672622025164081 0.6021184031100631
0 0.37090970758806197 0.5988679068130359 0.3835098634643167 0.434587189802733 0.48708872292546096 0.43915619475224993 0.4809958849337064 0.6021184031100631
0 0.017937352681527817 0.7772646525537519 0.047386255581467876 0.5945033669737051 0.20072360807292228 0.5975493144990563 0.1834604927203674 0.7787876263164274
0 0.18650691171624456 0.7833567149274345 0.20783195625126116 0.599072371923222 0.3642157835205309 0.6021184031100631 0.3520300517550841 0.7833567149274344
0 0.3571074353421921 0.7833567149274344 0.37132413169886985 0.599072371923222 0.48099588493370643 0.6051644342969047 0.47287202656878313 0.789448777301117
0 0.014550058465254935 0.7770477313744394 0.18346049272036735 0.777264652553752 0.16213539240341257 0.9843941876285285 0 0.9798250990175217 0 0.8534151812403138
0 0.18752236612089088 0.78487968869011 0.35101454156849954 0.7879257198769514 0.34390619339016065 0.9843941876285285 0.1641663569946434 0.9813481564416876
0 0.3599447953073602 0.7852714155849657 0.4749030469419522 0.7909717510637926 0.46474822398579785 0.9843941876285285 0.344921647794807 0.9813481564416875
0 0.5987914965334664 0.6173484753827796 0.5866057089860814 0.4604783712293938 0.7348657336723661 0.4513402776688699 0.7531443592115057 0.6097334392464214
0 0.6093965496933251 0.798977555935843 0.5998069509381129 0.6173484753827796 0.7521289048068592 0.6112564130090973 0.7744693479645839 0.7909717510637926
0 0.6148790058336759 0.984010450672685 0.604884334525221 0.7924947248264683 0.766345601163537 0.7894487773011168 0.7886861558851382 0.9843941876285285
0 0.7582217427986137 0.6082104654837458 0.7399431172594741 0.4482942883127738 0.8831256467947742 0.44524825712593247 0.9085126762941907 0.6066874080595802
0 0.7766114619740269 0.7907538717253166 0.7561907224254445 0.6097334392464215 0.9095281306988374 0.6082104654837456 0.9379615234121924 0.7833567149274344
0 0.7785312771470457 0.789448777301117 0.9359306146029002 0.7818336575032688 0.9684259364987173 0.9798250990175217 0.796809902686185 0.9828711302043629
0 0.9419988888746117 0.7852714155849657 1 0.7833567149274345 0.9999058039898882 0.9798250990175217 0.9724878656811788 0.9798250990175217
0 0.9136728654827988 0.6070915910235622 1 0.6051644342969046 0.999905803989888 0.7848796886901099 0.9420234525946541 0.7818336575032689
0 0.8853468420909859 0.44947097698847455 0.9826426328553951 0.4437252415325118 1 0.5198758120498187 0.9999058039898882 0.6021184031100631 0.9125746054766526 0.6036413768727389
0 0.5792430409213953 0.35901045067268506 0.5723890126294037 0.23202670150821791 0.7064322293951342 0.23354971710163863 0.7206490373156883 0.35234459874248847 0.5855902545814352 0.35386757250516415
0 0.7206490373156883 0.3508215831490678 0.707447795363657 0.23050368591479728 0.8374290829469256 0.23354971710163858 0.8597696376685265 0.35082158314906775
0 0.8615895321494654 0.34667492435689556 0.8425064665340337 0.22898067032137667 0.9349151601982538 0.22898067032137667 0.9613175325384402 0.3462525363688058
0 0.5728468420909859 0.23154334540952715 0.5662961746376495 0.11323184078274053 0.6901846242291639 0.11475485637616117 0.7044013205858417 0.2335497171016386
0 0.7084632497683034 0.23050368591479728 0.6932310990069792 0.11170884610469245 0.8191504574077862 0.11170884610469235 0.8404755577247413 0.23354971710163858
0 0.8414910121293875 0.23354971710163858 0.8211814777809553 0.11780088756300251 0.9074972218895443 0.11932390315642313 0.9298376650472692 0.23050368591479725
0 0.5693425378515884 0.1147548563761612 0.5591877706773725 0.012713125347565872 0.6800298570549478 0.008144099482676432 0.6932310990069792 0.11627787196958185
0 0.696277462220918 0.10866281491785118 0.6820607658642404 0 0.802902852241816 0.0005290424309457333 0.8221969321856016 0.10561680464638237
0 0.8213848537868924 0.1136705383919833 0.8039183066464619 0.006621083889255795 0.8831256467947746 0.008144099482676423 0.9054662015163752 0.11627787196958182