0 0.030083684196249086 0.8099424682165447 0.1682282861771051 0.8062018233365088 0.18650691171624456 0.9722100628811634 0.05754102275568385 0.9752560940680051
0 0.16988631577519644 0.8003481699709307 0.3063334879072356 0.7924947248264682 0.3144572904902207 0.9615489955579641 0.18752236612089088 0.9676410579316468
0 0.3060339765939099 0.7852714155849657 0.43834574008173494 0.780310683740593 0.4444386338554276 0.946318839623758 0.3154728006768051 0.9585029643711229
0 0.05932345027812043 0.974416152427071 0.18955333071212174 0.9691640316943222 0.19361525989458336 1 0.06363391652937643 1
0 0.189988654956483 0.9675630822516325 0.31750370948609774 0.9630719693206398 0.31953467407732866 1 0.19259980548993716 1
0 0.31851921967268243 0.9585029643711229 0.4444386338554276 0.9478418970479233 0.4464695984466585 1 0.3205501842639132 1
0 0.5165376816073391 0.9417498346742409 0.5145066612341699 0.7772646525537519 0.642457040008146 0.7666035852305524 0.6373796564210381 0.9295657935883657
0 0.6434726059766691 0.9432728920984064 0.6515963527777159 0.7803106837405931 0.7744693479645839 0.7635575540437111 0.7622836719810752 0.9249967049773589
0 0.7629053216231497 0.9182209769884745 0.774469347964584 0.758988549094194 0.8932804139689903 0.7407123619731464 0.8780482632076665 0.90367457033096
0 0.5175531360119855 0.9463188396237578 0.637379656421038 0.9310887673510413 0.634333293207099 1 0.5134912068295236 1
0 0.642457040008146 0.9447958658610822 0.7602526516079061 0.9280427361642001 0.7561907224254445 1 0.6383952223895608 1
0 0.7632991263857217 0.9265197624015246 0.8770328088030203 0.9082435752804767 0.8638315668509883 1 0.7572062883939673 0.9996242599012451
2 0.234639473252019 0.30016955357392905 0.2277792764063503 0.22506046191485884 0.2956953909892974 0.22506046191485884 0.2991254894121318 0.29708289754284767
2 0.2991254894121318 0.2960540027793697 0.2956953909892974 0.22506046191485887 0.335484600525878 0.22300270064725544 0.3396007412438464 0.29502510801589166
2 0.3394633305300699 0.29438710966658826 0.335484600525878 0.22197380588377752 0.37527384774673717 0.22197380588377744 0.37801794155871615 0.2929673184889358
2 0.3787039838538503 0.2929673184889358 0.37527384774673717 0.22197380588377746 0.4143770903567411 0.22300270064725544 0.41574913726273066 0.2929673184889358
2 0.24081366548683242 0.3711630944384398 0.23669752476886394 0.2981117923063255 0.27442872047287825 0.29708289754284767 0.2771728142848573 0.3701341996749618
2 0.2777341484370693 0.369388065909584 0.27511472508373364 0.2981117923063255 0.312845920787748 0.29708289754284767 0.3149039723045929 0.3701341996749618
2 0.32464832682774974 0.369388065909584 0.32245021144539576 0.29708289754284767 0.361553416371121 0.2981117923063255 0.3642975101830999 0.37219198920191776
2 0.3660068788300601 0.369388065909584 0.362239458666255 0.2939962132524138 0.43015557324920217 0.2960540027793697 0.432213624766047 0.3660186206210502
2 0.2421857123928219 0.3711630944384398 0.30529968164694515 0.3701341996749618 0.3087297800697795 0.42775210861425944 0.24492980620480093 0.4308388211640457
2 0.3055122803789196 0.369388065909584 0.3444028865726703 0.37013419967496186 0.3464609757737939 0.4256943756060085 0.3087297800697795 0.42775210861425944
2 0.34872270784402 0.369388065909584 0.38830827451149813 0.3701341996749618 0.38899427912235335 0.42466545258317806 0.3526351680086073 0.4256943756060085
2 0.3894639680254003 0.36846212817818896 0.4301555732492022 0.3691053049114839 0.42946953095406804 0.42260766305622216 0.3910523683234771 0.4236365860790526
2 0.4746502393137411 0.37309181683516407 0.47337491889289585 0.2939962132524139 0.5385469396638639 0.2929673184889358 0.5378609350530086 0.3701341996749618
2 0.5378609350530086 0.3711630944384398 0.5406050288649876 0.29502510801589166 0.6030329558239766 0.291938423725458 0.6030329558239768 0.3701341996749618
2 0.6050910450251005 0.36807641014800596 0.6050910450251002 0.289880634198502 0.6476243860579387 0.28679397816742064 0.648310390668794 0.3649897258575721
2 0.47611901270487483 0.416434322734707 0.47611901270487483 0.3721919892019177 0.518652353737713 0.37116309443843987 0.5179662737583002 0.4123187436807952
2 0.5184779585997715 0.4129071392851494 0.518652353737713 0.3701341996749618 0.5831383698978257 0.3711630944384398 0.5831383698978257 0.41026098241319175
2 0.5857627670811422 0.40735151289677934 0.585196383730392 0.37013419967496186 0.6469383060785256 0.36704751538452807 0.6476243860579387 0.4030587190688462