0 0.11323426899157073 0.6482100120761938 0.23118802115944684 0.6569467971502264 0.24235824273830917 0.8168629743211985 0.13167103509882616 0.8092478545233502
0 0.23202081869917307 0.6564336962867201 0.35203005175508423 0.6584697709129019 0.36218481892930005 0.8214319792707153 0.24337375292489366 0.8183859480838741
0 0.3517211110968339 0.6564336962867201 0.4759185013465984 0.6569467971502263 0.47896497612441385 0.8244780104575566 0.36218481892930016 0.8168629743211985
0 0.13065558069417993 0.818385948083874 0.24337375292489372 0.8275240416443977 0.2565749948769252 0.9722100628811635 0.14385676686427298 0.9645950267448054
0 0.2438994736699333 0.8222779945323342 0.3611693645246539 0.8260009842202324 0.3692931671076391 0.9722100628811635 0.25657499487692526 0.9691640316943223
0 0.36177228068747713 0.8263898366375974 0.48099588493370643 0.832093046593915 0.48201133933835283 0.9737330366438391 0.3692931671076391 0.9737330366438391
0 0.5896521837638969 0.8458001451039556 0.5896521837638969 0.6736999268471083 0.7226799461249811 0.675222900609784 0.7115097245461187 0.8442771713412798
0 0.7115097245461189 0.8336160203565905 0.7236954005296273 0.6797919892207909 0.7206490373156883 0.6676078644734258 0.8485994160896646 0.661515802099743 0.8293052245820022 0.8290470154070736
0 0.8343827197329866 0.8305700728312391 0.8526613452721262 0.6691308382361014 0.9785807036729335 0.6615158020997431 0.9572556033559784 0.8290470154070735
0 0.5886367293592506 0.9950552549517281 0.5926986585417123 0.8549382386644796 0.7155716537285806 0.8473232025281212 0.7044013205858418 0.999624259901245
0 0.7064322293951341 0.9828711302043629 0.7165871081332267 0.8503691500534724 0.7135406333554113 0.8351390777807561 0.8343827197329866 0.8290470154070735 0.8191504574077862 0.9813481564416876
0 0.8213848537868924 0.9867516787428605 0.8374290829469256 0.8305700728312391 0.9572556033559784 0.8275240416443977 0.9369460690075464 0.9798250990175217
2 0.5307543779640169 0.2426877688314174 0.5754354874072192 0.2426877688314174 0.57340446703405 0.320361354942145 0.5307543779640169 0.32340738612898623
2 0.5754354874072193 0.3173153237553038 0.5754354874072191 0.2396417794753211 0.6394106767942073 0.24116479506874175 0.6383952223895609 0.31731532375530375
2 0.6395500584652549 0.3124095734797026 0.638395222389561 0.2335497171016386 0.7033858661811953 0.23354971710163863 0.7003393914033799 0.31274627697504176
2 0.5299009356582374 0.3658635208481236 0.5317698323686632 0.320361354942145 0.5937141129463586 0.3188383393487243 0.5926986585417123 0.3599596348788466
2 0.5937141129463586 0.35843661928542603 0.5937141129463586 0.3173153237553038 0.6556582819601774 0.315792308161883 0.6556582819601774 0.3599596348788466
2 0.6587047567379929 0.35995963487884663 0.6576893023333468 0.3157923081618831 0.7033858661811955 0.3142692925684624 0.7033858661811953 0.358436619285426
2 0.33161877191554734 0.3672341348832114 0.32765853244225196 0.3112233032123662 0.36523123792517725 0.30970028761894547 0.36523123792517725 0.3660516972525292
2 0.3682777127029927 0.3645286816591085 0.3662467481117617 0.31122330321236613 0.4007730345988098 0.3142692925684624 0.40280399919004073 0.36300566606568785
2 0.4028907017401087 0.3658635208481236 0.4017884890034562 0.3112233032123661 0.43529932108585784 0.31426929256846237 0.43834574008173494 0.36452868165910846
2 0.4366991812722725 0.3137801875147903 0.509429277647062 0.3142692925684624 0.510444843615585 0.3599596348788466 0.4383457400817351 0.36300566606568785