2 0.2749667251319216 0.2342845734797026 0.27079169123360286 0.16196819336459353 0.3398442642076989 0.1589221621777522 0.34390619339016065 0.23202670150821791
2 0.3434974268863076 0.23017273137443944 0.3408597743942835 0.1573991884150766 0.37843247987720857 0.15587617282165595 0.38147889887308584 0.22898067032137673
2 0.38096087717870525 0.22331966119900085 0.3794479900637934 0.14978411044797338 0.4180362057333031 0.14673807926113208 0.42108262472918023 0.21831960299817715
2 0.4211655555412783 0.2205784331288254 0.41905166013794914 0.14826109485455277 0.46271725939456704 0.14826109485455274 0.46474822398579785 0.2167965874047565
2 0.28094645840781896 0.23507273269505913 0.3215656386685595 0.23202670150821794 0.32359660325979034 0.2929471579220635 0.29414770035985033 0.2929471579220635 0.28703935218151144 0.30056219405842166
2 0.32522257308513797 0.2918503629533868 0.3235966032597904 0.23354971710163863 0.36624674811176167 0.23202670150821791 0.3692931671076391 0.2914241423286428
2 0.3703086772942236 0.2883781111418016 0.3692931671076391 0.23202670150821797 0.4048349637812717 0.23050368591479722 0.4078813827771487 0.2914241423286429
2 0.40837315788045964 0.2904797489182991 0.40788138277714875 0.21984261859159784 0.4738875925373059 0.21831960299817715 0.47591850134659847 0.286855095548381
2 0.5027995277219063 0.3223490386575948 0.5051177412129061 0.24510046146564232 0.5425503746052792 0.2451004614656423 0.5398766080832558 0.32463392268199576
2 0.5403222480764207 0.32396557226305517 0.5421047346121141 0.24376376062776117 0.577754856989805 0.24443211104670176 0.5737442194462643 0.32262887142517405
2 0.5733721830330597 0.3223490386575948 0.5768636259614527 0.24309541020882058 0.6129593638533197 0.24376376062776117 0.6098399573381311 0.3232972218441146
2 0.6094604726808086 0.3223490386575948 0.6138505948816718 0.24376376062776117 0.6486094372730326 0.24576880270621465 0.6441531842153156 0.3212921705872929
2 0.6450444642016457 0.3192871376872077 0.6486094372730326 0.2451004614656423 0.6842595596507235 0.24443211104670176 0.6793576910788304 0.32062382016835234
2 0.5027995277219063 0.39693150392960924 0.5042264857055649 0.32262887142517405 0.5385397370617385 0.3232972218441146 0.5367572260470561 0.39815224848462044
2 0.5372838933853108 0.3993373899061259 0.5389853525759146 0.32196052100623346 0.5741898349604403 0.32262887142517405 0.572407323945758 0.39748389806567996
2 0.571961708431582 0.3968155476467394 0.5732986039320881 0.3212921705872929 0.6098399573381311 0.32196052100623346 0.6071662152950965 0.3961471972277988
2 0.6071662152950965 0.3954788468088582 0.6093943418239551 0.32062382016835234 0.6450444642016457 0.32196052100623335 0.6419250576864572 0.3968155476467393
2 0.6432619531869634 0.3961471972277988 0.6441531842153156 0.3212921705872929 0.6793576910788304 0.32196052100623335 0.6744557735489595 0.39681554764673926
2 0.5023985467258201 0.39873591841199674 0.5367572260470561 0.39815224848462044 0.53631161053288 0.464987088454576 0.5028896146840476 0.46632378929245716
2 0.5364819313931385 0.39873591841199674 0.5719617084315819 0.39748389806567985 0.5710704774032296 0.4629820555544908 0.535865970539715 0.46365038761669497
2 0.5717682590487153 0.3981344469178676 0.6067205508229425 0.39815224848462044 0.6058293197945903 0.4616453547166097 0.5710704774032296 0.46231368677881374
2 0.607054586704292 0.39572856094135095 0.641033826658105 0.3968155476467393 0.6379144201429165 0.4589719530408474 0.6058293197945903 0.4589719530408474
2 0.6410338266581049 0.3968155476467393 0.6753470535352896 0.39748389806567996 0.6722276470201012 0.45830358426517037 0.6388056511712688 0.45830358426517037
2 0.5060089967202472 0.5090980692507616 0.5394309925690797 0.5084297371885576 0.5385397370617384 0.5786063292532161 0.5055633812060711 0.577937960477539
2 0.5396897793618274 0.5070007873552436 0.5737442194462642 0.5077613684128806 0.572852988417912 0.577937960477539 0.5394309925690797 0.5786063292532161
2 0.5733721830330597 0.5076022588493726 0.6062749353087665 0.5070930363506765 0.6058293197945903 0.5766012596396578 0.572407323945758 0.5772696284153349
2 0.6062749353087665 0.5070930363506764 0.6401425466717751 0.5057563355127953 0.6374688046287403 0.5745962267395726 0.6062749353087665 0.5745962267395726
2 0.640142546671775 0.5057563355127953 0.6722276470201012 0.5050880034505912 0.6695539049770665 0.5712544930016061 0.6370231891145642 0.5712544930016061
2 0.5082371232491057 0.577937960477539 0.5398766080832558 0.5772696284153349 0.5394309925690797 0.6380893146148252 0.5069002522275884 0.6380893146148252
2 0.5388878173696552 0.5785758951566122 0.572407323945758 0.5786063292532161 0.5719617084315819 0.636752613776944 0.5389853525759146 0.6394260154527064
2 0.5717682590487153 0.6369186300871397 0.5728529884179121 0.577937960477539 0.6058293197945903 0.5772696284153349 0.604046808779908 0.635415912939063
2 0.604046808779908 0.635415912939063 0.6058293197945903 0.5752645588017768 0.6379144201429165 0.5745962267395726 0.6370231891145642 0.6354159129390632
2 0.6370231891145642 0.6347475808768589 0.6374688046287403 0.5732595259016915 0.6704451360054188 0.5712544930016061 0.667325778448208 0.6327425479767737
2 0.509574018749612 0.6394260154527064 0.5389853525759146 0.6380893146148252 0.5394309925690796 0.6989090375277888 0.5082371232491057 0.700914070427874
2 0.5396897793618274 0.6387230445695271 0.5715160929174057 0.6387576833905024 0.5715160929174058 0.6948989350141453 0.5394309925690797 0.6969039679142305
2 0.5715160929174057 0.635415912939063 0.6044924242940842 0.636752613776944 0.6031555777515558 0.6935622341762641 0.5719617084315819 0.692225533338383
2 0.6042477197316892 0.6369186300871397 0.6365775246424102 0.6374209825526213 0.6347950136277278 0.6922255333383829 0.6031555777515558 0.6915572012761788
2 0.6363261994185773 0.6333098011223648 0.6686626249907364 0.6314058471388925 0.6659888829477019 0.6888837996004167 0.635686293614058 0.6895521683760937
1 0.23822146302192773 0.38076814293664224 0.30166719576294093 0.3723098694546786 0.30801176903704225 0.44631981324043957 0.24386106219657222 0.4526635110921151
1 0.3069655093069509 0.44808883332089566 0.30237213113819567 0.3775963085303987 0.36581786387920884 0.3723098694546786 0.37145750177805537 0.4442052376101516
1 0.3707525276785985 0.4452625254252956 0.3672277733539205 0.37230986945467864 0.43067350609493366 0.37019532286357915 0.4341982991438138 0.44103337416471955
1 0.43446511753577677 0.4423798956390079 0.43137848019439057 0.37019532286357915 0.49129941988652354 0.36702345941814707 0.4941192388359468 0.4389187985344316
1 0.24924180607897503 0.523256512799084 0.24315612682131743 0.4537207989072592 0.30801176903704225 0.44737710105558365 0.31224149746117713 0.5182151523567241
1 0.31267444698883856 0.523256512799084 0.30801176903704225 0.4484343598315391 0.36934265692808904 0.44631981324043957 0.3742773207274787 0.5150433179504806
1 0.37293545585320903 0.5156445958899004 0.3700475923033437 0.44631981324043957 0.43278838966910216 0.4442052376101516 0.4363131439937803 0.5118714254658601
1 0.4356081698943234 0.51187142546586 0.4334933250443569 0.4399760863495755 0.49411923883594683 0.43680425194333217 0.49552918703486065 0.5086995910596165
1 0.2543164173517641 0.5879578065271449 0.24950070009541875 0.5203297279870122 0.3115365233617203 0.5171578935807686 0.3157662517858552 0.5837668226605215
1 0.3150612776863983 0.5858813982908097 0.3115365233617203 0.5224443036173001 0.3721624371533102 0.5182151523567241 0.3749822561027335 0.5837668226605215
1 0.3749822561027335 0.5795376713999455 0.37216243715331015 0.5150433179504805 0.4356081698943234 0.5108141666899045 0.4377230534684919 0.5753085201393693
1 0.4370180793690349 0.5774230957696574 0.43490323451906865 0.509756907913949 0.4948241742112017 0.5076423322836611 0.4948241742112017 0.574251261363414
1 0.26002535503365176 0.6488531418006139 0.2544353638948084 0.5858813982908097 0.3157662517858552 0.5827095058061889 0.319995941485788 0.649318434885942
1 0.31999594148578797 0.6503757517402743 0.3150612776863983 0.5827095058061891 0.37568723020219036 0.5805949301759009 0.3799169199021231 0.6482611761099865
1 0.3792119845268683 0.647203859255654 0.37568723020219036 0.5774230957696574 0.4377230534684919 0.5763658369937019 0.4398378983184583 0.6419174492191222
1 0.4405428724179152 0.6419174492191224 0.4377230534684919 0.5763658369937019 0.4948241742112017 0.5731939445090815 0.4948241742112017 0.6355737804066355
1 0.27017457757922997 0.7620804058247206 0.26641957506775626 0.7021760578801081 0.32281576043521126 0.6990041653954875 0.3270454888593462 0.7592694256627535
1 0.3266296279890086 0.7601774265974247 0.32352073453466823 0.7011187410257753 0.38273673885154647 0.6990041653954875 0.38555655780096965 0.7560975331781329
1 0.38485158370151284 0.7582121088084209 0.3820318034762917 0.6979469066195322 0.44195274316842464 0.695832330989244 0.4433626526431362 0.7518683819175568
1 0.4433626526431362 0.7518683819175568 0.44124780779316997 0.695832330989244 0.4969390577853701 0.691603179728668 0.4969390577853701 0.7476392887353579
1 0.2752491888520191 0.817266803416302 0.2720591742424008 0.7603266844387089 0.3270454888593462 0.7592694256627535 0.3305702431840242 0.8142482178151107
1 0.3304355864436004 0.8163153138026541 0.327750424234601 0.7582121088084209 0.384146648326258 0.7571548500324655 0.3862614931762245 0.8131909009607785
1 0.38626149317622444 0.8121336421848228 0.38485158370151284 0.756097533178133 0.44195274316842464 0.753982957547845 0.44477256211784794 0.8079044909242468
1 0.4420770344449604 0.8096548865071184 0.44195274316842464 0.7518683819175568 0.49693905778537006 0.749753864365646 0.4990539413595386 0.8036753396636708
1 0.2784037475165021 0.8692270099674682 0.274878993191824 0.8153054765910662 0.33198015265873587 0.8153054765910662 0.33268508803399066 0.8671124343371801
1 0.3326850880339906 0.8628832830766041 0.32986530780876944 0.8142482178151107 0.38626149317622444 0.8131909009607784 0.388376376750393 0.8628832830766041
1 0.3876714026509362 0.8639405999309366 0.38696646727568135 0.8121336421848228 0.44195274316842464 0.8079044909242468 0.4440676267425932 0.858654131816028
1 0.4433626526431362 0.8628832830766041 0.4433626526431363 0.8057899152939587 0.4962341224101154 0.8047326565180033 0.4990539413595385 0.854425038633829
1 0.28159245294300544 0.9171732128493371 0.2791087216159589 0.8671124343371801 0.33198015265873587 0.8671124343371801 0.33479997160815916 0.9157474995986734
1 0.33424154489819224 0.9152702336220413 0.33198015265873587 0.8628832830766041 0.3876714026509361 0.8628832830766041 0.3890813121256477 0.9157474995986734
1 0.3897862475009025 0.9125756651924298 0.3890813121256477 0.8618260243006486 0.44195274316842464 0.8607687074463162 0.4440676267425932 0.9104610895621419
1 0.44398001367225626 0.9086098063265056 0.4426577172678815 0.8565396142641171 0.4969390577853701 0.8544250386338289 0.4962341224101154 0.9062319383015658
2 0.01592598920850162 0.3089907684763474 0.02351900162294993 0.3825744778598793 0 0.38432647609614556 0 0.3116187658307466
2 0.01677779475522402 0.31134295635664627 0.05213876581811316 0.3107427667126136 0.05914771516267742 0.3816984787417462 0.022934906468739923 0.3825744778598793
2 0.0515547027482291 0.3116187658307467 0.08309487854579042 0.3098667675944805 0.09185604918433274 0.3808224796236131 0.05856362000846738 0.3816984787417463
2 0.034032393555470386 0.3843264760961455 0.042793532109686734 0.4517782157127068 0 0.4552821881252782 0 0.3852024752142786
2 0.034616456625354404 0.3825744778598793 0.08601525806386255 0.37994650456544105 0.09360827047831088 0.44739822012204133 0.0445457854879908 0.4491502183583074
2 0.006792133355010234 0.5163117956241922 0.00015590130972096674 0.4824380886075216 0.00015590130972096934 0.4544061890071451 0.03344829840126035 0.4517782157127068 0.042793532109686734 0.5157259347967746
2 0.042530289945249024 0.5163117956241922 0.03461645662535439 0.4491502183583074 0.07141332838917594 0.4491502183583075 0.07842224564941423 0.5139739365605085
2 0.07774288540916077 0.5147351122452111 0.07141332838917595 0.4491502183583075 0.10061718773854919 0.44827421924017435 0.10879429530720748 0.5148499597386025
2 0.02728901728176483 0.617219531878984 0.018262305656689733 0.5595257944635859 0.05272286097232317 0.5577737962273197 0.0608999364566555 0.6138375473081507
2 0.060399368240368415 0.6140661651210217 0.05389101919641721 0.5551457748129596 0.08835157451205061 0.5551457748129596 0.09536049177228896 0.6138375473081508
2 0.0961375248306072 0.6140661651210217 0.08776751144216662 0.5551457748129595 0.1140509912734677 0.5551457748129595 0.12105990853370599 0.6129615722499784
2 0.023519001622949957 0.6173415437806831 0.0702451701650819 0.6155895455444168 0.07959040387350828 0.6751572930977802 0.031111981953072253 0.6760333162758742
2 0.07091059076690923 0.6140661651210217 0.11930768723972796 0.6138375473081507 0.12573250934575625 0.6725293198033417 0.08075856209760236 0.6742813180396079
2 0.03517243417667046 0.6763451585907762 0.06966110709519786 0.6760333162758742 0.0760859612855521 0.7277170958260005 0.042793532109686734 0.7294690940622668
2 0.0693339073879281 0.674768475211795 0.10295350418673721 0.6742813180396079 0.11054651660118557 0.7294690940622666 0.07608596128555208 0.7277170958260004
2 0.10191869722020462 0.674768475211795 0.12748476272406023 0.6734052948615139 0.1350777751385086 0.7259650975897345 0.1111305796710696 0.7259650975897345