0 0.593862923962331 0.8743613278656676 0.5916830925731894 0.6980680926803485 0.7419740260687667 0.6950220614935072 0.7602526516079061 0.8655993059876789
0 0.7610778362430327 0.8647670296200535 0.7460359552512283 0.6980680926803485 0.9003888179292676 0.6904530565439905 0.9278067562379765 0.8655993059876791
0 0.9298376650472693 0.865599305987679 0.9054662015163752 0.6950220614935072 1 0.6889299991198248 0.999905803989888 0.8625532748008375
0 0.5916830925731895 0.6980680926803486 0.5866057089860814 0.5381519155093765 0.7308038044899045 0.5335829105598595 0.7450205008465821 0.6950220614935072
0 0.7440050464419358 0.6965450352561829 0.7297883500852582 0.5351058843225351 0.8760173543983736 0.5335829105598596 0.899373363524621 0.6904530565439904
0 0.9027079532020971 0.6934402752340886 0.8800792835808352 0.5305368793730182 0.9846736532285641 0.5244448169993358 1 0.6066874080595803 1 0.6889299991198248
0 0.5815283253989735 0.5518590140194173 0.5744200330025729 0.4071729927826514 0.7115097245461187 0.4010809304089688 0.7216644917203346 0.5335829105598594 0.5886367293592506 0.5396749729335419
0 0.7217869005705181 0.53033720505865 0.7104941585775958 0.4026039460023895 0.8465683957164956 0.3980348992221276 0.8689089504380965 0.5366289417467007
0 0.875001788429851 0.5305368793730184 0.8557077084860653 0.3812817695252455 0.9552246945466858 0.37671276457572855 0.982642632855395 0.52292184323666
0 0.5683270834469419 0.32493040172240695 0.5642651542644801 0.19852048394519883 0.6912000786338102 0.18785937479125442 0.702370411776549 0.30970028761894547
0 0.7071670175295824 0.30692711733935174 0.6952620078162718 0.18481338543515813 0.8252434069634171 0.17567529187463424 0.8445374869072029 0.2975161628715804
0 0.8469696491085298 0.29596220505864995 0.8323516993598178 0.1756752918746342 0.9267913018333304 0.16806025573827604 0.9511627653642242 0.28533207995496024
0 0.5652807202330031 0.19699746835177823 0.5602032250820186 0.09038669054292096 0.6800298570549478 0.07667959203288023 0.6922155330384563 0.18785937479125436
0 0.700770818699173 0.18220124014636926 0.6912000786338102 0.07363356084603899 0.8120421650113859 0.06449548820088767 0.8323516993598176 0.17872132306147562
0 0.8343827197329868 0.172629260687793 0.8181350030031401 0.05840344674257753 0.904450747111729 0.05231140528426747 0.9267913018333304 0.16196819336459353
0 0.5602032250820187 0.08734065935607972 0.5571568618680797 0.00814409948267647 0.6668286151029162 0 0.6769833822771324 0.079725602304349
0 0.6806684795178866 0.08625825769022892 0.6729214530946707 0 0.7907170646944307 0 0.800871831868647 0.06754151938772884 0.6922155330384563 0.07363356084603895 0.6871381494513484 0.08581764376265903
0 0.7994550292254888 0.0643284331288254 0.7907170646944307 0 0.8760173543983736 0 0.8871875759772359 0.05383442087768814 0.819150457407786 0.058403446742577546 0.8150885282253242 0.06754151938772886