0 0.060237192968178914 0.4481003629533868 0.15401158982042737 0.45134027766886997 0.170259250768336 0.6021184031100631 0.07886612307263877 0.5990723719232218
0 0.15526643273426077 0.45221220505864995 0.2890703167727423 0.4559093244491319 0.29922508394695835 0.6066874080595802 0.16721283177245877 0.603641376872739
0 0.2886728654827988 0.4535828190937377 0.4302219374987499 0.4513402776688699 0.4363148312724424 0.6082104654837458 0.3002405941335429 0.6082104654837457
0 0.08191254206851589 0.5990723719232219 0.17025925076833595 0.6005953456858976 0.1834604927203674 0.7452814505841534 0.09511378402054735 0.7391893882104708
0 0.16897257308513797 0.6029797489182991 0.3002405941335429 0.6066874080595802 0.3103953613077589 0.7468044243468291 0.1814295281291365 0.7391893882104709
0 0.29963777776350053 0.6070915910235622 0.43428386668121155 0.6082104654837457 0.44037670467296597 0.7498504555336702 0.3083643967165281 0.7468044243468291
0 0.09587315788045961 0.7386705383919833 0.1834604927203674 0.7422354193973123 0.19767718907704515 0.8716913683613614 0.11339240955968678 0.8671222797503546
0 0.18267871343601516 0.740041152427071 0.3114108714943435 0.7452814505841533 0.31953467407732866 0.8762603733108785 0.1976771890770452 0.8716913683613614
0 0.3106026900442023 0.745523608567422 0.44037670467296586 0.7483274817709946 0.4444386338554276 0.8838754094472366 0.31750370948609774 0.8793064044977196
0 0.5335559064184713 0.798977555935843 0.5327852867733094 0.6356246625038273 0.6576893023333468 0.6447626724028611 0.6515963527777159 0.8046788495738334
0 0.6515963527777159 0.8016328183869921 0.6576893023333468 0.6371476362665031 0.7856396811073229 0.6401936674533443 0.7714229847506451 0.8062018233365089
0 0.772956491213793 0.8044600120761938 0.7856396811073226 0.6386706100291786 0.9146055142859453 0.6417166412160201 0.8973423431514521 0.8092478545233502
0 0.5299009356582374 0.9428920296200535 0.5327852867733094 0.8001098446243162 0.6515963527777158 0.8046788495738333 0.6444880603813152 0.9539339594216059
0 0.6444880603813152 0.953933959421606 0.6515963527777158 0.8046788495738335 0.769391964377476 0.8183859480838741 0.7592371972032599 0.9615489955579642
0 0.7602526516079061 0.953933959421606 0.7714229847506451 0.8062018233365089 0.8942959799375131 0.8153399168970329 0.8750017884298509 0.9661180005074811
0 0.13425035086291576 0.9593393980411061 0.21189388543372287 0.9630719693206398 0.21798677920741535 1 0.13776392887251876 1
0 0.21009099413776955 0.9634512401463693 0.3286739868468984 0.9722100628811636 0.33070495143812934 1 0.21494030442960005 0.9981012861385694
0 0.3288775438453719 0.9730455383919833 0.4444386338554276 0.9783021252548461 0.4444386338554276 1 0.3307049514381293 0.999624259901245
2 0.3060339765939099 0.23839641558496574 0.30227155872477385 0.16501422455143483 0.3632002733339465 0.1650142245514348 0.36624674811176167 0.23659574828847982
2 0.36421578352053097 0.1634912089580141 0.4007730345988099 0.1619681933645935 0.40280399919004073 0.23507273269505918 0.3672622025164081 0.23354971710163858
2 0.4001494736699333 0.16164202962005347 0.4373302856770888 0.16044517777117281 0.43834574008173494 0.23507273269505913 0.40280399919004073 0.23659574828847982
2 0.437612923962331 0.16164202962005347 0.4738875925373059 0.16349120895801417 0.47591850134659847 0.23202670150821794 0.43834574008173505 0.23354971710163863
2 0.0687113001164844 0.3173153237553038 0.0636339165293764 0.24573380001825865 0.10323758660353244 0.2457338000182587 0.1103459905638096 0.31579230816188303
2 0.11237689937310219 0.3173153237553038 0.10425309679011702 0.244210784424838 0.12456268692048737 0.2472568156116794 0.13167103509882616 0.3188383393487244
2 0.19564622448581429 0.23811876388190042 0.22204870838987711 0.23964177947532106 0.22814154638163142 0.31883833934872435 0.199708153668276 0.31883833934872435
2 0.07120210524888067 0.3178920296200535 0.1306555806941799 0.31883833934872435 0.13573296428128795 0.35691360369200537 0.0758196482948233 0.35691360369200537
2 0.5536582455997578 0.315150801549878 0.553094932685618 0.23507273269505918 0.5906676381685432 0.23507273269505918 0.5916830925731893 0.3157923081618831
2 0.5902079532020971 0.315150801549878 0.5916830925731893 0.2335497171016386 0.627224889246822 0.23354971710163852 0.6272248892468222 0.31426929256846237
2 0.6276714034944947 0.3137801875147903 0.6282403436514685 0.2335497171016386 0.66581316069827 0.23507273269505913 0.6647975947297472 0.315792308161883
2 0.66581316069827 0.3142692925684624 0.6668286151029162 0.23202670150821791 0.7186180169425193 0.23202670150821797 0.7165871081332267 0.31579230816188303
2 0.5510639123124488 0.3553905880985847 0.5541103870902642 0.3157923081618831 0.6038688801205747 0.3157923081618831 0.6038688801205746 0.35843661928542603
2 0.6030003508629157 0.35763983663759735 0.6038688801205747 0.315792308161883 0.6414415856034997 0.31731532375530375 0.6404261311988535 0.35995963487884663
2 0.6404638011553134 0.36038106470777276 0.642457040008146 0.31579230816188303 0.679014291086425 0.31579230816188303 0.679014291086425 0.3599596348788466
2 0.680029857054948 0.35691360369200537 0.6790142910864251 0.3188383393487244 0.7145560877600574 0.3188383393487243 0.7145560877600574 0.358436619285426
1 0.8890018128512198 0.5385608892691763 0.90241972673856 0.4254490962422091 0.9826426328553951 0.42849512742905044 0.9775652492682869 0.47570848533285515 0.9562401489513322 0.47875451651969636 0.9481162905864089 0.544243977883059
1 0.8890018128512198 0.5371902752340886 0.9481162905864087 0.5396749729335419 0.9349151601982536 0.6615158020997434 0.9135900598812989 0.6584697709129019 0.9166365346591142 0.6417166412160201 0.8841411011994206 0.5945033669737051
1 0.9767211110968339 0.4755126436551412 0.9836580872600414 0.42849512742905044 1 0.42849512742905044 1 0.47875451651969647