0 0.16440385963484558 0.6578043103218079 0.29516321054643485 0.6478087035897024 0.3043025233160046 0.8122938857101915 0.18041401794255196 0.8260009842202324
0 0.2950690643132082 0.6454687840060184 0.4200671145425956 0.6341016050796618 0.4261600083162882 0.7985867872001507 0.30430252331600466 0.8092478545233504
0 0.4202518128512198 0.6331332576902289 0.5419245995428792 0.6219175639937865 0.5409091451382328 0.7833567149274344 0.4261600083162882 0.7940177822506339
0 0.1814295281291366 0.8381851089675973 0.3083643967165281 0.8244780104575566 0.31953467407732866 0.9737330366438394 0.1986926434816914 0.9904861663407213
0 0.30786146197402686 0.818166152427071 0.42920642731216535 0.8062018233365089 0.4332683564946271 0.9554569331842816 0.3185192196726824 0.9691640316943223
0 0.42938923975180465 0.798977555935843 0.5449710743206947 0.7864027461142756 0.5439556199160482 0.9326117411137169 0.4342838666812116 0.9478418970479234
0 0.6057415789330912 0.7674534331288254 0.6089462637076827 0.6143024441959384 0.7257264209027964 0.6066874080595802 0.7176025625378732 0.7574654916700285
0 0.7172181871202257 0.7564885208481237 0.7267418753074426 0.6021184031100631 0.838444537351572 0.594503366973705 0.8252434069634172 0.7452814505841534
0 0.8259535672371847 0.7427823804972464 0.8384445373515722 0.5884113046000226 0.9440544729678233 0.5792732110394987 0.9278067562379767 0.7315743520741125
0 0.6089462637076826 0.9280427361642 0.6119927384854982 0.7879257198769513 0.7226799461249812 0.7757416787910761 0.7165871081332267 0.9173816688410006
0 0.717602562537873 0.911289606467318 0.7247109664981501 0.7726956476042347 0.8313362449551713 0.7605115228568697 0.8201659118124325 0.8991055653814428
0 0.8204711110968339 0.8921793103218079 0.8313362449551713 0.755942517907353 0.9349151601982536 0.7422354193973123 0.918667443468407 0.8808293782603953
2 0.029234001649903998 0.3307172021889927 0.01807258934718508 0.24885294471306244 0.04951860939369798 0.24803981656981483 0.06090423990902446 0.33179404769799703
2 0.06090423990902446 0.331794047697997 0.04951860939369798 0.24641351561576624 0.0896394033472873 0.24316091370766907 0.09831416236314726 0.32854146812367657
2 0.0993985109629339 0.33016774674394833 0.08963940334728729 0.24316091370766904 0.1270492960189772 0.2431609137076691 0.13680840363462374 0.3236625652615307
2 0.03069756572799019 0.33364433034516505 0.07662724993228093 0.3309808972209726 0.08367550093967742 0.37651718993167305 0.03596429657001475 0.3789566413627461
2 0.07655590684135738 0.3285218560718634 0.11512149120375743 0.32772831764665217 0.11945888560290385 0.3691988579722312 0.08313331174856767 0.37163830940330406
2 0.11509642756429364 0.32486294587664793 0.13626624422594696 0.3244757157385551 0.13951926024287384 0.3683857074952068 0.12054323420269046 0.3691988579722311
2 0.2926755357054177 0.3241311638376049 0.28861676086825533 0.24641351561576622 0.3330749343297746 0.24560036513874195 0.3379544881375979 0.32122313616423454
2 0.3360946033553079 0.32339938179856176 0.3330749343297746 0.24153461275362048 0.3986778310310504 0.24234776323064475 0.4019308470479775 0.32040998568721024
2 0.4029306962545771 0.31827690752526006 0.39976214984840414 0.2407214622765962 0.4615698711240763 0.23828203317930002 0.46373850875878375 0.3163442333020887
2 0.50277493922137 0.3163442333020887 0.5016906204040162 0.2374688827022757 0.544522285857072 0.2342162807941785 0.5439800668835294 0.312278503250744
2 0.544522285857072 0.3106522022966954 0.5434379074748525 0.23421628079417847 0.604703409776982 0.230963701219858 0.6052456287505247 0.30577332176832633
2 0.6052456287505247 0.304960171291302 0.6041612503683053 0.23015055074283372 0.6659689120791115 0.22608479835771222 0.6654267526704347 0.3017075693832048