0 0.03732380096737771 0.8631121381941278 0.0639629556060815 0.6918838201859128 0.22696913256392992 0.6994939885548326 0.20920971936561678 0.8726247964005578
0 0.20884026948867304 0.8714344689747544 0.22570059807244558 0.6985427436360773 0.38363270674682465 0.7052016148315222 0.3772899994481686 0.8783324226772475
0 0.3785585687808872 0.8773811255037726 0.38299838723923124 0.7013965306470624 0.4908235054442968 0.7052016148315223 0.4920920747770153 0.8754785834115427
0 0.061425886623112734 0.6937863622781427 0.08743075659545729 0.5311195098123223 0.23838590814605523 0.5339733229506671 0.2225292792643516 0.7004452334735877
0 0.22316356393071085 0.6966402015438475 0.2377516583209301 0.5311195098123224 0.38616977572979344 0.5425347362383419 0.3798270684311374 0.7052016148315222
0 0.38236413741410613 0.6994939885548326 0.3874382753800437 0.5377784071351271 0.48892075596892126 0.5406321941461121 0.48892075596892126 0.7013965306470625
0 0.08613525700720924 0.5298579574856563 0.10582445446012965 0.38177039973739163 0.24789989941157103 0.39033181302506637 0.23521458933796133 0.5368271360890121
0 0.2364831238294457 0.5330220519045522 0.24789989941157103 0.3884292970601963 0.3880725252051688 0.39223435511729626 0.3842669565719497 0.542534736238342
0 0.3849012063970749 0.5377784071351271 0.388706775030294 0.3912830840711813 0.484480867828109 0.3988932263127411 0.4825780486702655 0.5406321941461121
0 0.11280137674267665 0.26573963642986825 0.1286580056243803 0.16110013488554117 0.2218950294392265 0.17061281921933089 0.20857543469925754 0.27715488898324775
0 0.13008077310522187 0.16003075707640732 0.14705170348905272 0.045996704088669314 0.2352145893379613 0.05455811737634407 0.22126074477286722 0.1715640902654459
0 0.14832023798053706 0.045045433042554366 0.15593141008820918 0 0.24219151162050834 0.0012870955580655686 0.23394605484647693 0.05455811737634411
0 0.2358488740043206 0.05170430423799918 0.2434600461119928 0 0.3639704743906679 0.0003358245119506458 0.36079915558257397 0.06597331767500388
0 0.22196685221924825 0.17201589783041074 0.2358488740043206 0.051704304237999224 0.3614334054076991 0.06692458872111878 0.35509076779151133 0.18488185878369548
0 0.2117467883485855 0.27715488898324775 0.22443209842219522 0.16966154817321596 0.35635926744176166 0.18678440087592538 0.3487480953340894 0.28571630227092254
0 0.35065087965069897 0.28571630227092254 0.3569935172668867 0.18297931669146547 0.48448086782810895 0.1924920010252552 0.4825780486702653 0.2971315025695823
0 0.3569935172668867 0.18297931669146547 0.36270190505794936 0.06787585976723379 0.4806752991948899 0.07548600200879353 0.48194379884514016 0.1915407299791403
0 0.3620676552328243 0.0678758597672338 0.3652389740409182 0 0.4806752991948899 0 0.4806752991948899 0.07453473096267862
0 0.6441885964912282 0.11650219298245618 0.7638888888888891 0.12335526315789477 0.7711988304093568 0.18366228070175442 0.6469298245614035 0.17955043859649125
0 0.7648026315789473 0.1247258771929825 0.8781067251461988 0.13569078947368424 0.8872441520467836 0.18914473684210528 0.7721125730994152 0.18229166666666669
0 0.5994152046783626 0.18229166666666669 0.7282529239766082 0.18777412280701758 0.737390350877193 0.27960526315789475 0.6048976608187134 0.2782346491228071
0 0.7291666666666666 0.18640350877192985 0.7931286549707603 0.18503289473684215 0.8050073099415206 0.28234649122807015 0.7346491228070176 0.28371710526315796
0 0.7931286549707602 0.18640350877192982 0.8561769005847953 0.18640350877192985 0.8698830409356725 0.27960526315789475 0.8022660818713452 0.2768640350877193
0 0.8570906432748538 0.18914473684210525 0.9155701754385966 0.19188596491228072 0.9329312865497076 0.28097587719298245 0.8689692982456142 0.27960526315789475
0 0.6067251461988304 0.2782346491228071 0.6734283625730995 0.2837171052631579 0.6825657894736843 0.3782894736842105 0.6103801169590644 0.3782894736842105
0 0.6734283625730995 0.28097587719298245 0.7419590643274854 0.28371710526315796 0.7520102339181288 0.3824013157894737 0.6825657894736843 0.37966008771929827
0 0.7428728070175439 0.28371710526315796 0.8123172514619885 0.2837171052631579 0.8287646198830411 0.38651315789473684 0.7538377192982458 0.38103070175438597
0 0.8132309941520468 0.28097587719298245 0.9475511695906432 0.27960526315789475 0.9667397660818714 0.38788377192982465 0.828764619883041 0.38377192982456143
0 0.6158625730994153 0.4673793859649123 0.6880482456140352 0.46875000000000006 0.6980994152046783 0.5934758771929824 0.6222587719298246 0.5934758771929824
0 0.6907894736842107 0.46600877192982465 0.7629751461988304 0.46875 0.7730263157894737 0.5934758771929826 0.7008406432748538 0.590734649122807
0 0.7666301169590644 0.46189692982456143 0.8379020467836257 0.46875 0.8525219298245615 0.5893640350877193 0.7775950292397661 0.5866228070175439
0 0.8415570175438597 0.4810855263157895 0.96765350877193 0.48519736842105265 0.9859283625730995 0.600328947368421 0.8488669590643276 0.5975877192982456 0.85343567251462 0.590734649122807
0 0.6204312865497078 0.590734649122807 0.7730263157894737 0.596217105263158 0.7858187134502924 0.7319078947368423 0.626827485380117 0.7291666666666667
0 0.7739400584795322 0.5934758771929826 0.8452119883040936 0.5962171052631579 0.8634868421052632 0.7332785087719298 0.7858187134502924 0.7332785087719299
0 0.8570906432748538 0.5975877192982456 0.9283625730994154 0.600328947368421 0.9466374269005848 0.7319078947368423 0.8698830409356727 0.7319078947368423
0 0.9329312865497076 0.5975877192982456 0.9996345029239768 0.600328947368421 0.9996345029239768 0.7319078947368423 0.9530336257309944 0.7305372807017545
0 0.626827485380117 0.7319078947368423 0.7054093567251463 0.7332785087719299 0.7191154970760234 0.8826754385964912 0.6323099415204678 0.884046052631579
0 0.7081505847953217 0.7332785087719299 0.7876461988304093 0.7332785087719299 0.8050073099415206 0.8799342105263158 0.720029239766082 0.8813048245614035
0 0.7885599415204678 0.7346491228070176 0.8689692982456141 0.7332785087719299 0.8872441520467836 0.8785635964912282 0.804093567251462 0.8799342105263159
0 0.8698830409356725 0.7332785087719298 1 0.7291666666666667 1 0.8758223684210528 0.8881578947368421 0.8758223684210528