0 0.2613304093567252 0.7976973684210528 0.3755482456140351 0.7881030701754386 0.37920321637426907 0.8977521929824562 0.26864035087719296 0.9032346491228072
0 0.3746345029239766 0.7881030701754386 0.4559576023391813 0.7785087719298246 0.4596125730994153 0.8881578947368423 0.3801169590643276 0.893640350877193
0 0.45321637426900585 0.6990131578947368 0.5162646198830411 0.6976425438596493 0.5180921052631579 0.7839912280701754 0.4577850877192983 0.7867324561403509
0 0.5116959064327485 0.6318530701754386 0.5555555555555557 0.6318530701754386 0.5564692982456141 0.7168311403508771 0.516264619883041 0.7140899122807017
0 0.2558479532163743 0.9141995614035088 0.3371710526315789 0.9087171052631579 0.34265350877192985 0.996436403508772 0.2631578947368422 1
0 0.33808479532163743 0.9100877192982456 0.41758040935672525 0.903234649122807 0.423062865497076 0.986842105263158 0.34448099415204686 0.996436403508772
0 0.41849415204678364 0.899122807017544 0.4943347953216375 0.893640350877193 0.49798976608187134 0.9827302631578949 0.4221491228070176 0.9868421052631579
0 0.49433479532163743 0.8895285087719298 0.603983918128655 0.8703399122807018 0.6048976608187134 0.9676535087719299 0.4998172514619883 0.9786184210526317
0 0.6697733918128657 0.8305921052631579 0.676169590643275 0.6674890350877194 0.8004385964912281 0.6551535087719298 0.7849049707602339 0.8182565789473685
0 0.7849049707602339 0.8168859649122808 0.8004385964912281 0.6524122807017544 0.9164839181286552 0.6400767543859649 0.8972953216374269 0.8018092105263159
0 0.8991228070175439 0.8018092105263159 0.9192251461988306 0.6428179824561405 1 0.6345942982456142 1 0.7894736842105263
0 0.6624634502923976 0.977247807017544 0.6697733918128655 0.8333333333333335 0.783077485380117 0.8168859649122808 0.7721125730994152 0.9608004385964913
0 0.7721125730994152 0.962171052631579 0.7849049707602339 0.815515350877193 0.8945540935672515 0.8031798245614035 0.8790204678362573 0.9443530701754386
0 0.8799342105263158 0.9416118421052632 0.8945540935672515 0.8018092105263158 1 0.7908442982456141 1 0.8127741228070176 0.9822733918128655 0.9292763157894737 0.8835891812865497 0.942982456140351
1 0.2832602339181287 0.3961074561403509 0.3380847953216375 0.3933662280701755 0.34173976608187134 0.46600877192982465 0.2878289473684211 0.46875
1 0.33808479532163743 0.3919956140350877 0.3956505847953216 0.39062500000000006 0.39747807017543857 0.4646381578947369 0.34082602339181284 0.46600877192982465
1 0.39382309941520466 0.390625 0.44773391812865504 0.38925438596491235 0.44864766081871355 0.45915570175438597 0.3956505847953216 0.4618969298245615
1 0.44864766081871343 0.38651315789473684 0.5217470760233918 0.3837719298245615 0.5217470760233919 0.45504385964912286 0.44864766081871343 0.4564144736842105
1 0.2887426900584795 0.4673793859649123 0.36366959064327486 0.46600877192982465 0.36641081871345027 0.5372807017543861 0.29239766081871343 0.5400219298245614
1 0.36366959064327486 0.46600877192982454 0.41758040935672514 0.4632675438596492 0.4166666666666667 0.5317982456140352 0.3654970760233918 0.5359100877192983
1 0.41758040935672514 0.46189692982456143 0.47149122807017546 0.45915570175438597 0.4714912280701755 0.5276864035087719 0.41758040935672525 0.5304276315789473
1 0.47057748538011696 0.4550438596491228 0.5217470760233919 0.4536732456140351 0.5226608187134504 0.5235745614035087 0.4714912280701755 0.5263157894736842
1 0.29696637426900585 0.5400219298245615 0.3499634502923977 0.5386513157894738 0.3517909356725147 0.5852521929824561 0.3051900584795322 0.586622807017544 0.3006213450292398 0.6016995614035089
1 0.34996345029239767 0.5386513157894737 0.40478801169590645 0.5386513157894737 0.4020467836257311 0.5975877192982456 0.3636695906432749 0.600328947368421 0.36184210526315796 0.5893640350877194 0.3527046783625732 0.5879934210526317
1 0.4029605263157895 0.5331688596491229 0.4559576023391813 0.5290570175438597 0.4568713450292399 0.5921052631578947 0.40296052631578955 0.5975877192982456
1 0.45687134502923976 0.5304276315789473 0.5254020467836258 0.5263157894736842 0.5244883040935673 0.5633223684210527 0.45595760233918137 0.5674342105263158