1 0.1471125730994152 0.9512061403508771 0.15807748538011696 0.874451754385965 0.24214181286549707 0.8771929824561405 0.23483187134502928 0.9594298245614037
1 0.23483187134502925 0.9566885964912281 0.24214181286549707 0.8758223684210527 0.3271198830409357 0.8799342105263159 0.32255116959064334 0.9594298245614035
1 0.3216374269005848 0.9594298245614037 0.3271198830409357 0.8771929824561405 0.4102704678362573 0.8826754385964912 0.405701754385965 0.9608004385964913
1 0.15807748538011696 0.8717105263157895 0.16721491228070176 0.7949561403508774 0.25036549707602346 0.8004385964912282 0.24214181286549713 0.8771929824561403
1 0.2412280701754386 0.8771929824561403 0.2521929824561404 0.796326754385965 0.33260233918128657 0.8004385964912282 0.3271198830409357 0.8785635964912281
1 0.3271198830409357 0.8771929824561403 0.33260233918128657 0.796326754385965 0.4148391812865498 0.8004385964912282 0.41209795321637427 0.8840460526315791
1 0.16904239766081872 0.7949561403508771 0.18092105263157898 0.7195723684210528 0.2567616959064328 0.7250548245614037 0.25036549707602346 0.8018092105263158
1 0.2521929824561404 0.7990679824561405 0.25950292397660824 0.7209429824561403 0.3399122807017544 0.7250548245614035 0.333516081871345 0.8004385964912282
1 0.333516081871345 0.7990679824561403 0.33991228070175444 0.7236842105263159 0.4203216374269006 0.7305372807017545 0.4166666666666667 0.8045504385964912
1 0.18092105263157895 0.718201754385965 0.1873172514619883 0.6483004385964912 0.26407163742690065 0.6551535087719298 0.25858918128654973 0.7264254385964912
1 0.25858918128654973 0.7236842105263159 0.2649853801169591 0.6537828947368421 0.3463084795321638 0.6578947368421054 0.34082602339181284 0.7264254385964912
1 0.3389985380116959 0.7305372807017544 0.34539473684210525 0.6565241228070177 0.4239766081871345 0.6633771929824561 0.4194078947368421 0.7332785087719299
1 0.19097222222222227 0.6510416666666666 0.20010964912280707 0.586622807017544 0.2750365497076024 0.5879934210526317 0.26864035087719296 0.6551535087719298
1 0.26772660818713456 0.6524122807017544 0.27503654970760233 0.5893640350877194 0.3527046783625731 0.5948464912280703 0.3472222222222222 0.6578947368421053
1 0.3472222222222222 0.659265350877193 0.35361842105263164 0.590734649122807 0.4276315789473684 0.5975877192982456 0.42397660818713456 0.6633771929824561
1 0.2101608187134503 0.5276864035087719 0.2211257309941521 0.47012061403508787 0.293311403508772 0.48108552631578955 0.2878289473684211 0.5304276315789473
1 0.2887426900584795 0.5304276315789475 0.293311403508772 0.4769736842105264 0.3673245614035088 0.4824561403508772 0.3636695906432749 0.5386513157894737
1 0.36275584795321636 0.5359100877192983 0.3645833333333333 0.4824561403508773 0.4358552631578948 0.4893092105263159 0.43494152046783624 0.5441337719298246
1 0.22021198830409358 0.47149122807017546 0.22843567251461994 0.4166666666666668 0.2997076023391813 0.4194078947368421 0.29057017543859653 0.48245614035087725
1 0.29148391812865504 0.47834429824561403 0.2987938596491228 0.4207785087719299 0.3709795321637428 0.4276315789473685 0.3654970760233918 0.48656798245614036
1 0.3645833333333334 0.4824561403508772 0.37097953216374274 0.42626096491228077 0.43768274853801176 0.4344846491228071 0.43494152046783624 0.48930921052631576
1 0.22843567251461994 0.4125548245614036 0.23665935672514624 0.35773026315789475 0.30427631578947373 0.3632127192982456 0.2997076023391813 0.4221491228070176
1 0.2987938596491228 0.42077850877192985 0.3033625730994152 0.36321271929824567 0.3746345029239766 0.37006578947368424 0.36915204678362573 0.4276315789473685
1 0.37006578947368424 0.42489035087719307 0.37554824561403516 0.37143640350877194 0.43951023391812866 0.3796600877192983 0.43768274853801176 0.4344846491228071
1 0.23665935672514624 0.3549890350877193 0.24214181286549707 0.30290570175438597 0.3097587719298246 0.30838815789473684 0.30610380116959063 0.36321271929824567
1 0.30610380116959063 0.3632127192982456 0.31250000000000006 0.30975877192982465 0.379203216374269 0.3179824561403509 0.3746345029239766 0.371436403508772
1 0.3746345029239766 0.3673245614035088 0.379203216374269 0.31798245614035087 0.44407894736842113 0.3248355263157895 0.4395102339181287 0.3796600877192983
1 0.24396929824561403 0.3042763157894737 0.2503654970760234 0.2521929824561404 0.314327485380117 0.25904605263157904 0.31158625730994155 0.30838815789473684
1 0.3115862573099415 0.3056469298245615 0.31432748538011696 0.259046052631579 0.38103070175438597 0.26589912280701755 0.3773757309941521 0.3207236842105263
1 0.379203216374269 0.3138706140350877 0.38194444444444453 0.26589912280701755 0.44590643274853803 0.27549342105263164 0.4413377192982457 0.32757675438596495