0 0.02284356725146199 0.6907894736842106 0.15442251461988307 0.6880482456140351 0.17269736842105263 0.8580043859649122 0.0447733918128655 0.8607456140350879
0 0.15533625730994152 0.6907894736842105 0.2887426900584795 0.683936403508772 0.2997076023391813 0.8538925438596491 0.17269736842105268 0.8607456140350879
0 0.2905701754385965 0.6798245614035088 0.4194078947368421 0.6757127192982456 0.42397660818713456 0.8429276315789475 0.29970760233918126 0.8497807017543861
0 0.05025584795321637 0.8607456140350878 0.17543859649122812 0.855263157894737 0.1909722222222222 0.9978070175438598 0.07035818713450293 0.9991776315789473
0 0.1763523391812866 0.8607456140350878 0.30153508771929827 0.8538925438596493 0.31158625730994155 1 0.19097222222222227 1
0 0.30153508771929827 0.8484100877192983 0.4258040935672515 0.8415570175438598 0.4303728070175439 0.9895833333333335 0.3115862573099416 0.996436403508772
0 0.5528143274853802 0.6428179824561405 0.674342105263158 0.6373355263157895 0.670687134502924 0.7990679824561405 0.5546418128654972 0.8045504385964913
0 0.6743421052631579 0.6359649122807017 0.7958698830409356 0.6304824561403509 0.7821637426900585 0.7894736842105264 0.6697733918128655 0.7976973684210527
0 0.8022660818713452 0.6345942982456141 0.9201388888888888 0.6263706140350878 0.9027777777777778 0.7881030701754386 0.788559941520468 0.7949561403508771
0 0.5610380116959064 0.8360745614035088 0.6816520467836257 0.8278508771929824 0.6752558479532165 0.9786184210526315 0.560124269005848 0.9882127192982457
0 0.6816520467836257 0.8278508771929824 0.8004385964912281 0.8196271929824562 0.7894736842105263 0.9676535087719298 0.6743421052631579 0.9786184210526315
0 0.8004385964912281 0.8168859649122808 0.9173976608187137 0.805921052631579 0.8982090643274856 0.9566885964912282 0.7894736842105263 0.9676535087719298
2 0.25858918128654973 0.25082236842105265 0.3051900584795322 0.2480811403508772 0.31067251461988304 0.33305921052631576 0.26224415204678364 0.3358004385964913
2 0.3051900584795322 0.25082236842105265 0.37280701754385975 0.25219298245614036 0.3755482456140351 0.3330592105263159 0.3079312865497076 0.3330592105263159
2 0.37372076023391815 0.25219298245614036 0.4376827485380117 0.2508223684210527 0.4413377192982457 0.32894736842105265 0.37737573099415206 0.32894736842105265
2 0.2631578947368421 0.3344298245614035 0.3097587719298246 0.3330592105263159 0.31158625730994155 0.3686951754385965 0.26498538011695905 0.3686951754385965
2 0.30975877192982465 0.3330592105263159 0.37646198830409355 0.33305921052631576 0.37737573099415206 0.3700657894736843 0.31249999999999994 0.3700657894736843
2 0.37646198830409355 0.33031798245614036 0.43951023391812866 0.3289473684210527 0.44042397660818716 0.3659539473684211 0.37737573099415206 0.3700657894736843